112952
179125
554364
482691
733345
155320
487205
540724
327098
300380
855101
400519
365343
411175
293439
905429
552037
22910
686551
753870
262919
892320
602641
16611
870801
71260
949292
448020
106318
397142
741815
963832
229084
851833
335733
538834
74899
794348
621361
233731
653007
614876
461510
415541
240283
163982
409345
317800
202980
157942
733834
169714
195508
918934
720178
832134
427105
322506
729880
216864
107261
229852
60408
912290
643053
565046
879419
273030
745377
707419
669990
999528
522384
862045
424654
582846
692168
723727
734217
568141
122262
842949
295148
863284
232365
243151
531521
56679
350843
743349
164456
493376
142227
832970
392685
822154
736007
495544
31921
195149
918934
194972
870972
421222
382110
561565
845576
385778
43622
439466
519828
969030
41326
218992
54030
460270
683056
215359
448878
169443
932484
483775
248833
210536
20329
889437
479228
937624
235961
901486
784741
123291
452819
850162
988454
644886
450854
601575
584748
866673
218051
802308
761538
999907
204980
341463
850590
760027
415282
28785
965571
301663
965319
99648
848772
192789
340262
48672
409776
683020
465117
56943
398960
154633
206378
453200
242985
858300
384805
102273
467101
715088
613195
522334
276629
291941
779093
778108
547155
123419
405209
724840
769876
969060
540989
510897
744299
80471
163894
842825
313057
844165
711373
592701
660262
474932
117532
50289
453000
489150
871558
84354
709948
70069
849377
783432
683020
639390
737130
278816
116798
446605
908904
797861
393342
547715
411035
235959
112635
246410
321032
434011
204916
701811
960207
186491
904177
65928
131938
483775
19498
252731
523570
552548
449777
792846
570863
644679
220435
402813
842982
323124
615205
664646
908315
713087
87919
132636
720505
392874
30060
813153
322406
788047
341544
310244
985310
599560
91982
8781
320722
560145
601823
700073
260280
98214
242985
713149
730194
961687
870689
510897
560842
666279
590058
320722
191958
734562
943058
190766
682843
310498
531471
582615
856847
327005
730374
199293
705986
474322
628832
191923
929023
397142
841742
310295
617184
477048
680956
204316
368721
241354
915012
236726
579900
224505
66904
725145
920998
749781
211862
431587
923464
298572
696158
686586
328781
295148
931067
516004
107770
121303
682843
933075
414030
184838
592111
771819
533382
613842
483869
448967
142260
723249
5522
243038
162805
752109
22069
170324
823009
547155
407930
803840
330370
204656
530984
199783
857755
525353
85323
154174
217001
90940
12147
974066
718143
559528
847033
480982
649244
542954
151853
918934
373253
874909
299885
682843
211862
626322
842396
260366
865407
182497
555921
916793
856568
242127
458526
985662
130003
452264
520693
142221
285794
131630
708947
612090
83721
797971
622932
64370
188195
306323
842240
137071
884653
484899
462901
129020
426166
929367
342900
19498
693766
838892
805409
397986
216685
280359
978991
368149
251727
104066
150574
650499
303840
524506
53374
860041
720805
284972
367827
357960
443634
960007
112931
955350
562916
197364
666856
261615
788116
70495
462543
119381
933632
252948
828816
437962
272049
139145
316333
39199
215233
363622
701574
487393
131938
681187
781823
217001
769135
304135
664379
659559
402779
470204
752991
653190
808050
60861
950267
396320
232365
640185
75290
654002
875221
954141
232365
515834
694885
940153
348903
347156
663312
416686
479132
231731
971024
896346
15369
361331
516200
263507
24160
318928
129020
142454
189480
251735
172283
766731
164283
483977
61931
253307
153830
861076
769267
721040
199940
759671
162959
915993
918218
160342
78764
570115
41030
248833
359606
707770
755150
359276
577674
519371
498989
199710
968898
899322
293584
95715
126506
703984
538398
145236
418121
7137
989150
908760
150429
878067
92396
250953
19718
516519
497282
543457
305406
796938
534013
914214
383405
789856
524495
959170
252948
906806
377487
293584
965319
15441
138589
374693
947645
735150
681187
554364
808672
575029
104879
74884
662140
324791
882551
945797
130964
69212
551073
754910
412717
716881
735126
305852
737876
359606
546477
879158
438258
287916
905779
708093
857644
479132
608877
250991
226651
589899
37515
322364
452781
602815
694562
266562
517030
848555
551729
419371
473259
519003
997666
623620
813055
88077
820934
729880
775876
630678
789856
421377
916793
965627
494809
572911
707733
842825
838760
496308
719852
116017
569918
707288
726016
987871
264533
305665
560145
871558
665410
305852
342692
157410
769191
669990
626573
204316
103736
448461
288703
962537
687123
475415
793297
730374
373176
681081
684826
560616
672838
466135
191030
337039
614678
664130
565850
668770
565396
256803
784753
929627
415672
850743
476330
569177
605085
898799
711481
794348
842473
722213
34541
40253
654708
356969
42632
68551
66192
136451
803080
74887
841983
519003
776899
348128
197858
288569
296014
364532
133655
279060
320722
148626
974066
479591
882770
832948
249916
334630
988566
680605
8221
224229
94699
914464
421117
112249
381195
954101
699443
496477
358694
66557
703764
625108
120332
39203
184785
707037
271080
389326
644927
839821
556648
10720
950821
433206
548097
105708
95475
705680
716279
828691
108221
281375
257235
936988
853439
264501
269853
495106
672579
737876
66672
428204
925536
522977
942246
608027
232008
484899
938723
316840
67702
561428
594380
323209
267646
474846
910717
841742
254812
194092
286072
295148
540989
205918
713293
567941
831291
82692
306425
133961
438334
745068
99109
314777
339626
591157
371492
906806
407043
916214
204485
186253
725138
179950
349236
509293
882551
517615
559439
297025
861601
594380
622446
838278
569650
642578
994941
341650
662525
141146
56103
493494
397316
214008
115959
113387
769919
915270
860041
325909
891233
828816
136367
895571
860400
476302
60823
783009
31921
899322
577608
186158
517832
119685
361331
359371
489858
687959
648707
728521
875279
355350
412717
621063
574955
604299
43010
933482
543812
929367
244920
54185
825248
775660
901788
728521
124834
61931
53596
462526
654727
575045
187965
793625
479498
665281
170379
634283
506236
766112
588490
739576
856589
489150
877203
562815
186575
357150
678924
758853
631926
723569
409776
18657
750026
371492
629370
19513
639607
602231
294844
249916
837505
46673
569992
295148
102619
525341
90487
625108
723249
746825
112683
308579
746493
184838
546477
422981
474730
628254
105619
260366
102504
486420
538834
376635
183718
789276
564456
882551
397645
853439
206622
61931
620878
884392
958813
161750
739576
121052
762084
256941
145130
47649
165319
496477
771594
561460
706544
923059
505673
67776
327018
343966
58952
477011
184124
836047
402529
808843
586944
654727
578725
45180
261283
679392
73635
905245
792966
195251
405328
487831
455901
61931
269710
323305
789265
935957
285481
946671
74465
567229
211943
189417
695664
832948
971366
298265
741835
547016
47236
810189
779411
445829
83269
421421
385711
925144
693726
4879
931853
728086
448878
579900
84368
992639
273990
184081
644250
207165
660257
350404
473404
946967
600910
976288
