20422
935853
878474
431495
733345
155320
487205
319713
327098
300380
163899
400519
643312
665219
293439
905429
770513
386842
851846
753870
262919
892320
139097
16611
870801
71260
949292
448020
106318
261631
930822
963832
229084
851833
335733
538834
233095
794348
621361
92008
653007
653539
461510
293713
240283
163982
409345
317800
202980
700432
164526
210436
195508
653190
145013
832134
427105
322506
729880
216864
107261
801795
60408
699292
258405
565046
879419
273030
745377
837085
384729
999528
253973
791950
424654
891870
419156
723727
957444
698110
122262
842949
685383
863284
449774
529173
856801
56679
350843
743349
164526
493376
704972
194512
969030
822154
877058
495544
31921
195149
119685
194972
832283
421222
895520
561565
366593
385778
827120
439466
519828
969030
41326
218992
54030
460270
683056
215359
806525
169443
633313
390533
248833
210536
472908
889437
921445
937624
235961
743173
784741
123291
452819
850162
988454
91419
450854
509923
584748
680264
218051
71041
761538
999907
204980
341463
634256
760027
415282
28785
10447
301663
903546
99648
848772
192789
340262
48672
409776
243559
465117
275107
398960
154633
695672
453200
242985
858300
384805
102273
107745
715088
841517
522334
276629
712628
779093
778108
547155
123419
569026
243214
701733
969060
626192
13348
579555
80471
163894
842825
313057
844165
711373
863064
718082
414005
696637
955367
453000
648362
871558
84354
709948
715953
785717
783432
263637
420333
261631
278816
165469
446605
908904
747988
767502
236514
317968
235959
112635
246410
321032
434011
204916
655040
93498
818860
904177
303602
131938
483775
19498
252731
523570
552548
449777
932651
570863
519280
220435
931242
289030
323124
615205
664646
908315
713087
350908
132636
720505
113374
30060
813153
322406
743173
646564
310244
912616
599560
381180
8781
320722
560145
601823
232777
465279
98214
242985
713149
730194
133730
454870
13348
681081
474271
401732
320722
191958
87850
787488
190766
682843
310498
531471
582615
856847
327005
730374
199293
85552
476214
628832
191923
984611
261631
841742
569985
617184
477048
680956
794593
688487
241354
915012
236726
579900
4728
66904
725145
747412
749781
211862
431587
923464
298572
189590
686586
328781
295148
615238
516004
161811
518302
682843
47765
414030
461226
592111
771819
707697
526815
483869
448967
142260
334379
5522
243038
162805
896062
144521
170324
823009
547155
407930
803840
330370
204656
530984
199783
240480
525353
85323
154174
2399
116598
12147
179339
718143
559528
226502
480982
215790
875479
393036
653190
373253
874909
299885
682843
211862
626322
842396
260366
865407
182497
555921
916793
856568
242127
458526
985662
72636
452264
429481
34585
285794
296416
708947
11460
83721
797971
622932
64370
188195
306323
842240
137071
884653
703309
462901
129020
426166
929367
404093
19498
693766
838892
805409
397986
216685
280359
978991
368149
251727
291458
150574
553665
465470
644163
244644
129774
618326
284972
367827
357960
443634
437908
112931
955350
562916
367117
666856
261615
788116
126094
670379
348750
933632
75788
828816
437962
272049
675168
316333
39199
732154
363622
803677
487393
131938
825483
622733
2399
254679
425330
940756
659559
402779
199797
838398
653190
808050
60861
88200
396320
232365
273799
75290
51721
574113
954141
14172
515834
694885
940153
348903
35807
663312
858772
482963
231731
971024
896346
15369
361331
516200
263507
518473
80431
129020
142454
189480
279346
172283
766731
754266
483977
61931
253307
153830
861076
603662
721040
199940
240189
227982
915993
918218
160342
78764
570115
92064
248833
359606
707770
755150
296192
915057
960045
487645
199710
968898
899322
293584
95715
126506
703984
538398
145236
146864
358911
199431
908760
27539
878067
92396
250953
19718
516519
497282
543457
305406
489080
534013
914214
383405
789856
524495
964740
75788
537650
22116
293584
903546
722967
287404
8631
947645
735150
35837
983832
808672
575029
728833
74884
421807
324791
882551
991167
130964
69212
551073
996971
412717
954295
735126
305852
737876
359606
389349
164380
438258
287916
693321
708093
426986
482963
608877
250991
226651
909006
256240
322364
391069
602815
694562
512108
517030
848555
131821
419371
473259
371288
11264
623620
813055
88077
465279
729880
871558
630678
789856
421377
916793
645925
562241
572911
707733
842825
597493
496308
107109
116017
569918
707288
726016
987871
264533
85465
560145
871558
34560
476927
295268
634795
769191
384729
626573
794593
103736
61612
288703
962537
687123
475415
793297
730374
373176
681081
684826
906911
672838
914172
191030
337039
190233
326549
565850
668770
446903
256803
784753
929627
415672
850743
476330
569177
276574
898799
453578
389608
424852
722213
34541
844893
654708
199986
42632
68551
925673
390114
803080
701867
841983
371288
776899
495769
972265
288569
296014
364532
133655
279060
320722
148626
179339
479591
882770
832948
249916
334630
377850
85048
992160
224229
94699
914464
421117
112249
457506
609535
699443
496477
358694
66557
586370
871353
934365
845665
184785
707037
471569
389326
644927
839821
556648
226669
950821
839701
548097
740376
95475
799961
876548
936863
108221
991728
410219
593096
853439
264501
262898
37517
672579
737876
431336
428204
895571
522977
637371
608027
232008
703309
938723
316840
67702
777443
774554
323209
953134
474846
910717
841742
254812
194092
210436
295148
626192
205918
644235
567941
831291
82692
306425
133961
438334
784990
99109
314777
339626
761765
371492
154124
407043
900657
204485
233816
725138
179950
175921
509293
882551
517615
210436
297025
920905
594380
622446
341848
569650
642578
994941
341650
662525
141146
56103
493494
222486
214008
945670
113387
498591
915270
129774
325909
130121
828816
136367
895571
860400
476302
707199
783009
31921
899322
577608
186158
517832
119685
361331
727388
489858
175304
648707
728521
875279
355350
412717
621063
574955
806291
43010
269865
543812
929367
244920
54185
54368
775660
901788
647114
688961
61931
53596
286876
654727
616816
808263
793625
479498
665281
170379
634283
613594
8131
504141
64370
332819
648362
877203
562815
186575
179706
678924
758853
385734
723569
409776
18657
750026
371492
629370
971573
677998
391583
46366
249916
27597
46673
569992
295148
102619
789707
466802
871353
32954
746825
112683
308579
746493
461226
68823
534567
474730
628254
105619
260366
19455
486420
538834
376635
183718
294372
587388
882551
934280
998981
206622
61931
620878
884392
958813
453462
590950
121052
379749
256941
277727
585498
165319
496477
771594
818448
706544
367429
205740
67776
657100
343966
58952
88200
184124
316599
526815
808843
586944
654727
578725
45180
261283
679392
73635
179399
792966
195251
430167
487831
15320
61931
269710
887857
960625
935957
285481
946671
74465
567229
211943
189417
695664
832948
971366
298265
741835
547016
47236
810189
779411
392379
422267
421421
385711
925144
273627
4879
490764
728086
448878
579900
84368
613639
273990
184081
644250
207165
660257
658685
758465
946967
207784
555500
