920993
866699
880610
472547
733345
881858
561278
549508
475610
825156
416754
240786
250420
114793
117292
974273
784426
655501
701042
825898
201909
461848
829380
823942
54386
64159
38455
714100
287926
466048
897856
917225
19855
489412
741952
549754
616011
977962
911318
414756
847486
476788
118883
503363
920335
623212
409345
283714
396086
792823
307759
271390
274601
995691
171554
774983
119519
918725
604644
867744
388305
144065
37600
755529
643236
808714
58116
107901
311912
81374
44899
378133
730622
910021
211557
264925
283140
969853
483951
286231
292698
566638
359371
859162
111884
850731
436472
832759
822921
651439
307759
847469
660017
25806
631483
998170
60603
147837
410760
971851
995691
179587
90783
63929
728641
826258
980201
747362
853523
590799
574082
511408
995081
66088
407662
983335
86330
150220
609332
368378
946958
458070
101623
454473
634882
691918
222636
482961
578792
639407
598225
394752
676885
132442
50800
864344
648343
588822
563351
554699
704817
151348
95210
162657
614104
221464
934990
764918
123112
955732
563584
516875
961835
235600
570095
142757
581802
706715
159373
309087
187490
573969
356756
653156
218020
432544
178127
50314
863721
875876
929054
415303
537297
128384
251743
810773
756279
126272
779414
557001
497374
352075
628409
435622
419120
423312
639478
90835
383973
971366
540934
591947
700295
673148
816563
19174
297879
524119
994397
578645
483881
954521
390442
866111
658638
187789
309087
824901
466048
567422
506730
32080
34814
478527
367412
845302
265470
589109
526238
121276
229500
689670
420554
389032
744603
657055
253384
698216
759538
495998
20017
50527
720286
516095
894950
656290
992103
192112
110239
92823
938864
9612
780831
382225
987662
321846
294491
528405
728844
2227
122074
788082
276775
363152
483951
830557
268845
316375
795271
623028
48551
56181
368905
263742
243056
642585
178127
434733
70118
299097
89588
423312
57467
993899
910839
35850
919589
845577
416176
94956
310475
64556
3822
2334
46864
713317
967693
517340
256900
679365
300315
935876
149
486403
967390
836868
403550
286615
380155
187778
319327
533290
165537
127939
526368
144856
771322
646643
623017
550070
860052
511960
610824
808137
801414
196031
454254
75606
391550
362603
967094
422593
545746
184964
905687
860431
55461
409651
688153
198525
866699
306683
177077
338501
476673
141957
613606
155661
91835
868588
676185
416884
670484
577508
105366
251456
727887
686950
86632
828196
864688
710893
674659
562206
420124
717731
280982
917613
691110
235461
536616
499533
265631
662270
450409
85072
357930
545746
860052
395351
52959
928927
784320
592557
824383
822126
511837
52330
157365
927271
391001
664011
481399
287065
836141
996004
689364
513710
642585
287876
213691
447831
253631
523459
563436
835500
525122
775822
135186
359648
815426
826895
557466
804435
894993
114386
723302
317318
909418
832219
838836
832516
890238
455479
854543
8325
408596
602222
727097
636690
817306
452597
483799
660868
934842
820896
905216
19768
253071
465156
424477
657666
403695
484165
113831
579221
616113
729283
946488
961535
754669
406433
916154
292552
598013
350047
996004
700237
759538
721900
49691
674659
286147
645277
757575
463529
359049
247575
874641
169666
31865
249221
333954
54759
393534
497206
595212
278702
778051
696180
111884
683226
805259
946313
862767
484360
75891
65002
576941
522913
657370
653503
927658
629356
310363
311546
257735
8737
495365
593812
499821
519250
549757
479945
883429
594718
771966
681059
219377
575614
259254
650568
239789
459677
592557
578254
934483
5746
859848
614189
121561
101623
633197
736525
463050
807144
414685
993272
514007
2852
685479
651439
977157
221695
672336
503904
461359
731214
299966
332496
69158
56693
274996
198483
404700
229687
588785
738112
205108
627732
479743
260732
876571
440442
461448
385594
30907
884397
335115
266210
14620
339753
610477
281096
907026
22377
195234
236378
992623
880610
758972
726922
171201
426534
952186
319778
644643
505466
752993
477991
522221
44282
150431
372930
153998
925435
787561
519900
443750
855812
262530
732288
274444
845302
157384
339378
433504
479038
300870
730330
936163
732424
715429
134028
791168
566970
865177
422545
342492
15761
201412
506219
151002
943647
728844
458533
243056
705577
483881
617828
385594
435069
90996
580710
497911
486705
192090
971366
595739
878510
621375
847079
759504
460947
429369
424113
357237
867491
331694
483881
62527
863053
733630
781654
86300
44899
491762
406121
928312
309045
670290
938305
23855
952974
956651
967693
651439
856098
813302
541486
19385
857744
557354
281186
351917
727539
430530
96542
804033
982886
227389
37185
326090
121202
622081
824807
814631
184508
811282
977962
432189
729963
547840
25113
817955
736474
318088
788237
953913
806458
938376
444772
433371
506219
617816
242681
642514
382211
794627
290662
500918
765075
751457
168483
717731
139911
626332
666720
559363
828626
769985
859563
204147
640134
330936
679864
565567
829214
681059
936777
288100
880871
296689
401592
863824
52947
492084
549928
299201
101298
168116
407788
263742
87605
275283
247739
662556
327311
580182
760841
861337
253071
641674
616407
135802
394369
564444
211921
52167
128688
158311
440681
17767
787561
728557
660346
815400
126272
941015
828187
401348
946329
746519
886754
395033
494031
75668
302598
10745
758132
946098
967390
367412
67311
131451
359371
419120
849816
767927
175028
208414
881776
57734
34736
988841
644643
690266
753863
281839
610431
804709
592237
810573
711256
656343
806800
547929
31931
69283
661358
644643
448723
414756
254088
350641
75668
701233
382251
589648
610772
852763
628897
357048
679864
713034
554948
248832
547055
341311
765392
467104
800322
636690
390442
306633
946488
239085
350279
850821
690110
743900
188906
410760
650435
901169
227981
639591
169666
344186
488279
925952
108605
68123
138538
748939
660698
498205
25237
572462
714372
837206
445558
441236
826895
372339
798656
987549
230853
846485
720286
935101
993874
53596
941755
206656
895412
448929
70556
16182
882571
879225
113186
974364
704792
218787
950721
112327
578645
929758
931925
141052
636690
363830
532469
648274
260869
167756
788182
95212
804709
492878
745806
907226
558399
197357
35434
824383
719668
902277
683484
716022
240174
650289
52947
240150
274846
232594
795271
55234
860431
673974
331176
57280
978713
978109
928927
613242
636523
549754
445928
538126
864715
55113
459886
746686
105016
178133
919244
85702
827692
252052
334854
976653
483070
260743
561710
37782
750722
482364
880871
285986
917519
288100
151215
182065
454587
57583
318379
475306
333954
791969
420189
400521
735482
270219
15796
708384
304979
768305
21619
195506
875760
973765
744314
156001
166666
657667
993874
987034
249185
274107
72188
142757
363079
122823
481133
635462
492003
25167
35713
622891
266415
34578
416912
331038
363065
60994
115596
182500
273588
103066
743021
657370
85579
490764
334257
416551
769450
943644
222526
486705
798375
597300
826895
885497
749785
399156
692166
425263
997949
