215851
56646
942222
774525
224186
909632
235259
614059
517769
439840
51343
540779
242886
917000
112002
192310
556973
276141
711747
721282
892340
154072
420577
575717
957719
737632
288686
31226
61596
952453
465633
826972
228128
822232
399323
662965
308534
861224
390431
700789
524812
971414
207146
140975
33959
364313
711616
464532
212409
185254
457177
822220
408212
384410
354357
486689
822519
234613
790251
477578
361380
866882
729805
611300
564854
711062
241890
315554
642860
556972
430749
149791
428864
336997
355637
579483
351860
978513
216062
318462
29939
822372
385754
572150
385225
934584
265394
297540
604470
840450
312861
944421
384011
76301
280056
445592
465710
669925
639427
85249
701469
78011
68887
746556
977984
902382
136697
987951
55557
522804
995662
195655
769810
543559
840173
302836
389858
776769
774142
263483
311202
794789
480785
626281
323266
44643
501986
794578
708386
55020
606045
973194
313907
840426
763879
361110
543699
392485
608022
292342
684912
930922
692314
723510
652721
576869
519471
88188
708605
285762
641888
513719
319682
272925
216230
65639
877425
625825
874859
67146
982881
569984
223116
520664
657733
788436
419881
474029
513610
660190
785088
105730
784439
489872
781940
455639
849709
155231
981182
905144
737481
535374
994620
6079
480909
107177
441661
191319
931689
350339
207146
990510
685183
100523
309829
386286
89295
219124
98537
775937
779421
43541
520792
293704
956914
984734
445982
167573
377125
65190
767858
370077
761951
878368
343046
159529
422572
822220
58943
697632
323719
911221
120003
777176
841648
288686
457177
254256
758437
390999
855474
474400
145535
637477
472769
11431
535217
212936
584554
228219
603640
740782
823230
42042
328512
96082
428461
103959
863259
243631
580599
856771
614191
385371
746173
73456
798411
389633
181030
309391
758655
113342
442558
163327
676693
330773
705317
515995
374925
178762
346937
999430
443513
144838
950033
687521
522351
198101
103077
656639
773875
445547
527819
485816
990787
448250
153352
245180
663301
89032
861951
441061
554728
406334
688598
811461
218849
301752
81636
431679
142150
524542
615952
607746
161007
95194
615491
863259
972809
490481
902225
760731
801225
812118
549425
556709
639598
381122
338762
28948
817152
333815
997975
649760
939494
472378
530442
382675
573885
839718
762243
557186
810254
134659
101668
212088
467494
145256
664622
888302
263569
484404
586540
458174
118916
218920
326564
751611
268647
208562
804587
790479
689637
533010
531224
101416
168347
80892
576661
258416
266290
576744
537182
378835
262731
618774
576498
645616
802622
794927
395552
976018
901542
662136
540713
64203
395668
762243
194021
393236
260418
124398
198391
203927
490858
808273
508544
241813
534809
293704
740631
972889
397313
408155
776977
877572
630934
356646
925043
477794
131189
635619
888687
730241
995414
710612
793439
487952
614834
552001
286714
388858
818093
285675
456668
642611
748686
926382
787004
127453
595380
210444
119898
438711
203927
944763
313385
506445
456636
186988
133917
554728
698331
799509
948944
96000
985322
729222
984740
241887
629729
490045
183655
980798
923573
857582
594003
108914
21009
691338
715285
14549
795237
525526
115744
981619
758016
121048
350735
227930
8445
644332
868688
622275
754756
161132
746963
524635
326537
795566
855295
175140
565664
846682
335448
601429
198029
340104
96301
128608
502729
516314
949298
851571
577569
952941
708034
679729
45137
505204
602681
720069
191591
619623
679658
824134
212023
194801
663625
749948
461042
761727
113144
327545
315133
960461
434591
399616
964079
532255
845004
755269
777873
965307
956659
503058
694173
197556
683205
579008
491426
590510
213896
350293
543614
209557
456693
148907
603667
864763
759506
65681
575242
81875
189755
60194
291123
733981
21794
435289
404797
98507
611195
639060
824399
864623
61138
391139
910037
90329
2203
303848
982261
729199
304112
874593
51958
382068
677757
461042
817529
811461
845226
478414
941044
946400
894625
118662
919203
848803
72846
688720
733279
351003
146060
13950
732817
937476
785088
68380
699197
993752
487665
571963
204976
785408
637739
700345
144838
378053
668084
181292
681751
447158
130696
962100
788273
533950
503132
216824
918610
695080
99967
266058
462814
528781
377372
745193
366789
689280
129734
706357
647431
34315
137554
418193
672817
312034
441380
443274
381031
471440
274926
561984
11462
747460
773513
741651
36399
463080
34674
191354
780402
307544
100398
790482
989543
227421
637491
842760
54495
274738
261820
158100
84291
68947
754902
806356
141665
725785
256137
687325
158783
29690
434624
169119
684836
364847
650313
843334
62929
889092
932620
744780
899644
385986
134940
399323
865121
95639
66810
18677
706354
975880
641780
907678
186674
355904
910037
256335
496313
40988
451604
423641
640879
237681
896510
201142
951251
700579
159341
655363
88425
454098
112121
747914
675305
690837
911219
510891
847924
888176
939088
621997
653791
588474
96547
640227
746241
559221
486420
155728
608638
865068
348186
634330
731331
910037
53486
305901
322132
51642
647083
85069
290588
920710
709164
198659
292636
599353
663301
707338
385147
559923
159346
798551
722564
201143
38403
433648
296302
28155
732662
9679
885785
708688
631653
158527
469152
118118
686217
29555
785699
869489
855883
506644
714783
820204
677748
996136
708374
486403
956659
56563
324186
824171
339481
884886
833574
991981
18677
630771
497860
804520
102108
736199
369711
944347
629770
599568
269332
565160
467963
514985
939380
721389
141924
52599
415213
809545
271840
723664
643245
254756
419934
100097
276201
823729
211885
118076
243574
987077
532132
435823
50528
652721
503788
447172
546875
962682
411894
689791
579524
995997
374133
652087
889012
627657
682951
644471
519294
200805
876636
926139
341208
645485
799361
509253
139084
944922
6964
578665
237304
198426
506463
854610
757630
138788
758480
335986
809249
692049
135472
822008
779697
744699
626839
974128
171344
526650
492649
862435
562025
748280
146071
976531
701295
480255
835116
655345
54998
191092
279822
255930
580909
666030
581037
706567
260039
181210
944089
867916
826996
159965
288234
822008
401010
543149
963971
681751
513876
356321
871059
744341
278574
452564
4820
912385
172783
344630
831909
502060
298012
70780
566541
814920
903424
738554
104692
804520
257593
246470
4738
389858
514037
596426
342118
207137
606477
55077
168733
923455
580909
55077
342396
301303
800097
975382
448079
272339
383441
53949
278868
808351
534027
161209
839607
674767
194228
785581
131691
362147
585807
858355
112470
309833
918610
561984
923574
68887
554146
208917
14957
766708
347191
754252
687325
559685
429743
881475
432519
783623
205390
187338
943321
704770
638402
370998
469356
11420
819199
555738
406334
113323
18113
302471
146208
573484
328645
501131
872598
172378
873216
880298
193458
571520
502896
532819
887425
564169
871620
473008
718241
943418
292430
674802
513709
453576
162279
607536
582090
481481
450379
575006
707166
327171
208917
860147
477794
652118
