215851
56646
942222
567106
224186
191809
245765
614059
356442
439840
51343
540779
242886
415906
947990
192310
556973
276141
116939
721282
892340
154072
420577
575717
957719
737632
288686
31226
61596
5957
45830
826972
228128
822232
399323
662965
176745
370195
246790
700789
524812
596684
207146
596376
33959
76092
969644
256320
212409
185254
506172
666028
155268
384410
871071
748396
494322
234613
790251
477578
496492
453901
281685
416793
170303
711062
241890
315554
800779
77817
894649
149791
428864
336997
996718
579483
152564
268188
216062
36536
29939
822372
451553
572150
385225
413380
265394
906936
208223
840450
312861
126945
384011
320332
280056
596023
264820
669925
639427
85249
630162
170733
68887
397503
977984
406764
136697
987951
202665
522804
453595
534687
101148
663811
840173
302836
389858
814307
774142
263483
12212
652969
692280
835899
777276
44643
952471
517595
708386
55020
169866
627336
313907
840426
763879
361110
234663
392485
608022
292342
834219
930922
432214
618750
652721
412257
697476
88188
708605
285762
279825
199306
319682
272925
636629
295730
877425
980939
92895
726086
982881
835935
376203
286995
657733
788436
419881
474029
513610
145596
785088
485764
784439
489872
781940
455639
96691
665831
855290
549626
737481
947646
994620
6079
480909
248085
441661
191319
931689
523003
207146
990510
406310
310683
337099
475089
89295
219124
98537
366171
136023
43541
520792
293704
956914
659120
445982
167573
359813
787649
767858
370077
869694
971219
277786
159529
422572
666028
58943
697632
423902
911221
120003
777176
841648
288686
506172
194534
758437
390999
855474
474400
145535
637477
472769
162612
535217
977993
584554
228219
9743
740782
823230
136926
328512
96082
882842
85490
863259
243631
580599
90009
213843
214258
227308
73456
798411
389633
181030
309391
758655
113342
442558
163327
676693
330773
705317
616342
374925
634196
346937
827325
672861
350068
950033
495673
522351
262203
103077
656639
869615
445547
527819
485816
60880
448250
153352
245180
864077
89032
861951
441061
554728
716699
688598
811461
367008
301752
81636
431679
142150
393537
677257
607746
161007
479972
91838
863259
972809
490481
902225
699342
801225
812118
549425
817532
639598
381122
338762
28948
869990
18677
997975
529771
939494
472378
322509
105362
573885
839718
762243
557186
810254
639901
101668
212088
467494
481089
633424
859734
445453
484404
241250
458174
118916
113878
874421
556914
985878
208562
804587
393983
689637
533010
531224
101416
168347
678899
895498
258416
266290
576744
531957
378835
262731
618774
500883
149689
445477
794927
395552
976018
901542
863282
540713
64203
395668
762243
908263
393236
260418
124398
386626
203927
490858
58390
508544
241813
718457
293704
740631
972889
397313
408155
776977
76631
866797
356646
925043
477794
131189
635619
888687
933768
995414
710612
793439
487952
784006
552001
722197
301485
818093
285675
456668
432204
748686
948838
787004
566400
389122
210444
202538
438711
203927
944763
745617
506445
990210
920538
182823
554728
847593
799509
948944
96000
985322
729222
597189
241887
629729
490045
183655
980798
923573
748686
594003
108914
21009
691338
715285
794609
115191
196937
115744
120982
969151
121048
350735
514520
8445
913346
958491
622275
754756
799730
746963
524635
326537
795566
549649
175140
565664
922430
335448
601429
198029
340104
96301
128608
502729
863463
949298
107171
987559
322095
590840
679729
45137
505204
602681
720069
249582
212364
679658
824134
436222
194801
663625
928996
871842
761727
113144
784343
833574
960461
502336
399616
521962
532255
738010
290159
777873
965307
12620
799433
140562
197556
683205
579008
491426
590510
213896
350293
543614
209557
388439
148907
603667
267098
718338
703039
411147
892511
906343
633662
291123
733981
21794
429894
646646
98507
36821
639060
836832
34252
991980
786398
910037
87856
2203
234954
818993
729199
934759
174017
397317
382068
677757
203396
817529
811461
775330
478414
279916
946400
258487
607137
960383
848803
169489
854094
563023
851660
146060
674385
732817
937476
785088
68380
428568
933746
487665
571963
204976
489872
354881
700345
144838
378053
668084
284077
681751
447158
130696
962100
788273
533950
503132
216824
33495
695080
142589
401755
186126
86882
377372
745193
366789
645617
129734
706357
647431
961070
137554
418193
672817
312034
59766
343315
640923
471440
274926
279936
871892
747460
290197
775137
554315
181030
34674
206699
973931
307544
100398
724430
989543
227421
637491
842760
54495
274738
261820
158100
676108
518772
754902
806356
141665
725785
256137
687325
416623
29690
434624
169119
30066
369980
650313
843334
62929
591690
110618
744780
608936
630957
134940
399323
865121
95639
66810
18677
706354
975880
584332
614781
157788
355904
910037
256335
496313
760206
312075
423641
640879
577717
896510
201142
95534
700579
159341
655363
883759
454098
112121
107838
675305
690837
911219
510891
123150
888176
738507
621997
653791
588474
96547
194818
746241
991850
486420
550545
608638
865068
432793
816052
667488
910037
410574
305901
301282
51642
647083
85069
105133
16254
709164
407820
932788
599353
864077
303648
385147
544870
159346
676151
722564
716644
38403
433648
296302
321248
489960
808053
885785
708688
255875
158527
783278
197119
455449
677351
785699
869489
855883
506644
714783
820204
677748
996136
708374
322251
12620
560054
324186
824171
235
920227
833574
991981
18677
630771
497860
804520
102108
511403
520937
944347
629770
599568
269332
565160
467963
514985
939380
721389
141924
52599
952659
809545
271840
636164
643245
293295
419934
100097
886910
564537
211885
118076
142491
987077
706222
435823
264167
652721
997330
684188
775625
962682
411894
689791
579524
995997
902612
652087
33436
627657
809957
644471
519294
200805
876636
996285
341208
645485
45314
509253
890301
944922
6964
578665
237304
126771
784375
18980
757630
283964
130469
335986
809249
692049
135472
822008
779697
744699
626839
974128
171344
526650
492649
486393
562025
543296
760304
48759
813959
803260
835116
655345
54998
191092
959410
255930
910434
666030
581037
706567
841996
181210
8898
867916
462990
600130
288234
822008
401010
543149
963971
681751
513876
431814
871059
744341
278574
860226
4820
187715
785827
344630
831909
502060
298012
70780
566541
814920
903424
608995
104692
804520
257593
246470
4738
389858
514037
264832
244505
207137
606477
55077
712553
923455
580909
55077
967918
723871
800097
975382
448079
272339
383441
691888
278868
543162
534027
161209
839607
674767
194228
201142
131691
362147
585807
882958
112470
309833
89050
561984
923574
68887
554146
208917
14957
766708
347191
783205
687325
456334
429743
803081
432519
783623
205390
187338
943321
704770
638402
760896
158349
11420
819199
555738
716699
113323
677625
725535
146208
573484
328645
501131
872598
786711
873216
185243
929295
571520
502896
532819
887425
564169
871620
675601
718241
943418
205499
674802
513709
453576
162279
607536
582090
481481
554017
575006
707166
327171
208917
860147
477794
652118
