151748
328454
942222
774525
752876
909632
235259
792827
517769
439840
974744
455104
242886
917000
112002
192310
556973
276141
711747
791371
892340
154072
420577
575717
957719
737632
692715
31226
588345
952453
465633
658906
228128
822232
399323
662965
354243
406108
390431
700789
52263
971414
207146
140975
33959
887333
513466
464532
122901
185254
457177
822220
408212
384410
354357
486689
822519
234613
790251
477578
692220
866882
729805
850998
564854
711062
241890
315554
642860
556972
430749
149791
824731
336997
434395
579483
373283
978513
49385
318462
840726
822372
385754
572150
385225
934584
265394
297540
604470
142097
39755
944421
384011
523631
280056
445592
465710
172905
94471
161540
701469
78011
68887
746556
977984
902382
136697
987951
55557
522804
995662
715315
769810
543559
840173
792295
66722
776769
774142
263483
311202
794789
480785
626281
323266
44643
501986
548908
708386
55020
475393
973194
313907
840426
763879
361110
543699
392485
608022
292342
684912
930922
168743
833016
844772
576869
519471
88188
708605
285762
104539
513719
319682
500897
216230
65639
827609
625825
874859
67146
982881
367901
223116
520664
657733
788436
419881
474029
513610
660190
785088
105730
595679
167474
100013
690281
849709
155231
97310
491317
737481
535374
279348
584625
304972
107177
441661
191319
931689
350339
207146
990510
685183
100523
867263
122232
89295
219124
98537
775937
357421
43541
83971
293704
290926
984734
445982
167573
377125
65190
740093
370077
433072
878368
343046
159529
422572
822220
256955
697632
388309
911221
120003
777176
841648
288686
457177
254256
658272
390999
855474
474400
145535
243137
472769
11431
535217
212936
584554
228219
603640
383943
823230
42042
328512
96082
428461
254785
863259
243631
611970
856771
614191
744142
746173
73456
798411
389633
181030
309391
758655
113342
131407
939395
676693
601679
935269
515995
374925
178762
436392
999430
443513
144838
950033
687521
522351
198101
921627
656639
773875
445547
527819
485816
568255
343180
153352
245180
663301
89032
861951
441061
306115
406334
688598
932053
608184
301752
81636
431679
538375
781846
615952
675322
161007
95194
615491
863259
972809
490481
902225
760731
801225
812118
549425
185070
639598
381122
338762
28948
218284
333815
997975
696411
939494
472378
743561
382675
573885
839718
762243
557186
810254
134659
101668
212088
216756
145256
664622
888302
263569
484404
586540
458174
118916
90896
326564
751611
268647
208562
804587
790479
924966
533010
275710
101416
168347
80892
581791
762744
266290
576744
537182
378835
173247
861056
576498
645616
802622
794927
395552
976018
901542
791582
653151
64203
458335
231783
194021
393236
260418
124398
198391
203927
490858
808273
508544
519696
534809
293704
740631
972889
397313
408155
925210
877572
696382
356646
885008
477794
131189
635619
440280
8504
995414
710612
793439
472070
614834
552001
324116
213689
818093
634262
456668
642611
748686
926382
302500
127453
256164
937911
119898
438711
203927
944763
833025
506445
269763
186988
695343
306115
698331
799509
948944
96000
985322
729222
984740
241887
501111
490045
183655
980798
6901
946348
594003
108914
21009
691338
715285
895250
419341
525526
507499
859188
147528
121048
350735
227930
8445
644332
868688
622275
754756
161132
746963
524635
326537
209687
855295
175140
565664
846682
335448
635559
198029
340104
96301
9666
725837
516314
949298
96942
870385
952941
708034
679729
766290
94879
602681
720069
251476
619623
475039
848778
212023
194801
663625
999557
759991
761727
113144
327545
980533
994381
434591
399616
159163
315467
73341
755269
777873
965307
461157
503058
694173
236262
683205
579008
491426
735913
862257
757851
543614
209557
456693
148907
785623
864763
201036
65681
575242
81875
189755
60194
545159
733981
21794
435289
404797
632669
151748
639060
824399
864623
61138
417442
910037
484834
356230
303848
581798
127956
304112
874593
861532
382068
834942
759991
664979
932053
845226
478414
122413
946400
104739
118662
919203
848803
944973
893610
733279
351003
146060
13950
732817
937476
785088
68380
699197
993752
339780
955165
204976
167474
637739
110015
144838
866730
668084
181292
681751
447158
130696
962100
788273
51719
503132
488065
985746
695080
99967
266058
90624
528781
502472
745193
366789
689280
129734
706357
647431
34315
803276
861996
979210
312034
441380
854543
381031
471440
716318
561984
909255
747460
773513
741651
444472
766662
34674
101170
780402
307544
100398
267482
989543
799471
637491
973783
543073
274738
261820
158100
417719
68947
754902
860486
141665
725785
342781
687325
369902
29690
434624
169119
684836
364847
650313
536111
62929
255473
932620
744780
689123
385986
134940
399323
865121
95639
385437
333815
706354
975880
641780
907678
186674
355904
910037
861010
496313
614247
451604
423641
640879
237681
896510
785581
60068
358244
31672
655363
88425
172543
654165
747914
929790
690837
357062
510891
3803
888176
939088
415744
653791
588474
96547
640227
746241
672060
486420
155728
324403
865068
348186
634330
731331
910037
53486
305901
402462
51642
647083
85069
290588
235414
20027
198659
888670
599353
663301
707338
385147
991687
159346
798551
722564
201143
38403
189095
296302
28155
732662
9679
586556
708688
631653
158527
407772
846836
686217
29555
592130
869489
855883
506644
431916
69034
677748
996136
885640
486403
461157
56563
324186
824171
663672
416964
980533
991981
333815
630771
497860
804520
102108
736199
369711
197430
629770
686506
269332
565160
467963
514985
380769
721389
513274
52599
415213
672180
271840
751507
643245
445644
955242
100097
276201
823729
25070
118076
260449
987077
474543
435823
50528
443455
503788
447172
546875
181074
411894
178848
579524
995997
374133
851566
936827
627657
682951
989744
519294
200805
763225
926139
341208
645485
799361
809413
139084
99961
6964
578665
237304
198426
25384
966737
757630
178701
758480
335986
809249
947285
135472
454738
779697
744699
626839
974128
171344
526650
492649
288553
562025
748280
146071
976531
701295
480255
525706
655345
54998
669478
279822
255930
580909
666030
581037
706567
4488
181210
944089
867916
826996
687652
517706
454738
663993
868416
281496
681751
513876
356321
871059
741194
278574
452564
4820
912385
359589
344630
831909
64120
298012
70780
566541
814920
452166
738554
104692
804520
331315
524067
4738
66722
514037
596426
342118
173093
606477
392890
168733
959392
580909
392890
870936
301303
800097
975382
357104
740244
383441
53949
278868
465173
534027
161209
839607
674767
839663
785581
405612
362147
133879
858355
112470
309833
985746
561984
807919
68887
554146
208917
14957
766708
266972
754252
687325
777459
385788
881475
432519
930871
205390
187338
943321
704770
638402
625065
469356
11420
402545
555738
406334
113323
18113
178190
146208
675409
589320
183559
599410
172378
873216
880298
193458
571520
628919
532819
887425
833933
871620
265224
718241
943418
159107
674802
181029
785776
162279
281465
582090
481481
450379
575006
707166
327171
208917
860147
477794
652118
