151748
56646
942222
774525
752876
909632
235259
792827
517769
439840
51343
455104
242886
917000
112002
192310
556973
276141
711747
276212
892340
154072
420577
575717
957719
737632
288686
31226
61596
952453
465633
826972
228128
822232
399323
662965
308534
406108
390431
700789
52263
971414
207146
140975
33959
887333
711616
464532
212409
185254
457177
822220
408212
384410
354357
486689
822519
234613
790251
477578
361380
866882
729805
611300
564854
711062
241890
315554
642860
556972
430749
149791
428864
336997
355637
579483
373283
978513
216062
318462
840726
822372
385754
572150
385225
934584
265394
297540
604470
764484
312861
944421
384011
76301
280056
445592
465710
669925
639427
85249
701469
78011
68887
746556
977984
902382
136697
987951
55557
522804
995662
195655
769810
543559
840173
302836
389858
776769
774142
263483
311202
794789
480785
626281
323266
44643
501986
794578
708386
55020
475393
973194
313907
840426
763879
361110
543699
392485
608022
292342
684912
930922
692314
833016
652721
576869
519471
88188
708605
285762
641888
513719
319682
272925
216230
65639
827609
625825
874859
67146
982881
569984
223116
520664
657733
788436
419881
474029
513610
660190
785088
105730
3819
194306
368950
455639
849709
155231
97310
491317
737481
535374
279348
584625
304972
107177
441661
191319
931689
350339
207146
990510
685183
100523
309829
706541
89295
219124
98537
775937
779421
43541
520792
293704
956914
984734
445982
167573
377125
65190
767858
370077
433072
878368
343046
159529
422572
822220
58943
697632
388309
911221
120003
777176
841648
288686
457177
254256
758437
390999
855474
474400
145535
243137
472769
11431
535217
212936
584554
228219
603640
740782
823230
42042
328512
96082
428461
103959
863259
243631
611970
856771
614191
385371
746173
73456
798411
389633
181030
309391
758655
113342
131407
163327
676693
330773
705317
515995
374925
178762
436392
999430
443513
144838
950033
687521
522351
198101
921627
656639
773875
445547
527819
485816
568255
448250
153352
245180
663301
89032
861951
441061
554728
406334
688598
811461
218849
301752
81636
431679
142150
781846
615952
607746
161007
95194
615491
863259
972809
490481
902225
760731
801225
812118
549425
556709
639598
381122
338762
28948
817152
333815
997975
649760
939494
472378
743561
382675
573885
839718
762243
557186
810254
134659
101668
212088
467494
145256
664622
888302
263569
484404
586540
458174
118916
90896
326564
751611
268647
208562
804587
790479
924966
533010
531224
101416
168347
80892
576661
258416
266290
576744
537182
378835
262731
618774
576498
645616
802622
794927
395552
976018
901542
662136
653151
64203
395668
762243
194021
393236
260418
124398
198391
203927
490858
808273
508544
241813
534809
293704
740631
972889
397313
408155
776977
877572
630934
356646
925043
477794
131189
635619
440280
730241
995414
710612
793439
472070
614834
552001
286714
388858
818093
285675
456668
642611
748686
926382
787004
127453
938503
210444
119898
438711
203927
944763
833025
506445
456636
186988
695343
554728
698331
799509
948944
96000
985322
729222
984740
241887
629729
490045
183655
980798
923573
946348
594003
108914
21009
691338
715285
895250
795237
525526
507499
981619
758016
121048
350735
227930
8445
644332
868688
622275
754756
161132
746963
524635
326537
795566
855295
175140
565664
846682
335448
601429
198029
340104
96301
128608
725837
516314
949298
96942
577569
952941
708034
679729
45137
505204
602681
720069
191591
619623
679658
848778
212023
194801
663625
999557
759991
761727
113144
327545
315133
960461
434591
399616
964079
315467
845004
755269
777873
965307
956659
503058
694173
197556
683205
579008
491426
735913
862257
350293
543614
209557
456693
148907
603667
864763
201036
65681
575242
81875
189755
60194
291123
733981
21794
435289
404797
98507
611195
639060
824399
864623
61138
875344
910037
484834
2203
303848
581798
729199
304112
874593
51958
382068
340880
759991
817529
811461
845226
478414
941044
946400
894625
118662
919203
848803
944973
893610
733279
351003
146060
13950
732817
937476
785088
68380
699197
993752
487665
571963
204976
194306
637739
700345
144838
378053
668084
181292
681751
447158
130696
962100
788273
533950
503132
216824
985746
695080
99967
266058
90624
528781
377372
745193
366789
689280
129734
706357
647431
34315
803276
418193
979210
312034
441380
443274
381031
471440
274926
561984
909255
747460
773513
741651
444472
766662
34674
101170
780402
307544
100398
790482
989543
799471
637491
973783
54495
274738
261820
158100
84291
68947
754902
806356
141665
725785
342781
687325
158783
29690
434624
169119
684836
364847
650313
536111
62929
255473
932620
744780
899644
385986
134940
399323
865121
95639
66810
18677
706354
975880
641780
907678
186674
355904
910037
256335
496313
994147
451604
423641
640879
237681
896510
785581
951251
760791
159341
655363
88425
172543
654165
747914
675305
690837
357062
510891
847924
888176
939088
621997
653791
588474
96547
640227
746241
672060
486420
155728
88135
865068
348186
634330
731331
910037
53486
305901
402462
51642
647083
85069
290588
235414
709164
198659
292636
599353
663301
707338
385147
559923
159346
798551
722564
201143
38403
189095
296302
28155
732662
9679
586556
708688
631653
158527
469152
118118
686217
29555
785699
869489
855883
506644
714783
820204
677748
996136
885640
486403
956659
56563
324186
824171
339481
416964
833574
991981
18677
630771
497860
804520
102108
736199
369711
944347
629770
30806
269332
565160
467963
514985
380769
721389
141924
52599
415213
672180
271840
723664
643245
254756
419934
100097
276201
823729
211885
118076
243574
987077
532132
435823
50528
652721
503788
447172
546875
962682
411894
689791
579524
995997
374133
652087
889012
627657
682951
792965
519294
200805
410444
926139
341208
645485
799361
809413
139084
99961
6964
578665
237304
198426
506463
854610
757630
138788
758480
335986
809249
947285
135472
822008
779697
744699
626839
974128
171344
526650
492649
862435
562025
748280
146071
976531
701295
480255
835116
655345
54998
191092
279822
255930
580909
666030
581037
706567
4488
181210
944089
867916
826996
159965
517706
822008
663993
868416
963971
681751
513876
356321
871059
744341
278574
452564
4820
912385
172783
344630
831909
502060
298012
70780
566541
814920
903424
738554
104692
804520
257593
524067
4738
389858
514037
596426
342118
207137
606477
334758
168733
881865
580909
334758
342396
301303
800097
975382
357104
740244
383441
53949
278868
465173
534027
161209
839607
674767
194228
785581
131691
362147
133879
858355
112470
309833
985746
561984
101297
68887
554146
208917
14957
766708
266972
754252
687325
559685
429743
881475
432519
783623
205390
187338
943321
704770
638402
370998
469356
11420
819199
555738
406334
113323
18113
302471
146208
573484
589320
963952
872598
172378
873216
880298
193458
571520
628919
532819
887425
564169
871620
473008
718241
943418
159107
674802
146161
453576
162279
607536
582090
481481
450379
575006
707166
327171
208917
860147
477794
652118
