151748
13362
942222
466351
859225
909632
552586
792827
517769
587042
714922
540779
294071
155585
120359
192310
822449
276141
795822
791371
214770
944301
52160
927662
924942
788135
692715
31226
492333
26599
45830
696425
228128
893858
231106
453908
354243
406108
300081
732343
364265
971414
797430
140975
978678
887333
537554
889208
744185
5692
457177
2833
848857
763879
354357
486689
822519
700590
105572
477578
547466
866882
9751
850998
118708
988959
20455
315554
259758
556972
495934
251075
902720
17601
996718
579483
278738
978513
216062
36536
840726
22580
656358
287123
385225
146056
160157
297540
483357
328505
172465
944421
384011
523631
495165
964688
628784
172905
907891
85249
919452
75825
839979
746556
977984
304530
501472
165854
55557
522804
807020
576048
101148
543559
840173
792295
66722
742156
774142
263483
391318
794789
692280
229407
753840
44643
501986
548908
269367
55020
475393
973194
963672
460156
763879
958267
234663
392485
608022
376023
834219
930922
782027
662730
751645
576869
509631
998816
988169
285762
971906
513719
625767
500897
388344
295730
827609
625825
422064
67146
248632
367901
446148
520664
657733
788436
413491
474029
513610
965503
855836
105730
595679
926963
83161
649545
849709
155231
97310
802204
681429
394542
201011
650416
316014
173709
441661
191319
137129
242770
797430
986979
685183
156196
309829
565223
497110
449093
98537
775937
357421
43541
517565
293704
17464
214428
964461
195265
655273
787649
740093
971365
869694
878368
343046
159529
422572
2833
673306
353567
388309
403708
532477
777176
849218
692715
457177
177865
342528
575467
574816
433668
145535
214862
142547
11431
875874
212936
584554
228219
603640
383943
994560
881894
328512
96082
710449
238908
791377
66817
580599
718389
611656
581254
232750
941413
798411
746482
670533
231577
758655
875335
276650
939395
676693
262948
574521
486557
730171
634196
436392
999430
443513
144838
836650
605447
522351
623599
472735
653572
200744
445547
651959
485816
325590
64142
153352
75632
663301
89032
854280
711607
306115
657800
317525
192550
382105
301752
858527
431679
295503
781846
724481
983623
161007
873066
425431
791377
891696
490481
570504
699342
171348
256351
116629
849383
614111
381122
338762
28948
218284
300055
90783
365505
580164
260840
160240
18216
710672
845487
307853
557186
288490
82012
732961
153264
216756
145256
633424
114579
263569
498579
138109
585634
123331
113878
326564
27300
295897
592473
804587
687193
704716
987283
531224
138600
417988
678899
169761
762744
266290
576744
404559
378835
400905
861056
685402
645616
430547
794927
56452
591172
849665
863282
918768
64203
246141
307853
429388
393236
262747
16346
198391
203927
231106
808273
508544
519696
848181
293704
729700
710089
216122
98553
776977
877572
630934
356646
925043
680116
167601
565418
531206
623226
556362
236831
80543
518113
813241
218741
324116
196032
818093
634262
456668
432204
748686
539130
302500
127453
595380
820934
515550
277811
203927
944763
833025
118614
269763
715959
808735
306115
390322
799509
948944
4526
16717
833322
957097
830462
629729
538826
417181
334490
563686
857582
420636
108914
21009
691338
431330
14549
795237
196937
13270
120982
969151
439239
350735
227930
137841
644332
91360
515113
924637
929090
755124
272474
247188
668358
488721
708705
565664
846682
110370
635559
256947
340104
121820
978878
982002
516314
322705
96942
539779
790870
775725
797085
766290
932819
371371
498810
4591
619623
401719
357695
946399
179513
712141
31890
759991
761727
986985
784343
980533
55232
876338
302199
964079
621779
845004
290159
712320
106659
545431
345604
624786
912277
683205
269931
714127
519869
862257
350293
4604
209557
456693
371305
196605
267098
309541
585620
210725
260503
707985
60194
757088
733981
731956
41081
432251
632669
151748
163117
487115
864623
264240
786398
444719
484834
939607
117030
581798
127956
902378
710447
861532
167601
775805
759991
287710
192550
845226
744598
535328
818395
226765
693540
919203
848803
944973
854094
733279
350016
146060
13950
447023
937476
855836
68380
699197
63903
339780
914618
183477
926963
227534
700345
819606
866730
463658
622013
681751
713837
970800
519170
788273
770228
485600
408696
918610
881718
223440
651072
90624
528781
502472
265552
665116
689280
148009
693517
647431
990263
803276
871835
979210
956374
576728
808734
381031
471440
716318
934421
45798
747460
773513
741651
36399
766662
34674
436148
982834
968065
867373
267482
24460
807511
550876
24264
301955
528882
653486
158100
306911
68947
787737
53971
132177
503193
342781
231681
158783
254250
434624
169119
365997
531715
493926
536111
171213
339913
110618
744780
689123
348383
134940
231106
213508
215498
385437
300055
706354
158804
855217
509646
186674
385331
444719
920026
138824
246366
35574
423641
640879
237681
964555
912912
937863
382461
31672
806361
479890
172543
645351
747914
929790
134781
881883
354968
313901
17104
939088
60063
653791
987880
96547
130765
823689
317102
486420
155728
745554
929591
11792
676217
978107
444719
53486
705622
449057
51642
227270
664676
120533
235414
20027
780808
888670
633001
663301
707338
651710
991687
505611
798551
797355
841693
733980
484118
296302
4624
732662
9679
47242
866596
631653
733843
783278
512750
836080
161566
785699
481906
757372
506644
519168
796034
480667
673283
748321
29888
545431
56563
535295
621914
339481
416964
980533
991981
300055
64155
147822
8681
102108
491796
217784
944347
629770
599568
69602
182586
679904
785652
380769
250752
561020
619670
258760
283092
322130
751507
675251
254756
844754
100097
886910
428414
211885
118076
818098
987077
324067
695218
239751
751645
951702
96961
933488
995211
213964
223287
505204
633558
374133
851566
936827
627657
682951
37593
655270
163193
336804
926139
231577
948121
322890
509253
143693
144028
6964
578665
237304
63412
25384
966737
723464
498321
532793
101876
357587
947285
627101
756129
779697
744699
656572
794543
621816
513730
184121
862435
585883
748280
146071
907791
701295
803260
103239
285877
54998
191092
295741
255930
526012
603189
783696
664614
277392
930375
651369
338462
108135
934455
36957
756129
948002
385864
208103
681751
513876
4783
871059
744341
278574
783153
585993
912385
891912
263463
831909
603485
669939
70780
566541
814920
903424
665719
104692
8681
509857
222933
4738
66722
514037
479126
342118
173093
18778
334758
712553
320898
526012
334758
592436
301303
436317
52211
612088
740244
691338
5327
212677
465173
534027
762622
839607
804912
906888
912912
602504
409858
133879
858355
598900
319705
918610
934421
468315
839979
126114
208917
249372
992755
996047
754252
231681
942021
991039
881475
518034
231988
648547
435226
71592
491063
133239
214532
469356
260836
402545
555738
657800
165118
18113
721810
146208
973185
65488
183559
872598
172378
873216
629621
193458
200965
529317
976911
887425
277919
898563
618682
718241
872049
154451
796719
181029
117233
268560
607536
882969
194812
715770
20406
222816
140311
208917
755539
680116
652118
