149741
466812
594348
560992
317954
594842
708513
776618
248034
885111
547974
920494
983582
958574
683044
367697
260489
635018
169552
8055
279356
376622
823905
705134
189601
114266
469479
21224
520668
695132
638587
461675
554931
322062
192667
932562
817679
973915
740909
205513
641053
120715
560748
88185
250804
291289
553994
256835
598060
7161
913127
172787
685141
555238
919622
780659
505850
904994
733602
988349
630950
836923
537585
208656
724995
39684
188165
815950
643054
192012
376939
801423
859439
566098
62218
676443
369844
15487
951010
895705
556742
725250
818899
922693
183587
103199
246322
416417
256763
300608
110954
28789
963465
595097
980410
249669
181258
678564
693860
715057
625985
337497
252472
849777
405863
291700
940260
674684
486761
563060
509678
310501
700761
959769
965148
739257
883197
850210
560889
175522
489630
630020
467518
322876
395163
57538
381835
838285
621657
19300
688397
967091
753604
160970
942637
5391
188802
595425
839909
391819
717059
239484
649375
837005
921643
774389
297883
233271
58982
708201
819004
380591
43190
367106
510547
592848
696185
838551
357981
451547
601266
985562
120590
303708
308609
948906
108968
667661
770164
264735
23678
613075
791144
733080
618788
34094
84633
18454
403678
68674
763271
171153
870678
439937
155358
64989
670246
967271
714320
342791
790077
145356
86322
228231
767763
55587
397346
833096
465419
355600
511916
407286
26798
876637
181216
650994
168402
901372
945015
627039
172400
871087
440674
261965
904439
528693
172876
810416
380860
819316
406761
682430
893338
645868
636087
485251
975298
395444
240834
189571
336628
148037
392147
399559
713251
48097
129309
155894
5321
46811
512842
838718
639715
747762
660990
287699
231894
169510
314334
416521
432797
27869
629036
716020
814857
485437
346748
675616
339843
228597
85291
493546
865334
898418
707555
344286
646338
346065
382132
701142
53926
885846
540845
241025
677472
138206
998319
948106
880975
593067
426804
846573
803338
149591
667771
332145
381222
850083
62305
9251
871774
445975
706232
227148
167849
252753
927667
220194
576867
790404
859103
922657
120397
982889
586992
128258
609118
328490
518949
346152
467034
606782
519436
912221
99187
879853
879312
564538
821944
410410
641732
915672
235376
858950
962647
572914
32359
851557
705794
352896
473551
236279
560601
538646
915131
957175
884538
69153
945532
118121
656565
675700
153579
778329
353726
888499
324482
524395
387454
845205
722877
345976
176755
877190
61285
529558
723572
249064
786518
225959
627141
631532
710059
521924
656936
512435
548460
554429
146204
428192
706741
298745
76228
290806
935418
366604
813294
102390
825013
62139
391718
7811
799409
244938
136114
1866
252241
618318
818700
335000
947725
88397
426596
362390
796314
5706
428973
20078
706008
283599
749604
275449
601962
17893
399506
594604
502250
944418
625544
330536
446289
624950
983535
338947
298338
820391
81212
790224
363229
531380
801671
839679
780085
739290
176343
912674
10893
767201
946702
737036
731987
97718
366391
567252
503356
179112
86381
972598
253866
308969
728627
17044
234609
311178
276844
634274
660590
984440
106424
926932
787377
3072
168541
884495
314245
558082
730942
183025
231723
102979
907908
574532
296848
735376
748560
479657
642883
202675
326973
229775
368992
386078
122616
725949
232156
634770
987818
561543
533303
987827
337292
809860
509224
341664
964469
491210
944280
583545
380665
884582
342747
702668
370486
943229
444076
53485
624665
565940
246607
299955
839418
455289
223708
448238
247147
552543
148427
616658
463500
452188
846841
154527
718102
869262
757352
675979
799649
763389
610831
59082
950269
796211
299789
494265
732585
689557
657487
684641
222967
58013
119311
249384
30920
890538
657612
222166
370397
326109
651448
824243
98795
246198
310679
775838
754628
190336
839337
441461
756922
244791
88660
624411
228488
959075
226746
39972
996140
718752
879179
293854
424875
113291
983069
852310
538006
416427
168662
507695
22456
502526
822889
733929
55408
937760
115245
409446
433872
637116
902397
309838
652012
741545
435467
569297
568816
598070
168969
338947
446045
706838
872672
527104
311921
144367
230132
153907
112333
943591
997993
298396
115856
419399
642220
321065
709620
506552
715930
792322
662918
661923
45031
74348
931489
625554
613399
883842
397675
129895
263377
763125
711035
897201
81588
185308
199472
212365
590125
931845
918223
246198
45676
353796
61118
66477
47110
669101
14154
224570
847374
79934
274844
96642
671655
915550
923589
687955
18622
521602
370125
99517
64951
207861
450568
702631
25091
403548
81403
253858
885916
201111
750283
503464
964797
384427
155216
308904
907192
773633
240725
730520
316321
603125
570882
293541
831187
727899
289343
212196
301996
843835
885859
426403
79451
362800
851116
147463
757620
85491
144280
459858
799406
917755
455799
25076
355151
25143
204426
389721
744154
355010
986868
255963
692171
908372
398876
522320
274149
172717
124493
575912
918962
255275
286743
22359
436842
510309
820227
385851
25872
806927
442003
60421
775071
746954
329867
431836
355584
446798
246198
604100
835939
22003
534933
432280
138124
976831
95438
513541
579257
189733
857776
150740
505794
287280
941100
267956
107685
136077
713004
806455
126931
265433
189327
262053
874196
922803
822433
589776
367457
616333
689852
915878
735907
294398
27769
481995
839714
978543
343286
169801
551134
220719
232636
251864
966528
55352
914691
693863
790853
988898
177255
125227
468215
938223
973439
650068
332029
847208
990004
689892
57812
33931
482503
908105
818617
693591
420842
684361
136943
164936
339646
853246
94356
46771
596349
352778
460195
325287
182205
321825
648222
544154
639033
734074
754690
217375
890896
313499
136501
418145
293735
144847
955915
38101
677659
857790
60743
110618
746106
952521
827075
14705
535997
884763
894857
479755
625823
430416
160229
780705
231136
695611
874096
126866
600850
732257
761934
105599
120509
737613
762797
377629
513652
25904
616226
46771
14173
420402
247522
842520
121883
225851
24080
326602
325329
762278
202102
793367
551106
722958
243013
976113
596733
684885
405522
974889
395612
560602
539914
869410
248591
438979
750418
675898
89957
512297
32510
750190
169548
439108
180639
369771
208469
122547
648062
909615
313165
795152
73089
245314
630812
542048
490118
919869
857569
793385
1537
858132
596969
384392
648045
682976
53389
200534
903740
374576
432653
760356
623049
812124
564242
175409
312046
333887
239556
198230
995322
943290
918798
111837
122519
831948
751807
195583
57579
186155
309154
476662
836669
866646
602329
74499
135506
59390
435287
401505
777809
191192
681947
796452
684982
668453
586157
704176
710542
588494
167757
833001
33709
265427
914443
236137
353642
213070
935699
804098
887871
117268
570184
145603
106400
890735
776426
35404
295296
111936
55217
794551
738035
285045
577683
151276
939506
742852
839044
207578
145240
41559
966081
89219
675216
485026
835795
298552
468350
347393
180467
175385
402199
598716
