149741
466812
594348
560992
317954
594842
708513
776618
248034
885111
547974
920494
983582
958574
683044
367697
260489
635018
129445
421969
279356
376622
823905
705134
767691
114266
469479
21224
520668
695132
638587
461675
554931
322062
43048
932562
163488
973915
601274
205513
641053
120715
560748
88185
250804
291289
734118
256835
598060
7161
913127
172787
456610
555238
919622
780659
263990
904994
584230
464745
630950
944910
250230
208656
724995
39684
188165
815950
643054
192012
610362
801423
209283
566098
62218
57643
369844
15487
951010
621042
556742
725250
890781
922693
765110
297066
246322
416417
256763
300608
192536
28789
963465
595097
980410
781624
181258
678564
527550
715057
815142
337497
252472
849777
560788
291700
547151
674684
486761
563060
509678
310501
700761
959769
965148
343909
883197
551779
560889
55233
489630
630020
467518
701158
830295
57538
381835
838285
621657
19300
688397
967091
753604
611450
942637
5391
188802
595425
839909
391819
576415
239484
649375
837005
921643
774389
297883
233271
58982
708201
819004
771259
43190
969324
762776
790054
696185
838551
357981
451547
601266
164924
71778
303708
308609
738400
971494
667661
770164
264735
23678
644605
791144
733080
404249
34094
953132
18454
403678
68674
496874
171153
870678
439937
155358
64989
670246
967271
714320
342791
790077
145356
251844
228231
767763
55587
397346
833096
465419
355600
511916
407286
26798
876637
584562
555543
168402
84908
945015
849885
172400
871087
440674
261965
911495
253793
359157
809733
380860
819316
406761
675876
893338
272593
636087
485251
975298
395444
240834
117561
336628
148037
392147
399559
743675
857143
129309
155894
5321
46811
512842
207839
759174
747762
660990
287699
231894
169510
314334
416521
432797
27869
463294
716020
814857
485437
346748
675616
339843
228597
85291
493546
313969
898418
707555
344286
646338
183775
382132
761747
744866
885846
540845
241025
677472
36533
563667
361448
265550
593067
269322
846573
803338
149591
667771
662846
381222
850083
62305
9251
676155
445975
724033
227148
167849
277050
927667
309669
576867
116208
859103
922657
120397
982889
586992
128258
609118
328490
785239
346152
467034
606782
519436
912221
99187
879853
879312
564538
821944
410410
54008
915672
235376
858950
962647
743304
32359
851557
705794
514606
813317
559414
560601
538646
915131
957175
884538
69153
945532
713038
357247
876379
153579
255310
353726
888499
955970
356233
840861
845205
722877
345976
176755
181574
61285
529558
723572
249064
786518
225959
627141
631532
763215
521924
656936
512435
548460
163764
146204
428192
706741
977141
892262
290806
935418
825125
813294
102390
825013
186098
391718
7811
799409
34660
136114
262077
975606
618318
818700
335000
472599
88397
755835
362390
164268
5706
417214
84109
893960
283599
749604
275449
601962
17893
399506
503171
502250
137321
625544
330536
446289
535549
983535
262377
298338
820391
601763
790224
500525
531380
801671
839679
780085
739290
176343
540225
10893
767201
94969
737036
731987
165068
613959
567252
503356
179112
86381
972598
253866
308969
728627
17044
234609
311178
276844
634274
660590
891947
106424
926932
787377
3072
194561
884495
314245
308093
730942
464376
589296
102979
907908
574532
296848
266864
748560
479657
642883
202675
326973
229775
368992
386078
122616
491035
232156
634770
987818
561543
214103
987827
337292
809860
509224
341664
964469
16047
944280
512932
380665
884582
656688
118298
370486
943229
287291
53485
624665
872371
246607
34464
839418
455289
223708
448238
632657
815051
148427
616658
463500
452188
447082
393878
718102
623677
757352
675979
799649
345138
610831
411933
925109
796211
299789
653565
760857
689557
657487
138613
655560
58013
119311
418692
732250
890538
291310
464166
370397
326109
889945
824243
98795
246198
310679
775838
754628
190336
975603
809903
756922
244791
88660
624411
244645
959075
520085
506392
996140
237829
879179
887620
424875
997688
983069
167368
538006
416427
168662
507695
22456
502526
822889
167339
530161
937760
115245
834022
45497
637116
902397
309838
652012
116063
463437
569297
568816
598070
168969
338947
446045
706838
872672
527104
311921
144367
230132
153907
606868
45937
997993
63663
115856
419399
642220
321065
709620
506552
715930
792322
662918
661923
45031
636935
931489
625554
613399
718341
397675
129895
561894
763125
711035
897201
81588
185308
199472
293543
590125
297398
47772
246198
272621
353796
61118
66477
47110
984133
14154
224570
847374
79934
93721
96642
671655
915550
923589
687955
18622
626866
935384
99517
64951
207861
450568
702631
25091
544575
610466
253858
221750
201111
978679
503464
964797
384427
314731
308904
907192
773633
714599
730520
316321
603125
570882
293541
831187
727899
289343
236074
301996
843835
885859
426403
79451
362800
851116
147463
672142
85491
144280
459858
799406
917755
455799
25076
355151
25143
743064
147411
744154
355010
986868
255963
808477
908372
398876
522320
274149
172717
458880
575912
918962
255275
286743
22359
436842
510309
176915
250719
25872
806927
442003
347687
775071
746954
329867
431836
355584
272705
246198
76900
835939
464575
235323
432280
138124
976831
95438
516617
250842
189733
857776
150740
505794
631189
753219
267956
107685
136077
713004
484671
126931
265433
189327
742397
874196
922803
822433
589776
367457
616333
689852
915878
735907
294398
27769
481995
919956
198227
343286
169801
551134
220719
232636
251864
966528
55352
914691
693863
790853
988898
987117
125227
335521
938223
973439
841183
332029
847208
990004
588936
57812
264553
482503
467067
906660
206946
591941
684361
849882
164936
339646
853246
94356
46771
596349
352778
778521
325287
719121
813956
648222
544154
639033
734074
754690
217375
890896
313499
136501
418145
314812
144847
955915
64668
677659
857790
364036
110618
746106
904244
827075
14705
535997
884763
894857
479755
679474
430416
160229
780705
278481
695611
759014
796437
600850
845837
761934
987263
120509
212298
762797
377629
388493
68068
600814
46771
14173
420402
247522
842520
943909
440274
24080
466284
325329
762278
202102
793367
538983
722958
243013
976113
596733
684885
405522
856550
395612
560602
539914
869410
248591
438979
606309
675898
89957
512297
32510
663491
169548
439108
767648
369771
208469
122547
766248
909615
313165
637263
285809
479755
630812
542048
490118
919869
857569
793385
753861
163083
596969
384392
473360
682976
53389
200534
903740
374576
432653
760356
623049
403273
564242
175409
312046
115205
130332
866009
995322
943290
918798
111837
122519
612568
751807
678083
57579
186155
309154
476662
154613
866646
68246
74499
298910
879114
435287
449644
777809
191192
681947
796452
85127
668453
151326
480183
710542
8764
167757
561946
755275
265427
121925
236137
353642
213070
935699
386696
887871
902020
570184
145603
106400
890735
776426
35404
295296
111936
55217
794551
533866
285045
191315
151276
939506
742852
839044
642572
145240
41559
966081
89219
675216
485026
835795
298552
468350
347393
895215
426621
218616
598716
