668067
88281
638172
778142
317954
896966
708513
776618
248034
885111
547974
591604
390258
958574
683044
367697
260489
135688
598203
8055
279356
376622
823905
705134
189601
114266
771008
21224
520668
730185
335340
461675
554931
322062
192667
932562
817679
973915
524750
205513
641053
120715
560748
88185
250804
291289
553994
256835
598060
7161
913127
824254
728375
555238
302464
780659
337173
904994
650461
815260
100720
836923
537585
208656
724995
751558
188165
815950
709659
192012
376939
801423
876184
566098
62218
676443
447349
15487
951010
895705
556742
436049
818899
357718
183587
48968
246322
416417
256763
300608
524747
28789
709714
595097
980410
249669
181258
915289
693860
715057
625985
126677
252472
352853
405863
291700
940260
674684
486761
541578
432304
310501
700761
843198
965148
739257
251007
850210
560889
175522
917170
630020
121083
651746
395163
57538
381835
334429
621657
526824
688397
967091
92371
160970
580721
895876
426837
267362
839909
391819
717059
371713
649375
837005
921643
774389
297883
233271
58982
708201
542486
380591
588895
367106
510547
400544
696185
747362
357981
451547
601266
985562
44307
978750
308609
948906
108968
667661
770164
440196
595872
613075
45966
733080
255107
34094
84633
18454
787545
454289
763271
171153
136016
439937
155358
64989
670246
967271
805233
342791
586873
145356
86322
478289
767763
55587
162162
833096
288059
355600
511916
416306
26798
876637
789995
742079
168402
901372
945015
627039
906825
871087
566421
261965
904439
528693
172876
810416
274149
819316
406761
682430
893338
190656
957357
485251
884412
395444
240834
802554
914697
148037
392147
811041
566643
288191
129309
868947
5321
46811
512842
838718
875280
481827
660990
162651
231894
169510
314334
416521
577396
27869
629036
716020
814857
485437
346748
675616
339843
228597
125642
95715
298752
898418
707555
344286
646338
346065
382132
420769
53926
885846
540845
241025
677472
138206
608996
948106
67578
125264
426804
846573
803338
149591
667771
332145
375212
850083
62305
660960
102881
259764
706232
264576
167849
252753
927667
220194
576867
902564
18359
922657
516412
982889
383826
315117
508568
328490
635924
346152
989385
606782
519436
912221
99187
879853
879312
564538
146261
410410
641732
890420
235376
274933
385078
572914
456204
769537
705794
849589
473551
373284
151452
754836
915131
907297
569456
935190
945532
924978
362162
675700
153579
778329
353726
841115
747570
25996
815966
845205
722877
702869
176755
877190
825825
459547
723572
249064
786518
225959
627141
618476
710059
521924
656936
512435
12964
554429
432696
428192
28864
298745
156215
929788
935418
366604
813294
102390
825013
62139
391718
7811
799409
302425
136114
1866
252241
618318
994259
66789
874345
88397
798920
362390
760887
332575
428973
20078
706008
283599
749604
275449
601962
17893
399506
73352
502250
358587
625544
717086
446289
225363
983535
338947
298338
820391
201991
790224
417552
531380
801671
839679
780085
42589
176343
912674
447352
767201
447247
737036
731987
97718
83393
567252
503356
179112
120570
972598
244367
308969
728627
825935
234609
311178
276844
634274
120291
671729
106424
529344
725687
71399
772645
884495
314245
558082
326871
662638
231723
102979
907908
887425
296848
735376
748560
479657
2842
202675
258518
229775
368992
386078
122616
446051
232156
634770
987818
377833
533303
987827
337292
809860
325148
341664
964469
491210
575240
583545
380665
884582
777467
702668
370486
943229
444076
53485
384524
708847
989325
38885
839418
455289
223708
448238
247147
522475
148427
616658
200672
687714
846841
544529
624937
869262
183982
298527
799649
763389
739345
104231
950269
484073
299789
494265
732585
288040
205396
122513
222967
58013
129910
249384
30920
890538
395780
222166
370397
451538
758350
222276
98795
466537
310679
775838
754628
824305
839337
441461
756922
244791
88660
867580
151582
165712
553475
39972
996140
718752
879179
293854
258632
113291
983069
852310
692309
416427
168662
507695
22456
502526
33072
733929
55408
937760
115245
747477
433872
637116
391562
960548
392404
741545
435467
569297
568816
598070
168969
338947
30879
706838
315334
963240
882114
294173
230132
194460
112333
218260
997993
925195
543045
287409
642220
247693
709620
506552
313868
332919
662918
69763
45031
74348
931489
119527
449320
883842
873385
599140
376241
277028
711035
487477
81588
185308
199472
329815
792137
457548
918223
259873
45676
353796
61118
66477
77988
669101
14154
224570
303367
79934
274844
714602
499090
915550
923589
44742
92545
521602
370125
99517
612930
207861
176148
702631
25091
403548
832082
253858
579172
201111
482323
225425
964797
384427
155216
308904
907192
87500
240725
70138
316321
603125
570882
2720
251142
272814
289343
97570
301996
843835
885859
426403
79451
989101
851116
147463
638878
85491
477271
87003
979814
917755
33719
157429
355151
631726
204426
389721
744154
355010
986868
255963
692171
908372
864064
51510
263195
172717
514839
575912
918962
255275
286743
472775
436842
510309
820227
385851
240713
806927
442003
60421
775071
746954
329867
431836
355584
392070
806306
317845
835939
412433
534933
785391
138124
976831
95438
513541
638187
189733
857776
150740
576032
287280
941100
468536
107685
136077
713004
806455
126931
265433
538183
262053
489628
166438
822433
589776
367457
616333
623867
915878
93963
348154
27769
481995
347620
156811
343286
169801
551134
220719
232636
251864
966528
55352
289246
693863
790853
294657
933147
480208
468215
938223
660669
650068
332029
397706
990004
689892
57812
33931
482503
908105
818617
746717
68518
684361
136943
732180
109257
855394
94356
967109
596349
352778
372795
193875
182205
321825
648222
544154
639033
734074
610957
217375
890896
349287
136501
418145
293735
144847
955915
38101
189363
857790
711881
110618
746106
952521
827075
567633
958950
884763
894857
479755
625823
430416
160229
652498
231136
695611
874096
126866
600850
732257
761934
105599
120509
737613
510085
377629
513652
25904
616226
46771
14173
420402
247522
842520
121883
225851
24080
326602
634472
201093
577368
87574
551106
722958
243013
976113
596733
684885
191348
974889
290866
560602
539914
467488
248591
177687
750418
675898
89957
512297
32510
133570
169548
439108
180639
369771
208469
122547
648062
909615
313165
795152
73089
378244
630812
542048
570872
921474
277489
793385
735974
858132
596969
384392
648045
682976
53389
303751
663306
374576
432653
238651
623049
812124
629886
175409
312046
346840
239556
303226
44771
177101
269694
111837
122519
872828
188949
195583
57579
186155
102206
476662
836669
407468
602329
74499
135506
147918
435287
401505
777809
931418
434738
796452
777833
171949
357417
704176
710542
588494
167757
944999
697353
265427
914443
236137
796576
213070
935699
804098
887871
728619
570184
961663
106400
890735
776426
35404
295296
614578
55217
120978
738035
285045
519230
775699
939506
415487
839044
813710
145240
41559
966081
796904
675216
485026
835795
298552
468350
347393
870425
601536
402199
598716
