514296
702354
562715
287524
802279
421837
627097
27006
576988
885111
26871
149158
696048
148100
433005
635080
686805
637369
506319
192650
742845
250102
228874
220377
507879
500999
189071
787829
866845
61922
705894
970850
508593
913467
901942
481311
142086
557524
861282
719884
578382
234915
222027
1354
399559
901069
661146
711261
756544
325854
387879
248385
378712
577928
645963
747847
682486
80509
425421
838032
63676
68203
354911
279157
900948
367773
327248
611003
163041
232010
409133
256855
23256
297755
6821
839473
639241
720597
300543
917590
454881
165286
786857
203532
203344
522058
121744
737637
123956
743335
583171
115446
790330
758354
19956
98819
454580
47038
807893
909238
635206
951773
783615
893647
376283
802165
512286
329024
842697
65859
724121
354737
537704
604548
462738
737715
126049
46624
465884
682616
268901
550323
297572
388469
832183
416631
381835
806098
550618
435869
471943
899643
714675
959752
40383
100096
593369
14409
480330
325854
271169
409133
706451
633409
547948
939216
612643
567036
272660
687313
325537
667629
13894
228807
110322
232372
179252
135530
357213
618747
961374
308807
907406
900136
59443
738400
985754
518141
478622
3037
120057
612838
83902
575947
921070
35807
675143
360039
377487
262055
600803
327814
410993
517227
269436
653308
292154
318103
464058
710481
355648
513920
566137
676174
214242
646367
822693
76344
742999
735825
289073
185866
208160
720829
885111
582746
162376
734606
604622
553001
388469
882569
217907
605239
408776
954522
812438
68738
511968
592795
618359
248031
934692
786296
38534
613333
842152
87507
314446
559512
395000
922906
199842
996003
561767
751852
1275
651226
411509
237854
592024
379449
445550
718910
972346
178506
213265
113944
866845
822312
486114
529808
269706
1170
399877
94771
27413
408915
305413
53389
876090
639241
402537
671910
845332
599916
365932
862489
362842
423040
200019
746082
532973
709518
486922
727963
608423
669679
839963
797102
150102
701396
50602
705292
729491
630893
355530
78688
362575
522738
674696
949023
893647
557524
998911
866385
84246
960383
644710
629907
315691
373218
165667
357451
800680
952693
45277
638269
907087
736017
960383
356080
799305
960383
805003
415217
470710
756599
373218
804804
988885
861959
80418
32423
769378
559365
673594
412962
620117
153918
5817
105305
346409
870386
944474
944468
590210
465112
269125
580789
639729
51459
589694
57943
212574
626584
105204
191902
323782
157492
837300
513519
223173
414499
595414
601080
687741
426986
508728
159718
820351
83276
280337
597002
8260
94845
799124
248171
28323
945053
600701
529598
530681
414640
387879
206378
776704
351749
63676
534433
705292
344729
589130
978685
608423
619883
656323
51977
818700
470980
218264
561731
830714
738400
517305
229071
996584
138857
234763
60051
442509
575789
988688
188214
553295
391711
971006
302320
221178
406886
774368
394343
559272
293073
14419
623686
527647
274395
508728
210341
54516
432559
817404
43880
361894
299557
244235
81581
35236
265808
970318
776844
12802
421191
350976
996875
368575
338879
516879
772698
753563
4281
234609
931549
29086
614951
75646
695125
999210
182714
945053
629394
773521
434668
54319
764940
94157
980988
557175
808052
26871
437241
901393
456105
392788
149415
792436
488747
80960
895031
988688
905622
715787
402987
942864
101064
462353
66806
711965
330274
224298
508487
435869
32814
40177
561685
71000
361114
197869
113944
319814
717161
228245
665715
673189
596171
962253
565940
351327
100454
964209
695423
711762
575237
493523
788520
893749
616658
106571
554441
169501
819124
982209
819147
970850
194987
900136
115493
438821
884412
63619
337725
113621
94167
60222
354737
481625
157340
738442
833439
712872
380135
557661
830697
603107
434485
763072
396181
651448
88675
598776
72878
384103
915461
30664
469908
797734
412676
713813
376064
950457
2924
42470
232858
890494
470690
42852
93432
291126
476922
365346
645667
70992
398537
695179
393319
588060
828769
700080
886405
497762
316768
95948
33100
353682
216644
821661
856526
106438
307895
233988
821672
916133
990367
663714
213773
956916
293073
599919
887044
7120
282785
129281
294265
172329
416939
947862
471679
101960
651962
245802
226359
370252
132244
325042
698052
482772
628261
733915
839357
582826
412718
773909
771955
909097
546056
234337
365333
263377
378456
11917
885640
732338
281002
26185
655894
34834
916495
442274
72878
521721
890778
334517
468225
821264
836166
899011
245284
676049
249404
280965
147468
542044
37513
35745
445549
367062
573011
935384
269125
605172
36839
716804
88803
638805
815014
70224
767061
766407
383978
979502
294562
547278
172952
559312
705706
726608
64495
284423
94596
34834
457399
453099
163563
818778
213773
28569
659155
245802
798190
733336
957154
78443
796152
32814
132942
727262
45479
821665
725807
279270
106047
583882
625505
817019
771187
394441
699382
150078
557669
22900
730322
684695
698446
313846
408543
511968
101851
837312
280244
761019
629907
488650
340977
958688
178710
214392
825535
143812
321738
400696
172016
229987
758113
95271
479527
210746
974491
950457
478926
613047
924100
32248
884482
759135
599234
651962
347498
685251
95044
876892
458619
889117
734423
240903
578382
216602
968781
196779
49271
771404
507882
995064
37405
580874
779410
672225
916773
512879
815235
870229
311222
602845
294398
916773
563809
585300
694663
470919
808323
68521
220719
92843
442538
90201
673216
937037
352160
589130
897428
344179
157665
721970
232634
345192
9243
782126
366109
138705
613047
903764
577928
908786
406245
207320
723694
384863
84835
986484
365346
268264
923029
707905
571923
993158
20714
330589
441097
330840
188800
563095
248039
139759
747717
162097
602426
582074
121287
731568
537196
271844
572492
381440
236281
699834
516556
968564
531512
334882
846239
179447
175142
911804
884763
552703
625039
332440
800963
700654
271169
532820
992430
922309
503808
591271
120661
701796
709376
589218
521363
539295
761725
885841
757178
653429
587177
484996
565511
279578
309391
291181
245982
15790
200529
28401
221759
576583
74801
578200
8171
937510
818494
325674
174160
709095
256384
166112
434406
544269
11000
312623
664126
837446
399716
923501
403515
640145
428873
169548
858806
50602
972374
858457
314466
503051
698476
158438
914513
357354
625039
997812
799513
638293
107837
857569
333195
121812
329183
240628
270634
873229
715787
53389
662592
626076
609996
432653
601136
373544
274557
350054
573726
587807
430670
13160
818494
917759
579817
165302
993982
74507
863063
814032
624370
659297
133228
653186
299994
671117
701034
234663
359768
194598
323972
869806
71051
506097
236595
544316
108270
658951
166275
863454
754521
554444
864267
669679
770585
658951
840591
664583
187651
590216
469690
125875
945736
398356
150312
447937
248961
569494
728384
335033
400096
251545
815235
69388
89945
102276
541462
929307
50793
294733
294462
390508
809031
53854
690207
344916
519706
288109
111410
256824
445606
656531
990888
246116
157797
209890
445015
