95386
659872
980402
735186
79198
148929
864526
136269
391627
639933
764231
650393
971263
546435
754427
682893
803216
654274
838849
180945
604382
18820
155489
534166
648656
842351
401799
11
941581
278549
399869
516321
25964
723878
737349
152676
501766
684648
262110
945597
983083
26232
273922
535575
946839
160559
901468
83769
315248
626773
993623
23726
473007
894209
459213
198579
245676
962150
167986
484577
718214
333599
113365
272232
717608
263131
313375
302488
333742
73194
454866
128788
521874
272630
691319
232993
144297
101490
877969
476745
865254
798037
662327
680818
774380
115233
957618
609788
950701
766909
433744
220730
338276
272984
13858
865393
420012
540803
481704
246349
866227
443940
320306
533359
82071
304835
39695
755549
143887
837532
896847
775423
927721
637850
630802
181713
478271
562578
384288
579655
180211
428007
260996
983294
489026
8922
150067
636752
352685
77045
906443
700817
810287
755449
790120
813611
593914
597747
548942
806917
494392
492067
96594
284803
726248
563191
118239
393658
279507
729403
722235
158176
837122
96161
106717
244916
603946
336236
855807
256550
936125
665764
353126
422001
86202
281107
295603
59109
399942
475197
737344
34750
870817
201139
389996
320304
239409
159984
825079
148291
962960
489106
191694
92967
450501
995324
27031
894589
985066
886967
590579
358391
925924
70724
504211
478986
108110
870790
53800
100046
148446
325517
16703
59140
195894
301912
537968
557509
140157
693187
222562
151669
48287
797323
993870
830221
110370
869552
825790
697890
803767
683156
479463
16074
434280
436167
893348
337188
46980
562488
177596
770882
348956
712530
18467
335176
964810
56747
73012
594109
81181
23587
591891
331233
964829
739529
152585
50816
136478
989041
808904
453727
989906
302085
310429
605773
156342
789471
347693
796460
301991
986525
28214
427682
767136
311586
872131
547636
678910
845263
101931
878540
669367
248351
551192
768523
288562
310817
753174
925862
482491
122327
48387
255200
626856
113698
64666
868710
244822
451471
181614
820964
325762
946642
818329
926784
830783
363131
275478
142714
353577
488776
142331
274655
999822
124362
14934
612097
298498
307028
783801
49788
203314
629678
324612
450462
740641
476176
76490
817038
664933
846499
168188
503158
263099
907601
893721
289755
122161
332978
328658
185135
353878
300597
507642
999415
36307
420107
863810
670130
527368
985677
894455
183289
609918
127417
520577
545561
737959
579659
521686
186939
96875
58317
139235
780502
178317
153384
932942
573942
710472
370626
144107
42232
853787
251145
406967
459373
202649
166971
922722
437939
877657
89518
853764
407213
557106
319010
19084
490899
119513
738424
220151
180120
354912
220010
701637
579109
56210
682174
784231
677515
427470
176103
305690
921336
449577
637384
922353
780704
684039
966864
549618
577578
782938
89642
404962
582388
446217
460279
637457
4688
326147
710920
349212
447521
227927
635687
634905
934869
565640
488605
64369
266778
881796
979418
461337
869715
563745
166008
884332
340416
620422
429695
207395
426472
769665
191163
240112
157461
30844
721523
260417
542702
300819
220807
88374
893128
377428
19940
117377
761521
352416
572482
229718
293990
329349
932917
62237
764647
418803
283074
931378
528938
72264
934710
973565
188263
842247
594663
504617
539227
100777
181636
833024
453890
74160
46601
32135
378631
774739
290064
472335
125039
71076
245996
545700
500221
334149
189862
443207
814317
247726
422073
387632
181225
630606
393277
142911
666690
708283
286494
950149
296993
933130
870869
688013
751089
407993
888602
508983
629136
480015
410933
775394
928255
587747
214324
455977
696020
261880
556131
639933
270356
223000
717151
595493
918609
631555
902703
675912
171547
788151
976118
365652
370842
161781
251057
742859
735016
728844
109367
974658
431584
649353
498253
764091
638141
662856
294959
932992
513413
930150
779208
710924
109435
582513
332430
315372
955556
752627
439284
315508
490860
485165
425045
48959
477089
580488
893861
696868
955929
714418
327476
668508
478986
696391
977999
971741
541659
220983
50240
416558
164413
889526
603507
546384
604394
729302
272774
275740
714149
22746
722658
389880
516036
443432
840629
735502
891910
599347
544402
126834
327148
565538
531509
576239
963120
565616
81911
250011
661294
520092
965942
617972
406028
43600
757745
465956
819611
199477
251437
712281
397919
494795
370278
394824
666323
652047
746563
390803
460590
166494
215349
670197
387573
43598
769647
32027
968887
158666
301850
637393
263132
715700
217606
593227
663707
184991
557946
757123
633058
481469
120058
671371
153278
646794
594652
349936
100309
867691
728225
704867
717816
977807
504188
296620
526796
530956
829026
392467
627776
201168
272584
581700
40474
196015
843739
181605
342839
623778
989118
950377
539265
604616
326339
337040
719943
627493
631314
646969
447124
526987
627938
825415
483159
888232
152815
748202
428408
350192
264346
659896
293288
511760
345247
160258
356685
806054
752250
159364
363032
974741
639599
418242
624685
209067
581009
643596
319381
764634
613489
178569
353189
711931
120677
60822
100432
860275
269427
931618
41885
475992
537208
459809
793167
152622
787566
530969
777726
846877
131869
610515
729352
655949
503767
610647
591352
769621
328050
505040
984773
759737
942161
341818
624269
369455
567716
141333
889842
744835
323203
879974
348126
109733
39999
92896
82313
309865
565646
818698
616512
442518
621310
496267
430857
596457
797906
227797
307313
167010
982800
15948
304291
552484
371737
303071
998505
631834
206070
756117
198743
43818
9585
117785
441146
202265
633859
279257
340014
917341
351947
828111
955157
183928
630950
391913
511067
203227
472752
30133
375251
727305
13011
440621
341462
679618
755363
175991
522766
432857
630862
50168
307902
268811
471177
483345
924384
901273
859357
388870
773857
97513
382082
243014
226492
946230
643361
684476
280466
776308
725392
306382
507138
335731
991820
157831
701761
527751
433141
750025
364992
179266
569613
605813
829644
851523
618678
86972
550322
442894
574962
89680
866748
492453
960588
120962
140157
941782
6138
848076
795591
865550
4086
224319
754903
522657
331595
101848
999789
700278
847789
65844
625567
838077
471575
234849
847614
95263
912672
664759
638607
163446
249253
780048
620467
49481
285193
647916
398345
646854
850848
245731
849467
495038
482456
934176
602672
549952
562914
226124
305639
633843
857775
831061
912629
647036
705665
513785
33381
849064
462804
159487
687129
437528
377455
152590
402017
216570
477815
394372
412452
881178
739626
26505
101303
982414
273032
44074
11806
488639
5530
200040
29757
430300
319422
493357
554691
832091
353525
561823
585712
158007
984617
512740
774702
112649
467759
299672
628627
596880
432401
434078
441573
544731
576312
951875
846876
75112
606913
326261
376329
249754
283840
958850
228180
264771
288280
972614
795502
100880
887387
967790
231350
950567
287110
230070
379784
403297
709514
608406
705401
524976
97665
279054
633131
40643
720216
112317
303999
