95386
659872
980402
791766
79198
148929
392417
136269
391627
639933
764231
899847
619500
546435
754427
682893
388281
708783
832612
180945
676057
94561
323327
1964
648656
586367
401799
11
884778
248069
869461
233617
25964
403400
897944
338618
691320
684648
262110
945597
983083
26232
273922
535575
946839
160559
492146
83769
315248
626773
276239
23726
593578
894209
816197
198579
668044
962150
41395
484577
11421
755428
113365
272232
717608
72932
210847
201919
934392
422156
996339
592817
305378
272630
914833
232993
144297
353138
877969
476745
865254
798037
662327
999911
774380
208827
957618
837996
950701
766909
433744
645613
338276
386888
197563
865393
420012
540803
481704
420670
866227
443940
320306
533359
82071
304835
798097
319917
143887
837532
645496
775423
927721
637850
630802
331965
478271
562578
384288
579655
180211
428007
597385
983294
211025
56344
150067
636752
352685
104297
122140
599704
810287
755449
790120
813611
725213
597747
548942
806917
582331
419889
410013
35525
726248
563191
936162
393658
279507
729403
722235
451681
837122
488098
408301
915696
603946
54251
855807
256550
936125
41596
463675
422001
86202
281107
552068
569249
399942
791919
861078
34750
987462
683001
389996
320304
52354
159984
717986
784302
419704
286301
191694
92967
289057
80860
27031
455999
648431
983695
590579
813319
823886
70724
504211
478986
108110
81160
87903
322314
148446
300275
117253
59140
958234
596644
229341
523434
140157
693187
558894
610742
48287
102210
993870
203289
740337
869552
825790
829310
368078
683156
479463
16074
993141
752641
895974
538483
46980
562488
177596
770882
348956
739029
684475
335176
392947
56747
73012
844257
81181
23587
591891
331233
964829
739529
152585
68016
136478
257803
67381
543203
989906
302085
264668
605773
194872
789471
560812
100298
301991
23373
28214
351436
767136
311586
431706
395546
285793
596050
868629
639703
669367
248351
551192
768523
288562
310817
696169
969404
39264
501368
48387
891129
626856
113698
64666
518192
244822
451471
942642
436731
972761
946642
818329
242310
830783
363131
275478
142714
745626
934806
142331
841222
999822
687683
900249
112586
775132
401830
783801
995141
36895
629678
324612
328506
740641
348872
481438
817038
664933
662811
730554
503158
235316
578154
818008
949018
387478
332978
328658
242541
1912
645427
507642
971718
36307
774984
863810
256736
530011
624996
930897
842327
967474
127417
520577
419377
737959
248734
521686
144248
96875
58317
543556
780502
948479
153384
932942
573942
710472
370626
144107
42232
443415
867567
406967
633348
680927
166971
922722
479221
877657
490117
853764
838309
557106
319010
19084
490899
119513
855501
163591
180120
52974
432853
854669
579109
577386
172522
784231
311357
539750
12872
305690
99533
449577
637384
922353
544673
817109
966864
269223
577578
782938
697017
404962
582388
885965
576047
637457
4688
246356
710920
349212
447521
967088
550225
634905
934869
565640
21633
64369
266778
168667
13266
461337
126706
563745
240170
884332
215561
620422
429695
666350
426472
724378
191163
240112
632820
30844
689079
260417
542702
232732
189109
88374
893128
377428
19940
117377
233411
352416
572482
318146
293990
773101
932917
62237
764647
418803
283074
415593
528938
111525
934710
820361
188263
959327
561394
918640
539227
100777
926858
833024
453890
74160
46601
32135
702372
902637
290064
53408
125039
750674
725034
843842
500221
340507
189862
443207
814317
29732
999661
387632
181225
741416
695804
142911
666690
708283
558458
950149
296993
933130
870869
688013
751089
256459
888602
542679
88258
480015
807129
499704
416621
100989
685116
455977
543876
261880
641332
639933
556037
223000
264529
718144
918609
631555
902703
407210
171547
788151
976118
970817
909820
777713
617815
742859
519817
379808
109367
974658
368884
836028
498253
764091
638141
390040
294959
378112
513413
930150
696445
987832
714850
571444
919884
243727
241956
824107
439284
315508
490860
485165
66523
468797
477089
357287
893861
100127
387792
714418
327476
668508
478986
696391
977999
971741
541659
220983
50240
183543
164413
889526
895921
546384
604394
688712
203619
275740
714149
951328
722658
389880
516036
443432
840629
995823
378858
599347
544402
325057
327148
542346
531509
576239
963120
371683
81911
250011
661294
520092
876685
617972
406028
816522
540713
465956
99000
394612
251437
622586
397919
494795
176887
394824
666323
652047
746563
889663
460590
846939
630883
670197
938718
351688
357556
769823
968887
250704
767882
637393
952119
666327
441883
593227
663707
184991
557946
757123
811862
804193
591045
671371
153278
646794
594652
543651
450541
867691
875337
752467
717816
977807
504188
296620
526796
530956
829026
326425
51228
912375
616362
581700
40474
196015
843739
917995
342839
95634
839587
950377
539265
604616
326339
203194
719943
473916
422793
185299
447124
526987
892268
204961
258708
796059
607546
752552
428408
350192
264346
665816
394688
934244
814982
160258
938506
806054
188231
778019
363032
449904
639599
357935
490839
47885
581009
643596
319381
764634
710659
577571
353189
711931
708803
60822
100432
860275
269427
931618
41885
475992
566967
459809
793167
364378
787566
462433
702986
123439
458641
823872
925520
655949
721573
401865
591352
29674
328050
943183
731801
80424
942161
78936
624269
443062
567716
141333
889842
744835
323203
879974
348126
963045
642393
92896
82313
309865
565646
818698
616512
831926
621310
929485
430857
596457
845832
227797
142852
167010
982800
99468
728044
552484
371737
303071
998505
321089
206070
756117
198743
790575
371062
117785
441146
822459
510325
279257
312905
222676
651349
828111
955157
606990
550148
391913
144336
387895
472752
30133
375251
727305
774334
440621
341462
626886
579440
916562
522766
629158
197103
50168
996652
365161
768322
184645
924384
786404
729852
143746
283480
846264
382082
243014
226492
205220
643361
684476
118772
734376
357501
306382
507138
335731
991820
157831
676152
222102
674025
116223
364992
625862
569613
605813
829644
695075
419222
86972
118292
546950
574962
585725
309797
492453
667700
728600
140157
941782
6138
848076
795591
865550
4086
224319
754903
522657
331595
964596
954676
700278
487742
13145
207054
99965
471575
171685
715757
726711
103541
348759
681986
846930
770579
780048
665583
49481
285193
511161
398345
646854
223935
421681
849467
495038
609286
449298
602672
810652
896390
23912
916769
251025
857775
831061
912629
647036
493806
513785
33381
466059
462804
159487
687129
719589
251513
152590
402017
970521
477815
254326
412452
881178
739626
26505
549424
982414
273032
44074
11806
265699
56712
657069
29757
430300
319422
334789
554691
832091
263284
561823
585712
341699
807867
512740
278063
112649
467759
299672
628627
596880
210109
434078
149169
680264
576312
136920
591093
75112
606913
326261
376329
505889
391209
602290
228180
883921
288280
972614
795502
100880
356810
967790
894246
132481
568207
230070
379784
403297
709514
608406
705401
524976
97665
330211
633131
962517
162924
112317
614956
