905872
339478
225493
948159
731163
525508
660908
689613
514546
611230
986120
650393
170728
365948
257774
730407
144058
696990
288998
571050
108101
405591
572139
356381
777688
579093
918130
50483
353233
285793
446600
490898
25964
146667
480381
597799
125280
283199
420539
887149
397105
631359
273922
894139
418041
230781
296770
505048
950262
985172
31933
417335
473007
884581
492767
591980
181720
11518
277333
294323
777763
457551
847124
56376
905872
190343
532794
447682
569993
996577
714629
540619
648223
619889
314718
158598
307725
896390
616206
420977
172690
7596
468293
989069
546140
147231
403151
914497
913448
766909
691001
645613
135460
596507
483492
545439
877142
261930
36014
999535
874342
400812
512902
533359
609311
593682
773776
947998
822257
345541
829045
574787
112838
197675
630802
692064
735006
760113
354858
634616
939059
585800
260201
983294
222606
368844
912370
14682
741788
178618
439796
615427
414986
49519
148425
529045
932894
569323
979296
624269
755515
884583
152832
607715
226101
518525
879649
464880
257391
994775
664434
198700
43766
429589
606612
25383
27425
352696
502517
502074
642454
124393
716411
113375
614544
155572
340585
3328
3171
103424
731643
922044
791087
266049
50750
309384
501758
995990
134330
38822
995806
489106
296889
928442
241499
432708
589832
718018
292677
874564
95507
223049
276715
12085
998899
896054
552305
188604
53800
286825
922044
916032
759002
357855
261058
6026
524913
634114
558876
161204
990365
419435
610014
597882
993870
180374
676630
275156
300182
254807
461410
968626
516494
488452
993141
196296
116121
832237
594750
501150
842496
886031
413075
284937
18467
209264
392947
99511
375070
357796
40634
404973
867130
354200
308782
114510
152585
578111
530313
291337
632221
453727
345013
631809
776941
971116
644696
298504
966713
864707
314329
138908
69340
913553
294933
994219
677112
158789
285793
74346
132573
372295
669367
248351
481994
877597
695378
400154
906793
965784
499339
388320
221916
891565
20325
820090
152183
294113
41392
15918
46730
418566
325762
850194
956774
104088
16275
206035
924665
863293
601376
292268
256798
55868
63539
403655
344206
612097
138377
579061
783801
169156
694166
468112
647643
253886
80227
280740
104571
924539
863103
540619
397720
390821
846534
407641
815162
733763
741735
995343
833911
913080
317208
478644
204685
848691
36307
514737
880176
735225
787868
679630
786022
721561
135088
698883
408629
521360
594529
494597
235817
693447
754061
418041
543556
382253
940886
588685
932942
252597
247741
323651
864926
42232
669275
867567
145918
404368
830792
987830
94957
690760
342911
796023
376667
554061
230802
799437
809141
516365
198964
87812
46309
853269
506155
966713
736561
485197
138802
185009
716859
805725
448330
227644
97985
745187
867865
406283
223779
856884
831799
694166
884581
448188
147491
347794
29552
499288
594501
716443
775296
230974
846969
270189
681178
820313
817298
245098
634905
934869
132803
269316
484784
811998
497880
837653
248057
353233
468112
95786
780166
262588
474021
655633
994775
955431
784371
581444
240112
989750
579475
972513
745009
947684
497824
207620
46309
112309
736495
97234
99413
45900
428145
12382
319509
39693
431870
377238
729559
649876
35441
76192
258824
703313
411321
341140
906286
221888
207046
454323
264096
101759
998706
181636
924780
517018
74160
453127
626844
584823
871835
194082
89641
125039
330330
662806
198964
658099
872777
794620
525012
176037
382826
851001
293683
509460
375544
420935
610483
796979
442464
975250
540542
978007
784205
870869
65451
566966
791095
151991
906711
629136
426808
614603
800158
559194
330734
685116
263
522572
261880
728239
611230
484504
196296
264529
275242
843888
682937
482525
337905
548207
51331
754638
142281
571872
913279
250189
159092
832912
28281
301591
817189
543141
579534
302722
611931
293193
478855
538241
774085
842566
890992
31085
610236
598522
520314
247335
317130
893310
407095
668852
500377
565716
47229
163640
217437
275177
671125
753443
214111
380675
631842
628485
382500
336600
666505
382886
172053
860013
794554
249791
455288
47873
123304
42984
420579
604394
77355
425443
472577
853826
634114
487793
71531
588502
830127
908900
27433
377119
407324
913553
609311
263221
356149
920460
12628
963120
494494
801379
841224
285929
357757
19818
617972
298736
203939
315165
778080
200951
242737
446212
550284
242458
318231
911507
42216
534472
648819
685588
290868
749399
878055
425443
998496
912953
675914
769647
352621
66239
182264
400282
703627
400833
652529
490350
611785
821135
422098
772780
757123
338990
365066
352386
777084
941157
103522
317730
884119
354858
70257
641612
59459
888362
185348
432086
440258
194135
135427
890932
222606
223032
912044
750838
565457
64114
507625
831095
594041
127179
280250
657451
192794
677643
763210
643646
439979
823573
958405
316013
251959
194155
213750
826646
505048
967223
651754
239917
113375
428408
254568
979011
601061
220102
407896
491218
55454
88057
42573
729492
267752
457906
793938
841486
555121
12973
447277
892984
42375
235221
654413
779802
939059
805555
741842
791916
126790
905235
47705
248182
232895
658775
328340
407095
319712
614238
936742
144867
169949
369665
418018
599452
873969
676258
695417
532794
230781
227404
231464
732635
346395
916662
133408
956774
392947
624269
369455
646777
587457
406467
29520
245015
879471
316013
874890
844172
83026
821387
360128
924913
818698
28879
663427
947870
817060
867567
599972
604349
52375
142459
155971
515100
34132
164172
23677
493145
735441
26953
958752
74503
144734
753310
395223
780094
329455
707836
725711
711283
186884
340014
917341
685179
828111
304437
174906
77253
312422
327
666919
221047
812747
680873
51120
397792
528314
573893
355240
382306
679630
522766
432857
380816
816103
450649
113001
572686
665438
599452
512902
793789
28367
248035
870056
447365
105944
500377
176964
146791
265959
628876
767572
85911
124329
494586
71280
991376
59957
493228
367565
578161
784533
875781
313448
452304
605813
620633
524090
897579
922313
460358
163705
223772
50979
272106
223049
6473
801632
558876
358580
757123
625841
489030
148803
914843
462419
718999
770313
18457
601901
707958
42932
316102
814466
311163
841486
742528
507614
818918
906796
176378
910033
727256
511016
105715
65991
904203
112890
999280
784139
528844
521211
903832
116986
123215
700566
593807
457906
987057
183751
896390
23912
852147
839376
580584
178890
688949
538241
131653
649129
235500
527884
67352
912427
992409
493600
930122
155420
415188
812747
685681
128638
156882
331363
315288
664434
532543
819325
497050
263408
512819
488639
911218
520116
379663
208716
439026
838580
901299
369486
261529
632166
663427
901208
221916
375028
405491
55342
27614
460358
713768
596880
752745
54391
294443
306801
911220
848887
514992
942013
382253
113330
236270
106287
415279
958752
789630
52516
275121
203368
609015
66805
538678
864217
894413
711519
273225
847246
88545
632221
532794
491229
735225
374733
43835
238020
299858
616539
120041
470706
316690
