45492
76168
829624
808367
955175
939791
522074
287971
249002
444263
390617
553195
954449
820606
936707
285393
631161
474663
741273
226561
606262
40473
156730
8114
371578
378856
678500
782267
841463
347277
404509
985231
728603
529884
174581
64983
400562
423604
336149
886615
180664
848646
596040
223599
548483
202624
879941
579585
539649
305466
229053
512213
986196
241966
363246
597424
100421
384448
967659
308546
987780
472838
423672
681841
629822
863555
18696
201654
871141
442496
138500
631234
230750
919411
67213
92334
311213
412887
626286
867206
360191
750513
828410
900328
901783
836767
397247
146264
460759
11537
810510
387367
831786
675632
545354
488843
826034
508570
767889
988348
838506
779460
963947
41147
916880
357870
164706
718072
376408
545688
374765
946252
257701
247020
240519
496971
572980
489773
116346
239655
367536
750897
416199
19304
289059
878319
795045
285393
769468
262751
674874
742361
384054
473497
21756
987519
354566
218183
942526
491496
402696
918663
767797
140731
87478
74436
338073
356844
797884
424244
565764
391932
560699
692778
275873
595518
732551
777781
250676
231929
842543
309900
929738
46188
615189
538742
254876
670788
418259
302778
7371
491580
281517
123354
698908
37417
453209
748256
920422
18758
653377
14313
96930
255166
593344
254999
328825
937281
670334
748316
30266
922651
378300
953820
257659
176978
420061
520723
553913
285808
789839
841718
824988
580052
603670
902173
344319
21758
291094
193963
629571
694055
596938
79020
178210
723325
437178
900805
362853
317904
336974
89373
995960
953156
809098
253473
861888
957339
150064
226372
6731
921936
831786
14445
991767
785203
126903
160315
753863
29908
104299
864035
732220
865706
233985
115054
160704
513909
757222
298448
396663
162454
672564
908722
728856
964858
489354
322728
891876
487785
483836
838715
443712
962340
707760
431270
431347
915878
740393
25217
601650
502018
397304
345146
38320
626080
87259
41773
821061
62029
264597
737167
483022
105590
717686
644423
104731
509873
42628
479082
980454
106490
337845
716267
340221
13853
934677
682568
559233
371399
590608
380486
319439
586501
291192
952460
777509
336254
337848
897105
184377
191351
21758
237064
857461
578355
505263
474528
152011
593548
72219
448139
541442
117199
67611
645884
540534
38681
609731
110323
715022
41147
12974
408088
226268
165476
696170
673271
215773
473758
170725
38681
67836
6840
790362
25011
183007
731931
766895
458704
960563
882209
732220
588232
522439
639498
623492
358273
741876
162458
322728
813734
918033
134276
995466
246731
658327
179674
976073
157601
958632
814940
708970
690159
507547
494298
905707
934115
51925
206752
279418
596632
608554
555883
405048
737615
6213
870163
647244
202330
145719
168596
523528
460506
735118
845376
166090
186056
880174
540087
490124
533348
498004
870713
701293
993670
274509
831286
740224
240595
789226
141530
903474
909261
278205
960401
151684
224702
530785
358319
525967
163611
795378
464512
916880
91481
378515
835826
985278
424642
457784
729400
215551
484702
519636
833078
561011
461025
96678
804518
616480
563797
19949
421533
168820
983223
823022
985002
519636
164012
412093
967138
114187
897105
826936
936242
815795
193782
871900
781153
423859
337077
824682
308546
658284
112746
816238
330146
993670
894304
151564
429780
402696
991847
478207
385915
22853
308262
233222
179878
772484
193078
648686
185155
990067
734199
859272
121039
643428
819422
474406
795491
775487
694261
425050
973610
74946
130833
9729
525081
101037
276272
727159
525659
733680
950641
868787
705781
623658
541442
239173
792158
237742
379170
491573
115542
318772
482262
468983
489447
707014
843454
960677
120421
158020
528674
24215
502991
868825
489227
707272
798230
502083
486790
981163
347819
301977
776500
712368
729737
748548
587596
84275
455644
18507
151383
545631
361540
231438
90285
995960
42688
275848
382700
531310
451519
109445
177710
262745
693513
556697
874906
79508
198122
35250
256398
916167
417498
931050
344568
529770
829034
546186
917134
371952
155860
32905
615645
663470
521263
566421
523260
191795
937281
764192
815363
385187
375418
560699
211421
944006
395829
851791
866726
561418
559302
734821
204091
218477
91236
486828
561410
820381
492141
285421
845520
892926
703748
75293
562106
23104
692550
920906
203227
747749
414406
151564
683485
364034
116507
503488
650421
629741
733670
894304
381521
897001
167161
302087
376408
59669
548128
454037
346475
73099
638498
614904
334938
549084
95777
205822
466038
327064
816573
59391
146234
190600
723899
842964
894691
382700
348479
443162
144942
966701
626008
953741
877712
745850
121059
46019
153889
494540
448042
881331
740955
915376
104864
134000
249657
275873
136710
617614
897775
223981
184377
70117
671910
499726
884720
460436
182871
51286
163198
294178
879532
941141
215690
906378
792158
27624
350912
171551
979443
62610
800568
930984
218076
420220
612872
119796
958781
784021
670317
897353
473473
765155
165728
245025
381138
774680
298596
599566
25217
791780
215108
407678
677449
244307
147077
917808
534541
336254
810487
328825
174698
91104
864000
179681
527850
827303
690195
769740
871141
314287
634926
853512
937404
264358
41094
75578
100252
982190
574061
998649
168558
470197
348662
312273
636493
872253
515249
448042
530065
503488
742825
860122
923021
521629
517079
438640
429237
526226
511010
141655
499833
609261
358549
845477
772707
829624
493348
564755
967073
403570
401524
418155
724933
189975
997919
136301
56376
617614
205420
152891
909987
951296
973505
606396
334251
325107
138449
854359
336134
680323
147897
314812
452281
769456
256446
777760
475493
224534
590519
709597
227523
39792
151579
960798
157538
50631
225330
210437
999282
925909
727349
856080
587003
7843
369098
475792
745174
685613
494540
392595
375418
320752
38168
476116
825504
571635
310304
547686
806034
299308
939575
716172
499942
177149
240845
198122
635470
148271
237064
422864
334984
257324
526688
786150
978756
151681
783407
435495
140074
312007
262904
67691
423145
753807
262667
106928
262904
840417
701783
972330
932531
439250
724933
656109
116546
704359
205822
875734
646426
865873
940126
966854
632358
370060
814909
142819
23574
961897
542495
697296
416886
404509
63618
183007
735159
903320
476999
440609
895606
397067
322605
478102
922651
245953
639683
368529
237415
566929
559788
40994
791059
739919
661776
13749
947590
109137
792158
207133
32986
116004
226994
14110
182397
360537
544978
328139
753624
577799
567077
676763
795637
678666
426386
910031
584496
624979
799659
742793
226638
756436
321035
211170
531596
934143
531493
322141
891864
799946
716894
664414
516120
22905
91373
287592
783996
596698
782699
33309
457154
481005
450121
388361
679503
268911
299255
954827
985090
761885
486722
447599
976275
416886
337409
938289
681288
557230
65066
673939
457084
259122
723825
405442
966726
728602
733499
652128
358307
833192
822893
287404
168348
228510
29908
165782
201009
433344
3825
737908
64617
434411
734980
619604
976275
846529
192902
