45492
76168
666421
919615
453487
939791
747587
287971
249002
444263
390617
553195
954449
505651
950028
805679
631161
944938
314153
369752
200579
877048
147652
8114
371578
378856
997565
54827
280076
843259
569946
985231
968016
175579
174581
618533
400562
90108
336149
183483
180664
848646
596040
349724
548483
82697
526721
579585
621344
305466
229053
702005
173582
241966
645287
744446
100421
110397
508479
453830
987780
472838
915908
60984
629822
594801
746705
217861
394426
185755
138500
631234
230750
599709
67213
132881
515770
412887
942757
867206
997430
17925
59523
900328
238866
836767
271463
146264
460759
11537
20828
387367
181945
902453
545354
673134
908529
124265
225073
402013
838506
1758
333540
41147
916880
384319
164706
909000
340152
274986
332415
946252
414602
300306
598150
496971
754654
612502
251754
239655
367536
750897
979994
319441
289059
878319
900348
805679
769468
262751
674874
280175
329663
84773
120697
778990
354566
218183
942526
491496
525986
244399
32085
104452
746991
74436
338073
447635
816812
424244
565764
21347
560699
273431
275873
595518
489500
444726
44039
594319
447468
309900
34594
235099
615189
442330
561463
655127
418259
302778
182750
491580
281517
790762
698908
37417
453209
947415
920422
18758
653377
14313
96930
193037
789598
788216
111967
937281
670334
748316
46988
922651
378300
953820
257659
176978
89567
520723
407176
285808
964771
844019
643608
96190
166811
718398
344319
481002
50731
594428
306855
401009
596938
79020
404636
57096
59353
900805
851449
875406
399353
419718
995960
953156
741100
106924
215317
957339
762817
565807
6731
672744
181945
632896
991767
785203
126903
804056
942635
29908
104299
864035
732220
865706
781668
115054
160704
513909
757222
298448
396663
162454
672564
817434
730568
29379
489354
322728
531988
487785
483836
838715
899522
488795
809854
840493
431347
931851
297975
25217
601650
100507
780849
484331
238824
82586
87259
41773
821061
62029
264597
203584
483022
814017
717686
578669
521026
976120
528845
662258
118584
198650
454408
716267
340221
618372
765790
113082
559233
838021
141457
380486
761477
586501
291192
146205
889019
523963
470970
345491
184377
317549
481002
237064
857461
427146
814957
438257
705534
593548
169017
149482
541442
370116
67611
645884
364395
152467
521988
110323
446049
41147
12974
475963
226268
701770
483547
655920
117270
473758
170725
152467
992352
6840
423377
594708
183007
731931
733418
458704
960563
920147
732220
588232
629652
639498
623492
664572
972425
605446
322728
14546
918033
134276
995466
246731
301031
280415
976073
758547
724645
814940
201737
690159
858462
294215
666789
934115
321823
206752
279418
596632
216802
300263
405048
122977
805494
870163
210332
92207
86483
168596
356424
460506
646708
725688
166090
186056
786274
844089
490124
877898
465539
870713
526104
716824
274509
388307
338700
827990
789226
366628
863669
805968
197458
960401
255502
224702
530785
358319
858431
163611
176543
464512
916880
829686
378515
199729
596947
792014
2039
105780
215551
484702
806468
985600
44651
461025
163443
382285
826614
563797
218128
914360
571397
983223
540508
985002
806468
748039
121637
967138
178441
345491
826936
936242
145698
426541
871900
781153
405705
258314
453579
453830
894531
494623
272783
362264
716824
894304
73304
429780
525986
954234
478207
543650
415665
308262
233222
812780
772484
193078
648686
185155
990067
734199
859272
280418
51008
881992
474406
795491
775487
555991
229663
973610
625447
307138
9729
525081
101037
276272
20086
525659
938807
950641
823008
882571
623658
541442
718280
26885
830910
379170
933265
115542
520378
752761
468983
489447
775050
843454
446923
120421
730652
274764
14861
502991
720066
489227
707272
798230
142592
297779
981163
135607
301977
776500
712368
440812
748548
682822
501991
455644
18507
151383
208976
361540
231438
90285
995960
42688
275848
733206
655815
451519
837518
500306
588016
44113
556697
833112
79508
462708
35250
672242
538511
417498
931050
344568
834236
829034
546186
704647
874791
836165
548246
965362
418159
410132
203695
624087
191795
937281
764192
815363
987101
521163
560699
758862
748455
395829
851791
866726
586074
679117
169070
408846
414112
91236
486828
561410
820381
915808
489475
795239
256151
217410
75293
963991
23104
692550
438431
890011
71078
414406
73304
930267
569977
116507
516694
650421
629741
244197
894304
33611
897001
167161
302087
340152
946822
548128
454037
346475
28867
638498
614904
334938
386463
497134
205822
71130
645567
556526
631955
146234
190600
723899
842964
226503
733206
348479
556818
271149
963193
626008
953741
877712
390676
121059
437768
554494
822505
625410
881331
740955
915376
104864
134000
249657
275873
108524
687408
897775
223981
184377
142699
671910
499726
584465
477720
65731
947856
163198
294178
815030
467861
597248
906378
26885
129422
350912
560931
521513
318581
222160
313988
546049
244813
612872
394565
62925
784021
670317
484731
701008
765155
49074
245025
381138
774680
335001
599566
25217
102347
215108
122337
677449
244307
147077
442139
720648
523963
810487
111967
174698
490267
197892
179681
190942
500337
509225
802232
394426
314287
502106
853512
937404
37449
41094
75578
819684
228478
574061
315825
168558
956195
19207
269928
636493
872253
60971
625410
530065
516694
151493
860122
219159
472336
887802
499979
429237
526226
511010
141655
499833
609261
358549
223775
772707
666421
493348
792740
554308
208179
8159
738782
702328
190826
997919
136301
56376
687408
23215
152891
547781
439293
498248
105116
750106
959336
169585
854359
834300
460050
577069
664424
452281
697727
805486
777760
475493
820894
590519
687254
252925
463247
151579
695497
157538
50631
225330
210437
413544
146421
568812
732171
587003
7843
336049
992524
745174
265413
822505
497348
521163
664277
38168
70978
825504
571635
310304
547686
806034
542174
939575
75091
499942
177149
722358
462708
956739
148271
237064
571078
320694
257324
526688
114563
736263
474100
783407
435495
66220
154448
65582
219336
423145
507291
262667
563049
65582
998728
701783
972330
932531
369996
702328
527920
98571
704359
205822
875734
822005
23589
932259
966854
632358
338362
814909
142819
550521
80669
525341
22655
416886
569946
233331
183007
938394
104548
476999
484382
75971
714604
322605
478102
922651
918823
385578
368529
237415
574133
559788
102176
791059
739919
671832
13749
947590
109137
26885
207133
7404
32153
87740
134095
638065
360537
566366
189024
486734
613166
216073
978948
291026
678666
788485
910031
858165
624979
334019
742793
226638
99798
321035
667564
524084
934143
531493
322141
570920
631022
417032
664414
516120
536600
91373
868969
96927
596698
718820
33309
703287
486154
450121
388361
561361
268911
7419
954827
985090
60569
486722
954551
976275
416886
337409
275129
681288
557230
30042
548859
457084
259122
723825
405442
966726
728602
733499
136681
358307
830471
822893
269180
158918
866084
29908
165782
491733
897638
718237
494481
64617
434411
675860
823021
976275
519622
192902
