45492
76168
829624
741055
453487
939791
339579
287971
249002
444263
390617
553195
954449
820606
936707
285393
631161
474663
314153
226561
606262
40473
156730
8114
371578
378856
678500
474986
841463
347277
546472
985231
728603
529884
174581
64983
400562
423604
336149
886615
180664
848646
596040
140011
548483
202624
155200
579585
261427
305466
229053
702005
986196
241966
363246
744446
100421
384448
967659
453830
987780
472838
423672
60984
629822
594801
18696
201654
871141
442496
138500
631234
230750
300780
67213
92334
515770
412887
626286
867206
752215
17925
828410
900328
293281
836767
397247
146264
460759
11537
810510
387367
674275
902453
545354
702995
826034
112893
767889
988348
838506
248045
963947
41147
916880
384319
164706
718072
376408
545688
374765
946252
257701
300306
598150
496971
572980
489773
116346
239655
367536
750897
416199
19304
289059
878319
795045
285393
769468
262751
674874
742361
9510
473497
21756
987519
354566
218183
942526
491496
402696
918663
767797
140731
87478
74436
338073
356844
816812
424244
565764
391932
560699
273431
275873
595518
732551
777781
250676
231929
353777
309900
929738
46188
615189
538742
254876
397636
418259
302778
7371
491580
281517
123354
698908
37417
453209
748256
920422
18758
653377
14313
96930
674263
593344
788216
328825
937281
670334
748316
46988
922651
378300
953820
257659
176978
420061
520723
407176
285808
789839
844019
824988
580052
603670
902173
344319
481002
50731
193963
928910
694055
596938
79020
404636
723325
917517
900805
103949
481596
866108
89373
995960
953156
809098
516768
426556
957339
150064
718087
6731
921936
674275
14445
991767
785203
126903
160315
942635
29908
104299
864035
732220
865706
233985
115054
160704
513909
757222
298448
396663
162454
672564
908722
771076
964858
489354
322728
891876
487785
483836
838715
443712
962340
633975
431270
431347
915878
740393
25217
601650
100507
397304
484331
492677
626080
87259
41773
821061
62029
264597
203584
483022
105590
717686
644423
104731
9444
42628
662258
980454
106490
337845
716267
340221
618372
934677
682568
559233
371399
590608
380486
761477
586501
291192
952460
889019
523963
337848
897105
184377
191351
481002
237064
857461
578355
814957
474528
152011
593548
169017
149482
541442
117199
67611
645884
364395
58202
521988
110323
70887
41147
12974
408088
226268
165476
696170
673271
215773
473758
170725
58202
67836
6840
657748
594708
183007
731931
766895
458704
960563
882209
732220
588232
522439
639498
623492
358273
741876
605446
322728
813734
918033
134276
995466
246731
658327
280415
976073
240276
274762
814940
468574
690159
858462
962471
666789
934115
51925
206752
279418
596632
608554
555883
405048
737615
6213
870163
647244
92207
145719
168596
523528
460506
735118
845376
166090
186056
602627
540087
490124
533348
738690
870713
701293
993670
274509
831286
740224
240595
789226
141530
863669
805968
278205
960401
151684
224702
530785
358319
525967
163611
176543
464512
916880
324249
378515
835826
985278
424642
280016
729400
215551
484702
550007
985600
44651
461025
163443
804518
616480
563797
218128
914360
168820
983223
823022
985002
550007
164012
860698
967138
114187
897105
826936
936242
815795
193782
871900
781153
423859
337077
824682
453830
658284
112746
816238
330146
993670
894304
151564
429780
402696
580799
478207
385915
22853
308262
233222
179878
772484
193078
648686
185155
990067
734199
859272
121039
643428
819422
474406
795491
775487
806163
425050
973610
914470
130833
9729
525081
101037
276272
20086
525659
816246
950641
868787
882571
623658
541442
239173
792158
237742
379170
491573
115542
520378
295556
468983
489447
707014
843454
960677
120421
633548
743638
24215
502991
868825
489227
707272
798230
142592
486790
981163
10388
301977
776500
712368
440812
748548
587596
84275
455644
18507
151383
208976
361540
231438
90285
995960
42688
275848
733206
531310
451519
551703
177710
839177
693513
556697
874906
79508
198122
35250
811998
916167
417498
931050
344568
529770
829034
546186
704647
371952
704575
32905
615645
418159
521263
566421
523260
191795
937281
764192
815363
329544
375418
560699
211421
768713
395829
851791
866726
586074
559302
734821
204091
218477
91236
486828
561410
820381
492141
27727
795239
892926
217410
75293
729740
23104
692550
920906
203227
36940
414406
151564
683485
453149
116507
503488
650421
629741
733670
894304
33611
897001
167161
302087
376408
59669
548128
454037
346475
290618
638498
614904
334938
549084
95777
205822
466038
645567
816573
59391
146234
190600
723899
842964
301320
733206
348479
443162
271149
8501
626008
953741
877712
745850
121059
46019
153889
494540
448042
881331
740955
915376
104864
134000
249657
275873
136710
617614
897775
223981
184377
70117
671910
499726
262563
460436
65731
365999
163198
294178
815030
467861
215690
906378
792158
27624
350912
560931
979443
225077
800568
930984
994778
420220
612872
119796
732698
784021
670317
897353
279874
765155
49074
245025
381138
774680
298596
599566
25217
791780
215108
407678
677449
244307
147077
442139
534541
523963
810487
328825
174698
91104
197892
179681
904594
827303
196872
802232
871141
314287
634926
853512
937404
37449
41094
75578
100252
982190
574061
998649
168558
470197
348662
312273
636493
872253
515249
448042
530065
503488
742825
860122
923021
341475
517079
438640
429237
526226
511010
141655
499833
609261
358549
845477
772707
829624
493348
792740
554308
403570
8159
418155
410839
284402
997919
136301
56376
617614
205420
152891
909987
951296
973505
606396
750106
25598
669397
854359
834300
680323
147897
664424
452281
697727
256446
777760
475493
224534
590519
687254
227523
39792
151579
960798
157538
50631
225330
210437
413544
925909
727349
430414
587003
7843
369098
475792
745174
199188
494540
304952
375418
165476
38168
476116
825504
571635
310304
547686
806034
122850
939575
716172
499942
177149
722358
198122
635470
148271
237064
161829
334984
257324
526688
114563
978756
474100
783407
435495
206341
847366
262904
782127
423145
900416
262667
106928
262904
760975
701783
972330
932531
439250
410839
656109
116546
704359
205822
875734
646426
865873
940126
966854
632358
370060
814909
142819
23574
961897
525341
788788
416886
546472
63618
183007
938394
903320
476999
484382
895606
397067
322605
478102
922651
918823
639683
368529
237415
801725
559788
102176
791059
739919
671832
13749
947590
109137
792158
207133
675441
47651
226994
134095
638065
360537
544978
328139
753624
577799
216073
731472
795637
678666
788485
910031
584496
624979
799659
742793
226638
99798
321035
211170
535009
934143
531493
322141
9327
631022
716894
664414
516120
22905
91373
868969
96927
596698
782699
33309
457154
486154
450121
388361
679503
268911
299255
954827
985090
761885
486722
447599
976275
416886
337409
938289
681288
557230
65066
673939
457084
259122
723825
405442
966726
728602
733499
41890
358307
833192
822893
287404
158918
228510
29908
165782
491733
897638
364256
494481
64617
434411
459762
619604
976275
846529
192902
