45492
881718
112350
741055
266492
877791
920425
85253
249002
910803
172002
553195
824253
155821
452169
799708
251576
474663
741273
708502
432902
215672
642599
851746
91129
328375
678500
782267
280076
347277
546472
499605
514299
175579
639700
485373
400562
663963
236130
206651
798571
848646
596040
299533
401024
202624
526721
592430
539649
305466
229053
328136
986196
485102
351132
286605
552222
384448
239163
841345
952159
859529
40979
735090
768706
58793
281450
227655
831902
285106
8226
492502
940655
300780
425447
860891
251186
133156
626286
867206
918568
685338
130540
687393
591031
274121
442864
208901
436623
236823
961185
882765
674275
675632
357155
673134
996125
5810
40716
784894
397817
779460
527116
134568
782858
357870
96660
674460
771370
360979
963788
946252
88875
405914
240519
768450
761678
489773
325116
376010
688057
750897
871738
818108
354314
122162
567077
799708
154956
262751
243206
889488
818182
603475
21756
202126
637886
218183
942526
878024
402696
869711
628525
140731
588901
162722
547553
356844
797884
869610
714436
391932
560699
81678
171769
956871
418137
444726
250676
594319
581220
481865
929738
235099
615189
492555
254876
786834
363689
245004
7371
450180
668548
123354
40241
37417
453209
947415
920422
18758
812463
14313
310674
255239
71292
940097
235849
800961
923980
769458
118138
499468
378300
904781
782478
45710
303540
269013
133153
285808
268026
523474
675298
96190
984308
902173
877507
855080
291094
159985
369520
694055
250398
270647
850741
415748
917437
674511
783354
317904
74610
91792
252122
163053
355758
279756
378430
872793
206035
924236
861185
921936
674275
14445
144875
785203
396366
160315
753863
29908
104299
864035
862926
364752
489867
694460
387178
646046
619263
521476
650692
761256
76350
203169
771076
594123
489354
322728
97819
707550
314251
284591
443712
230215
707760
325706
965128
922355
251658
698590
807192
395338
246569
550757
562407
626080
216070
37080
215215
745933
289322
747488
148318
513707
717686
644423
104731
509873
908309
616215
118584
106490
130019
716267
590274
13853
113821
113082
559233
127244
467781
431573
319439
627660
177191
263629
889019
283429
471177
405920
184377
317549
855080
237064
451474
686922
422897
474528
152011
503138
72219
149482
541442
929043
67611
268871
279828
931801
521988
278698
161312
134568
391966
45573
512627
701770
866416
655920
231422
473758
641051
931801
992352
416100
790362
25011
705777
945531
39776
931920
960563
665771
862926
762169
499433
300801
623492
213437
190293
162458
322728
813734
873622
685324
995466
413204
451827
147141
976073
93192
274762
171511
801736
690159
507547
494298
905707
934115
62776
136913
342704
596632
608554
5495
236121
122977
788330
870163
210332
73244
988223
848655
731655
350441
646708
450309
787349
356783
815225
540087
607428
877898
498004
122506
311229
606840
787359
901572
664179
827990
789226
141530
562892
380274
294961
960401
151684
224702
439673
380295
119117
37204
176543
777610
782858
829686
717506
199729
596947
503810
457784
729400
564476
812178
550007
885313
642889
538933
163443
382285
962145
971015
218128
78248
168820
983223
315765
144719
550007
6828
412093
120135
264820
405920
968901
537307
815795
193782
288861
781153
405705
337077
824682
841345
658284
498170
1397
746543
606840
573099
928892
80498
402696
580799
478207
350229
574759
124054
897711
526046
772484
683390
648686
484073
988651
882779
546392
564131
796891
982111
54840
920956
775487
555991
229663
446207
914470
130833
34981
525081
738691
733988
197791
468893
712886
866336
777179
705781
413773
541442
239173
609053
128871
379170
491573
656893
614409
975328
183518
685872
474457
793818
270248
446544
158020
225200
14861
617277
925373
209351
581178
798230
944422
802923
629225
10388
301977
562132
883521
389884
748548
256947
196909
261254
18507
240047
756075
896766
922336
90285
252122
382125
275848
463126
147627
438772
475718
500306
262745
693513
556697
874906
115023
198122
204345
811998
916167
417498
779505
718252
140395
249058
106469
911094
676178
155860
32905
708039
526393
108118
36955
624087
191795
800961
878589
339110
385187
375418
560699
951945
675107
166729
851791
866726
561418
559302
445109
43646
372746
399218
633384
457510
769416
890730
593594
627536
483435
200522
719345
281156
23104
727635
759638
890011
51410
664095
928892
231098
364034
116507
503488
650421
268500
448730
573099
783126
191896
508887
17014
771370
59669
486199
288820
987607
364389
508302
614904
334938
915339
95777
308314
60248
103698
339655
59391
146234
190600
831073
783691
55118
463126
991916
443162
139164
413779
100903
431450
877712
745850
827379
201647
153889
822505
436148
238954
686834
915376
590284
998934
536717
171769
136710
421582
710487
80349
184377
70117
656529
474775
149407
266031
404443
947856
14949
485329
598214
467861
804
739989
609053
27624
19500
874140
802065
18490
409371
227307
218076
420220
155731
119796
732698
872233
358326
65966
627002
29053
165728
882028
800801
625588
271305
599566
698590
923335
215108
710290
174881
251517
147077
466405
5627
283429
607835
235849
729960
490267
864000
596702
904594
542884
196872
255602
831902
215490
196772
536525
410880
455022
25444
16221
977230
615800
465214
998649
60605
832855
188960
269928
971329
22598
829560
436148
586842
503488
521178
558311
703730
28992
796070
8629
976084
670071
511010
766877
673635
215526
706047
845477
419749
112350
493348
133058
967073
920199
8159
418155
410839
912378
997919
826802
974788
421582
208463
914562
42435
951296
973505
606396
334251
855207
94729
854359
212121
680323
442161
236408
687833
769456
92302
777760
339374
148850
620429
709597
252925
490234
285808
395666
157538
997991
225330
164973
143189
442671
727349
856080
587003
7843
336049
527268
893493
119541
822505
104627
375418
277783
397907
553832
825504
960475
902480
547686
483626
122850
939575
430398
614159
177149
722358
198122
936111
31073
237064
226016
537484
257324
983474
577251
892290
108196
622964
351905
633281
312007
800785
11391
692673
675523
262667
568091
800785
760975
701783
972330
932531
439250
410839
613046
476891
523485
308314
875734
50311
865873
386628
690715
135967
338362
663661
32148
28098
961897
251986
68957
933807
546472
530895
705777
737017
903320
95842
807663
895606
397067
142517
389699
499468
245953
668185
840863
237415
574133
172445
102176
867170
878324
671832
781498
711670
109137
609053
611392
32986
764021
87740
14110
876163
323267
544978
189024
644131
786882
216073
676763
795637
319822
961086
722559
858165
73169
334019
955696
235950
756436
935184
461067
903495
934143
870718
302193
7019
799946
716894
196455
441353
893062
825775
868969
669989
983160
281347
505502
703287
518987
450121
721985
162512
268911
257150
954827
171208
438677
88442
672137
167443
933807
337409
275129
925590
626671
30042
673939
296028
443253
170002
490642
412941
611674
299800
265656
358307
183189
527038
266191
512206
228510
29908
125120
723225
609750
3825
737908
980884
933019
715006
619604
167443
846529
140625
