84524
437998
268144
3745
629601
581835
80015
125249
869915
322922
469031
386627
607138
819547
727938
379768
722848
924524
553980
724519
43188
240689
270324
204447
494521
795145
710537
113979
914903
362717
33528
809086
573362
168660
585401
467800
901212
549372
397971
705850
291589
725499
49645
763884
668310
788488
419716
919458
980031
258646
996519
551570
496392
969067
357461
353169
88879
179721
231527
499567
686095
238860
861587
748103
359151
39947
92904
532363
224779
335883
357109
354141
696987
674006
154271
86581
830954
998432
108143
312978
25508
695338
641921
46470
55060
629070
30822
316897
717445
741179
294522
277164
416439
990674
79541
283550
668736
714762
447431
919130
976608
621961
260879
121903
751300
651768
828761
302365
241203
70855
954792
515207
349435
673764
478601
209985
900467
896759
944287
12043
9364
311281
69420
74972
247127
629061
578235
926623
912090
89839
109457
391301
614340
542719
130232
427438
953217
408367
964229
693248
204182
482581
289048
923032
217934
222541
526782
386410
61627
479741
723746
144364
371984
895596
312823
740244
205538
104680
394026
942121
429903
951469
412334
297923
94955
27619
815415
668924
291292
127998
480242
327616
574633
679118
972536
907243
542849
280718
462509
604675
676382
41004
721501
890542
141408
936355
915176
437383
419011
547727
109827
780926
119684
643566
273457
913399
441919
975640
810106
277240
513850
237332
488485
84352
235976
808187
274202
374448
503111
784787
535000
203027
667638
167242
88054
54854
215436
378045
74769
559007
957533
435016
637108
958394
199257
131327
389397
399222
454969
890252
900735
181827
622108
650441
135373
875761
688054
11335
800727
998203
148946
266345
934661
707746
734552
965983
538008
588402
670643
745331
153832
515395
974041
895316
976166
649895
199494
568958
733364
195314
241400
44508
120970
525808
4188
894456
602961
108838
911085
757382
566332
695692
143250
226991
658234
472984
313807
429025
95125
841041
34594
749985
76522
959299
80594
671104
7610
122112
310306
603565
638891
865656
856321
36668
600678
209256
201161
800547
856470
9439
687461
872424
593946
914807
606107
225269
482228
944623
784160
423713
694579
91773
91402
790464
443828
708729
604617
606240
895506
436300
47219
182625
485524
10507
35202
678069
639969
656649
745521
570629
922980
90546
283720
641904
511087
36762
640908
398769
227774
741671
775703
775457
588748
734935
546631
831569
886259
722416
250558
54599
359371
374957
969124
695088
354875
603057
658991
788725
12769
647195
985767
948749
344953
118569
470101
546852
162710
670182
920583
943409
253960
627643
641740
364460
81583
272909
254005
130247
807059
925087
379287
844135
587918
62332
161569
533078
989895
688872
355334
856736
377444
447636
541835
487991
707528
209870
763494
785723
31934
991889
361909
279569
364229
837282
699071
889767
350524
774731
744964
685743
303940
338023
673142
722539
784145
310129
210075
553176
313423
63263
100706
471748
821083
185763
256180
325602
874343
763640
795720
487955
966094
181808
569517
321634
502515
335567
4923
904468
819075
263794
793049
755631
856639
218597
302679
309339
676760
322908
214303
722575
161352
703274
921926
930235
685433
751744
819262
2609
668963
528707
307316
491179
495869
123647
625162
811392
294114
13669
512775
710177
109991
862868
827977
878326
671302
102438
990315
610280
417961
474444
135667
779681
518675
894304
989627
12030
462068
261481
465222
581142
30141
662674
863055
257427
345804
247562
87623
520724
338353
500212
366275
707023
233986
658474
746931
712865
620641
298153
452769
489212
713650
187318
420836
934666
719545
303908
15899
536974
954659
369170
832548
193850
925565
830059
895387
861544
55743
105738
727890
175201
959703
36500
622432
700374
247740
672470
221097
645967
718207
904531
457662
542193
421604
151800
210950
362681
54638
706166
469954
705397
803891
365417
772975
584105
130292
444508
397232
904162
182445
203928
521116
444514
5529
386219
362775
219512
377335
989750
980041
960791
546843
651347
3450
491433
440467
377140
511756
457397
983373
933138
257529
295834
231779
598071
260380
693990
389017
964638
772107
191308
314258
74758
941398
578183
696723
276326
613349
654454
614906
190231
326396
936678
240559
77660
143731
672573
17209
859010
19112
386688
289692
631572
336847
730465
247595
673054
244450
681964
232850
894158
892686
428644
793331
147112
19845
953770
591799
845512
582498
718107
270558
548384
435569
737087
447001
765724
402407
381316
967502
868407
559085
794215
603259
128439
533584
401255
344903
157593
243792
504633
100484
744856
104539
305644
673354
384380
241150
510237
941196
625514
983018
150909
583634
737504
125164
620574
783125
42043
406766
837301
683333
473916
401144
301452
886203
66656
157700
206009
33952
543136
84379
715085
910266
279335
799005
819805
526749
244179
294034
796
785918
40418
295040
626968
279624
264689
729950
998843
516452
851904
920070
299857
95255
464868
579870
908759
297810
940428
938860
793997
819519
904355
448030
35996
113884
195327
938071
846923
374942
678642
872377
364762
802681
780327
396324
42090
32633
102160
494981
458029
30141
570996
320311
836325
79902
233054
579622
301641
236001
140007
66010
972107
50596
769857
150867
730243
406215
342088
147332
29147
867416
710370
926705
883218
91224
608840
218810
810155
421779
528701
725945
162525
691415
748200
504272
218941
406888
46788
816977
35226
408263
208474
447201
823910
721616
849034
459062
682306
932723
87922
778275
891542
132463
252353
527381
641460
931818
475764
39329
10470
284720
32906
300268
214446
246774
279898
82013
820687
355997
635756
283593
992124
510065
890261
736912
969254
318368
837356
616078
913437
852092
648842
435672
256669
616715
522753
621687
734537
738274
878344
762166
622204
201465
86891
368909
41716
190359
742999
548380
732826
674508
175395
970028
473457
615106
864075
192812
66953
65844
909780
748556
860945
590747
823473
42946
322239
705413
444120
946668
220020
479526
568510
60553
368968
101636
215581
685948
951308
821316
894054
815660
887165
237302
165753
640043
615173
896924
751575
165098
801634
213984
162112
219885
154899
305904
275397
825527
740418
444116
6554
571974
417183
438139
945482
871132
216725
88163
748133
135249
142617
971334
710043
739658
897302
579202
124070
823518
710017
841348
812635
990391
991810
532121
304867
445622
770219
819737
773583
527047
847359
572546
98661
245972
979047
709412
385333
658074
942962
192014
148038
333038
780364
879373
777435
816489
646990
776350
999547
967456
834393
135052
382987
689773
280389
673847
863245
529194
402627
525039
583216
9732
941680
446297
975248
909878
851293
634768
961050
647716
520841
399091
921234
51675
948135
350567
172654
317324
455999
96354
887766
54029
818706
37943
808457
388972
840620
56403
599940
126641
463336
392773
569722
995689
258960
589827
86259
635827
243620
513289
15157
555574
832950
901663
856804
344913
220166
40394
562428
44700
126846
843996
237809
631456
81676
384656
884716
19475
940083
91991
461747
