405279
95475
434909
541626
629601
75499
80015
420524
596327
401834
953251
403732
607138
217379
919969
392025
998758
806042
553980
399667
750722
881474
154617
43206
494521
129833
710537
113979
831290
768123
463982
984367
154441
634352
307615
184343
901212
919063
397971
691066
494145
87972
49645
243727
94611
685013
44388
46799
707893
298142
825614
561589
749637
969067
86322
727978
119883
605337
392430
576550
686095
482947
149129
394919
359151
39947
989517
990821
78857
335883
204549
354141
649170
437879
893866
555026
830954
998432
822556
773987
25508
604756
430799
841884
55060
629070
30822
975040
717445
203032
942456
277164
252675
782580
751178
377825
31808
161545
247633
843727
976608
143684
755885
839850
202526
726580
92301
302866
805659
668730
701803
266552
704662
922469
478601
145045
900467
99740
586750
270597
381787
408126
69420
708834
903571
629061
54980
416837
912090
488639
659914
621302
614340
830152
891211
668010
728335
72164
818251
372400
204182
372207
285417
434413
771711
515866
304183
706325
189327
479741
723746
539280
371984
259737
858339
740244
844776
601669
364597
76743
196186
278344
412334
297923
540088
776376
56974
13799
291292
127998
218000
506562
474026
637907
559599
698884
542849
522669
100050
905710
132896
540615
623886
838434
730617
674392
128502
30852
659168
52118
783245
619116
272691
289959
222798
693861
259136
840433
823579
977395
600602
237332
441983
302883
799185
655586
511350
374448
790275
833540
291
405264
418660
167242
915288
54854
869722
378045
74769
923593
957533
2101
637108
321634
946318
131327
709969
221213
454969
571303
900735
279703
576071
939593
711728
808986
752401
582244
498571
469227
512986
524960
932309
583518
757443
965983
538008
398165
876961
276470
369166
521830
974041
895316
883927
649895
984841
568958
733364
681446
464646
44508
259639
432286
4188
894456
602961
423494
576669
748173
367561
448194
143250
161571
859980
47554
313807
897415
219034
841041
33917
613412
540666
959299
80594
195799
789580
888521
141178
603565
318866
532132
856321
827398
349392
209256
965646
364762
93421
9439
291875
369232
907547
25421
39251
225269
299850
237806
784160
839235
465301
915262
626551
790464
198506
492553
548268
606240
552613
107154
47219
26039
151464
559942
337137
678069
639969
882326
658256
431373
568773
551917
63019
535572
971374
36762
944185
398769
807848
741671
784765
958413
588748
351197
130589
831569
886259
386574
250558
54599
359371
490335
101960
662569
70823
603057
658991
368701
633179
49515
985767
577321
452091
188760
465526
259373
119559
418100
209382
303237
253960
97246
426748
757992
109372
272909
15973
130247
472782
31142
765780
893750
35744
62332
776984
533078
174231
285857
355334
361064
205591
447636
713141
902541
347271
275337
763494
590938
680814
460466
361909
483877
955992
837282
659480
639665
676435
128345
428234
685743
483683
453111
433873
722539
900937
310129
299856
294468
81527
63263
337641
471748
821083
730073
256180
782604
346511
339782
1477
96154
966094
586263
101478
112186
382228
343436
4923
904468
301896
874805
793049
993658
856639
318004
302679
309339
824393
514128
20271
4891
398201
446034
387745
861415
753593
751744
523934
685008
521516
160430
502048
405210
262959
123647
625162
672189
492219
120058
69723
20994
301909
812364
142450
75461
859399
210899
447833
849202
417961
58678
135667
672578
429870
157465
989627
12030
737074
139671
186667
677220
918214
662674
139838
66666
345804
969817
738171
520724
417036
500212
596043
707023
326113
397216
607535
464277
865802
928501
916796
318650
555113
187318
410461
281056
719545
888286
15899
51799
598932
55891
833934
10943
107439
237742
895387
861544
741390
105738
727890
39874
134391
36500
622432
876980
471043
263955
159954
510680
62143
177518
858203
613337
713571
51487
724210
66315
774200
305911
222232
757865
6074
365417
819345
585579
604412
276556
203654
816841
182445
823738
58065
682820
534648
678998
362775
144714
711107
167863
980041
834800
286532
380152
752861
396026
626107
182430
683421
76013
660128
318619
862242
531285
463419
2157
260380
693990
175587
657930
592820
191308
947294
765584
925118
320388
284080
516556
919451
107589
811056
336386
326396
608940
859155
829611
676572
86918
471703
859010
19112
409680
679759
702864
336847
343808
316646
953244
573078
681964
198328
467990
892686
400386
33020
989202
31762
953770
307384
868819
381583
875075
222829
781228
990672
737087
697835
765724
762704
392207
876516
702667
559085
107953
15409
384940
533584
826385
344903
157593
354884
86509
100484
517951
905333
493010
637781
384380
326046
510237
932667
821795
96397
533623
583634
880424
125164
860559
783125
720314
365251
994639
637457
573092
723996
301452
688281
351331
157700
306817
33952
543136
601188
310184
187552
279335
48298
143410
745798
244179
795315
56246
785918
715255
295040
743615
318290
505730
729950
49
989037
824846
812129
33153
185830
892861
745890
983783
297810
131306
652715
782090
857562
130524
112081
35996
913186
325744
434018
98653
741355
822902
487896
531867
802681
158728
761340
590155
538285
134804
285251
535081
203714
207774
736173
836325
983601
233054
152923
301641
545442
140007
66010
220778
578508
210064
816326
310834
932524
846701
74421
211839
174354
582284
208380
883218
92913
608840
50473
106246
523122
681246
275206
179122
237542
748200
504272
744019
915130
46788
816977
35226
408263
208474
406628
42031
262147
577673
620006
59626
154906
603126
213878
843828
967427
252353
513224
255482
732455
923492
39329
999918
133556
111730
942528
272969
618276
279898
82013
820687
715674
635756
671047
684925
782944
367264
571755
835205
900478
62738
853391
711790
775816
648842
348108
686692
616715
791717
621687
863806
131496
878344
762166
622204
201465
460730
229518
820454
630081
742999
548380
19902
797007
175395
970028
473457
615106
960400
712710
66953
745408
561627
191202
103460
531489
823473
778178
559032
289319
260449
946668
220020
149112
264596
930337
497417
458416
501039
122103
951308
207410
249826
477365
261766
67615
288377
640043
615173
105193
256024
638321
801634
857876
756073
219885
96400
985457
893205
662992
740418
640827
6554
68642
30904
2544
602266
871132
216725
60887
748133
239027
698846
510022
459954
739658
245259
790047
805682
823518
710017
373014
812635
258682
18737
898679
670383
445622
770219
681399
666389
411797
568567
716779
293
214355
979047
287030
438504
658074
942962
482948
148038
841580
607331
779297
777435
572670
20939
776350
999547
622872
834393
939205
144427
527286
679348
750828
768664
118124
100603
922576
887905
890107
659729
972658
560611
909878
851293
253411
665653
47162
432925
662299
29273
51675
530472
909658
868371
357890
455999
96354
451574
54029
980404
738407
464875
899035
93712
56403
494345
59046
19651
364948
629807
995689
300904
441667
614048
635827
212987
376544
754892
555574
404127
250326
697843
344913
444953
103714
913400
199380
28293
932241
945902
186017
176062
384656
415939
546953
951547
91991
623008
