405279
95475
268144
541626
629601
581835
80015
18185
869915
401834
485099
736737
607138
217379
727938
590424
998758
806042
553980
815117
750722
893368
270324
43206
494521
129833
710537
113979
286990
768123
33528
795970
154441
998089
585401
184343
901212
919063
397971
691066
494145
725499
49645
129386
765092
788488
419716
46799
130885
258646
825614
65723
496392
969067
86322
353169
87963
295604
231527
576550
686095
482947
429081
501227
359151
39947
989517
990821
965216
335883
357109
354141
813183
251617
151388
683454
830954
998432
108143
64123
25508
604756
430799
65230
55060
629070
30822
316897
717445
741179
34008
277164
252675
782580
751178
377825
31808
161545
516310
919130
976608
621961
755885
121903
202526
726580
823522
787531
805659
70855
701803
266552
992214
922469
478601
605061
900467
896759
122097
270597
249793
514709
69420
74972
247127
629061
54980
746304
912090
925857
659914
645666
614340
830152
130232
668010
728335
245684
964229
288137
204182
372207
285417
923032
217934
222541
769054
706325
61627
479741
723746
66674
371984
259737
858339
740244
844776
428379
394026
76743
577687
278344
412334
297923
540088
776376
56974
668924
291292
127998
480242
123237
165448
637907
559599
58150
542849
280718
394812
604675
676382
501584
623886
616717
730617
674392
128502
30852
659168
52118
783245
780926
272691
469942
222798
693861
259136
840433
823579
277240
600602
237332
441983
746265
38561
663975
683917
374448
790275
877341
535000
114210
418660
167242
915288
54854
215436
378045
74769
923593
957533
2101
637108
227236
946318
131327
375034
253930
454969
890252
900735
279703
576071
113472
711728
808986
752401
582244
447397
469227
512986
524960
619517
489383
757443
965983
538008
398165
876961
276470
369166
129100
974041
895316
683126
649895
984841
568958
733364
195314
241400
44508
121809
432286
4188
894456
602961
423494
576669
672692
566332
695692
143250
456235
691220
47554
313807
728536
95125
841041
33917
590640
76522
959299
80594
195799
789580
122112
141178
603565
318866
865656
856321
827398
349392
209256
201161
800547
93421
9439
687461
349367
907547
25421
39251
225269
825127
93527
784160
839235
465301
915262
626551
790464
508127
492553
604617
606240
895506
436300
47219
246663
151464
811213
35202
678069
639969
882326
745521
324998
568773
880367
852092
951539
511087
36762
86977
398769
807848
741671
784765
775457
588748
351197
130589
831569
886259
879819
250558
54599
359371
490335
931677
695088
630064
603057
658991
368701
633179
760744
985767
577321
344953
118569
727348
259373
910919
418100
209382
943409
253960
733536
277999
229800
109372
272909
15973
130247
323352
57677
765780
844135
587918
62332
161569
533078
174231
688872
355334
361064
734813
447636
541835
902541
347271
275337
763494
590938
31934
938649
361909
279569
955992
837282
243051
803863
578272
128345
685341
685743
523713
338023
583861
722539
294884
310129
299856
583916
313423
63263
337641
471748
821083
185763
256180
894485
874343
763640
955673
897070
966094
586263
473512
675127
382228
773502
4923
904468
387642
338200
793049
755631
856639
218597
302679
309339
605616
514128
302964
554460
161352
752914
270173
843836
753593
751744
523934
2609
521516
488423
298162
405210
262959
123647
625162
435187
189296
456071
795563
686731
898688
862868
142450
75461
671302
102438
990315
849202
417961
474444
135667
672578
151064
157465
989627
12030
17466
139671
186667
184392
412999
662674
863055
66666
345804
8518
738171
520724
417036
500212
366275
707023
566080
397216
746931
464277
437915
928501
856363
184188
446812
187318
410461
49897
719545
443072
15899
51799
979881
607471
832548
702988
925565
830059
895387
861544
430327
105738
727890
175201
134391
36500
622432
876980
250258
263955
159954
510680
62143
177518
457662
15280
106351
154462
724210
66315
774200
919123
222232
757865
6074
365417
412087
585579
604412
439835
998613
194406
182445
559123
32972
462182
534648
386219
362775
900274
805075
719832
980041
834800
209340
325742
383942
396026
861648
891070
683421
222338
660128
933138
312218
531285
722029
2157
260380
693990
175587
964638
519642
191308
310536
765584
925118
320388
284080
265583
919451
267545
614906
190231
326396
799593
790011
829611
676572
672573
495662
859010
19112
409680
235427
702864
336847
343808
316646
953244
573078
681964
64648
467990
892686
77229
793331
147112
600283
953770
307384
275855
496507
718107
222829
160929
936371
737087
447001
765724
645722
392207
876516
995086
559085
892189
845467
295800
533584
971734
344903
157593
107320
86509
100484
810426
764039
493010
637781
384380
371988
510237
775314
821795
970412
937423
583634
90168
125164
257430
783125
720314
686239
678872
637457
573092
4053
301452
886203
289962
157700
918446
33952
543136
974519
310184
111828
279335
799005
143410
47082
244179
321706
56246
785918
370876
295040
743615
279624
324649
729950
49
989037
851904
920070
929466
768202
892861
745890
570878
297810
131306
652715
793997
106208
130524
367275
35996
913186
325744
196503
683227
374942
822902
872377
740428
802681
213058
761340
42090
123568
512717
285251
400841
308131
570996
736173
836325
79902
233054
152923
301641
816289
140007
66010
972107
574227
880958
150867
730243
932524
846701
722632
98540
306943
68987
208380
883218
91224
608840
780022
352840
478113
681246
886008
179122
237542
748200
504272
218941
915130
46788
816977
35226
408263
208474
406628
823910
721616
697939
361416
59626
932723
603126
213878
843828
967427
252353
513224
255482
874432
923492
39329
33299
284720
32906
421889
227901
768510
279898
82013
820687
355997
635756
580638
684925
510065
367264
571755
835205
900478
837356
853391
328174
775816
648842
348108
686692
616715
522753
621687
734537
131496
878344
762166
622204
201465
460730
247622
820454
276402
742999
548380
859373
797007
175395
970028
473457
615106
67691
192812
66953
597047
22038
191202
728441
590747
823473
571168
559032
533784
444120
946668
220020
479526
264596
930337
515926
458416
501039
685948
951308
119838
73757
246743
893647
67615
288377
640043
615173
458388
751575
165098
801634
857876
756073
219885
96400
305904
738026
560549
740418
444116
6554
571974
30904
438139
595661
871132
216725
60887
748133
239027
142617
412148
710043
739658
245259
790047
208814
823518
710017
373014
812635
990391
149739
693069
670383
445622
770219
475633
666389
527047
847359
716779
98661
245972
979047
709412
438504
658074
942962
482948
148038
841580
607331
645685
777435
572670
20939
776350
999547
622872
834393
939205
144427
527286
783465
364382
424555
118124
402627
320539
887905
890107
834277
446297
560611
909878
851293
634768
961050
911728
432925
399091
921234
51675
530472
350567
172654
357890
455999
96354
859459
54029
818706
258213
464875
899035
546819
56403
951651
843425
19651
392773
982753
995689
300904
441667
614048
635827
212987
376544
86790
555574
832950
308214
697843
344913
444953
103714
913400
199380
28293
843996
237809
631456
81676
384656
884716
560465
940083
91991
623008
