699973
437998
268144
3745
629601
581835
80015
18185
869915
401834
469031
910524
607138
217379
727938
379768
383385
806042
553980
815117
750722
240689
270324
43206
494521
295754
710537
113979
286990
768123
33528
795970
154441
998089
585401
184343
901212
919063
397971
691066
494145
725499
49645
129386
765092
788488
419716
46799
130885
258646
996519
65723
496392
969067
357461
353169
706589
295604
231527
576550
686095
515470
429081
748103
359151
39947
989517
532363
965216
335883
357109
354141
813183
251617
151388
86581
830954
998432
108143
312978
25508
695338
430799
46470
55060
629070
30822
316897
717445
741179
34008
277164
252675
782580
751178
283550
31808
161545
447431
919130
976608
621961
260879
121903
751300
726580
823522
787531
805659
70855
701803
266552
992214
922469
478601
605061
900467
896759
944287
270597
249793
514709
69420
74972
247127
629061
54980
746304
912090
925857
659914
645666
614340
830152
130232
861642
728335
245684
964229
288137
204182
172110
464619
923032
217934
222541
526782
706325
61627
479741
723746
66674
371984
259737
858339
740244
383151
107892
394026
942121
577687
278344
412334
297923
540088
776376
56974
668924
291292
127998
480242
502189
165448
637907
121970
58150
542849
280718
462509
604675
676382
501584
171760
890542
730617
85720
128502
174842
419011
52118
783245
780926
119684
469942
273457
693861
259136
840433
823579
277240
600602
237332
441983
300939
38561
808187
683917
374448
503111
877341
535000
114210
418660
167242
915288
54854
215436
378045
74769
923593
957533
2101
637108
227236
199257
131327
389397
399222
454969
890252
900735
181827
576071
650441
711728
808986
752401
582244
447397
469227
512986
524960
619517
707746
919215
965983
538008
398165
321387
276470
369166
129100
974041
895316
861038
649895
199494
568958
733364
195314
241400
44508
120970
432286
4188
894456
602961
423494
576669
672692
566332
695692
143250
456235
691220
472984
313807
728536
95125
841041
33917
590640
76522
959299
80594
195799
7610
122112
141178
603565
318866
865656
856321
827398
635347
209256
201161
800547
681857
9439
687461
872424
907547
437777
39251
225269
825127
93527
784160
839235
694579
915262
626551
790464
508127
492553
604617
606240
895506
436300
47219
246663
994543
811213
35202
678069
639969
656649
745521
189400
568773
880367
852092
951539
511087
36762
640908
398769
756228
741671
784765
775457
588748
906673
130589
831569
886259
879819
250558
54599
359371
374957
931677
695088
630064
603057
658991
368701
12769
760744
985767
577321
344953
118569
727348
259373
517745
418100
209382
943409
253960
815624
408280
229800
81583
272909
15973
130247
323352
57677
765780
844135
587918
62332
161569
533078
174231
688872
355334
361064
734813
447636
541835
902541
347271
209870
763494
590938
31934
938649
361909
279569
955992
837282
699071
342910
578272
128345
685341
685743
523713
338023
673142
722539
294884
310129
299856
583916
313423
63263
443700
471748
821083
185763
256180
325602
874343
763640
955673
897070
966094
958111
438284
675127
382228
335567
4923
904468
819075
214839
793049
755631
856639
218597
302679
309339
676760
514128
302964
554460
161352
391692
270173
930235
753593
751744
523934
2609
898021
488423
959756
405210
262959
123647
625162
435187
189296
456071
512775
686731
898688
862868
30754
75461
671302
102438
990315
13722
417961
474444
135667
672578
355921
157465
989627
12030
226756
139671
186667
184392
359347
662674
863055
66666
345804
8518
136691
520724
338353
500212
366275
707023
566080
397216
746931
712865
437915
928501
452769
489212
446812
187318
173618
49897
719545
443072
15899
536974
979881
607471
832548
702988
925565
830059
895387
861544
430327
105738
727890
175201
347449
36500
622432
876980
250258
168790
221097
566469
62143
177518
457662
15280
421604
151800
724210
362681
774200
706166
222232
757865
6074
365417
772975
540669
604412
769489
982817
194406
182445
751882
32972
462182
534648
386219
362775
900274
890672
504319
980041
834800
209340
325742
383942
396026
861648
891070
683421
904412
983373
933138
312218
295834
722029
598071
260380
693990
175587
964638
519642
191308
310536
765584
925118
320388
284080
971745
919451
267545
614906
190231
326396
799593
115756
829611
676572
672573
495662
859010
19112
409680
235427
702864
336847
343808
316646
953244
573078
681964
64648
467990
892686
428644
793331
147112
19845
953770
307384
275855
134531
718107
449479
160929
936371
737087
447001
765724
645722
392207
876516
995086
559085
892189
845467
295800
533584
971734
344903
157593
107320
86509
100484
810426
764039
493010
637781
384380
371988
510237
775314
821795
970412
768635
583634
90168
125164
257430
783125
159973
686239
678872
683333
573092
4053
301452
886203
289962
157700
918446
33952
543136
84379
310184
910266
279335
799005
143410
526749
244179
321706
56246
785918
40418
295040
743615
279624
324649
729950
49
989037
851904
920070
929466
768202
464868
579870
570878
297810
131306
652715
793997
10675
904355
367275
35996
113884
325744
196503
846923
374942
822902
872377
364762
802681
213058
902584
42090
123568
512717
285251
400841
308131
570996
69923
836325
79902
233054
152923
301641
449204
140007
66010
972107
574227
880958
150867
730243
932524
342088
722632
98540
690777
710370
208380
883218
91224
608840
780022
810155
287904
969401
886008
179122
237542
748200
504272
218941
915130
46788
816977
35226
408263
208474
406628
823910
721616
697939
361416
59626
932723
603126
213878
843828
967427
252353
513224
255482
874432
923492
39329
33299
284720
32906
421889
214446
246774
279898
82013
820687
355997
635756
580638
684925
510065
367264
179492
835205
99705
837356
853391
913437
852092
648842
348108
686692
616715
522753
621687
734537
131496
878344
762166
622204
201465
460730
247622
820454
276402
742999
548380
937493
797007
175395
970028
473457
615106
67691
192812
66953
597047
909780
191202
49874
590747
823473
571168
559032
533784
444120
946668
220020
479526
264596
60553
515926
458416
501039
685948
951308
821316
65715
246743
893647
237302
288377
640043
615173
458388
751575
165098
801634
857876
162112
219885
96400
305904
738026
560549
740418
444116
6554
571974
30904
438139
595661
871132
216725
363758
748133
427730
142617
412148
710043
739658
245259
209496
208814
823518
710017
373014
812635
990391
149739
790996
274622
445622
770219
475633
239499
527047
847359
572546
98661
245972
979047
709412
438504
658074
942962
482948
148038
841580
607331
645685
777435
572670
240822
776350
999547
978497
834393
939205
144427
527286
948330
364382
863245
118124
402627
320539
887905
9732
834277
446297
560611
909878
851293
634768
961050
911728
432925
399091
921234
51675
530472
350567
172654
357890
455999
96354
652023
54029
818706
37943
808457
899035
840620
56403
599940
843425
19651
392773
982753
995689
300904
589827
287579
635827
243620
907873
149623
555574
832950
308214
856804
344913
220166
103714
913400
663677
28293
843996
237809
631456
81676
384656
884716
57111
940083
91991
623008
