726065
56065
550617
980218
970147
582184
782486
566049
236978
356785
717928
573940
424480
960542
94109
637693
385688
385869
283956
64067
559715
679346
7331
153812
437811
263258
78017
965763
685249
583432
84550
964243
987789
174714
918158
23429
193891
110487
936294
100761
715475
586447
554964
632807
396339
680867
882496
655010
325566
654281
8521
217363
681226
396339
78707
828883
432490
390620
494622
757831
351880
915521
366277
93132
128384
413020
959063
445374
587437
111097
836214
861677
38411
38012
688284
413442
48234
674102
596683
658457
265238
375542
350749
282615
948412
885649
333022
559985
483083
37425
287058
621333
556712
598709
409991
519623
125714
135328
903665
555945
457218
748829
777506
369101
183816
232574
666935
310757
10440
455901
811171
211678
837448
253282
643353
377936
603608
314780
650844
68923
351983
250215
232337
888634
343501
291687
990750
880755
978504
827544
394992
748048
598488
106601
573617
641074
819528
445146
904749
703522
209939
745529
287858
599700
325327
539525
894151
5807
684197
745851
834822
440066
290749
556642
154174
553660
105825
504764
858529
909072
106516
904320
850428
13904
725772
141532
85528
509412
943552
883169
84558
30102
22867
950275
617216
708288
753062
26014
518654
746307
4943
932616
568880
298236
638106
670086
497917
360730
92992
491614
307454
121884
120282
970480
511557
845197
27344
943077
621608
5463
138415
338291
105825
443628
980228
958111
762161
619120
29654
46953
40010
442438
410966
115637
717279
117712
138326
694802
86283
453293
594843
659868
586285
149308
627309
987744
49297
246354
903665
748046
676087
511682
36157
437342
109540
10525
781656
629677
296758
332401
44258
148936
544345
216387
668672
419453
1054
475432
559185
162408
215489
517791
590469
242561
794851
39677
44929
248482
860720
770517
188348
379126
385198
987507
875490
252141
303789
85687
791812
700871
950376
638734
317329
443879
132076
306408
412046
538878
7698
849560
749950
720659
849278
531954
884225
337352
567817
256161
249547
869347
629437
628108
592622
342264
456476
400914
789678
411990
490755
786854
411078
856403
367921
741283
117480
456476
508539
431178
689781
35324
864608
229939
291686
5451
966066
487599
620971
451976
44417
398559
51806
867909
969882
680308
971693
755792
342311
283155
487370
933575
54
170115
835183
209939
724845
959056
14875
645606
83482
662240
878675
662312
652256
458644
491753
976217
706828
900875
351761
147734
514380
621001
664841
125881
735955
414718
672789
987973
691659
701201
604433
157086
96214
365925
901298
543466
504764
184783
26511
78753
642179
200221
39582
303193
801798
703975
554644
216228
109805
513002
955644
59673
257202
948487
991833
407662
680867
103009
590258
350749
182827
675071
197185
151752
458700
532130
366554
474833
172674
716678
100857
423861
442208
477278
835840
398023
843150
636912
794654
97119
210229
133427
65833
20287
934587
827413
592196
548710
598709
149499
424038
283609
655781
302020
194611
885722
135620
598648
652695
23986
889853
706333
340189
684093
20287
726498
220822
472524
817982
988242
265250
322842
732169
671235
531954
736732
295964
669029
554063
353009
521849
35265
39039
60949
725066
260516
559780
8308
421369
718880
840332
295976
969720
559985
632482
4075
73819
670086
176031
369092
407063
833710
884225
587437
247404
215429
248064
961046
204669
769303
253282
864104
352676
661455
328579
97119
154556
312236
875151
604589
606640
652530
895835
96025
724497
698133
607157
45307
112449
460484
949064
657121
900241
902520
908873
679992
823561
127235
789542
150194
258406
491264
539561
432185
264106
952467
356392
858261
13079
399077
282359
731372
729267
740913
805104
802718
445201
462068
552577
377310
623127
184571
295763
734712
508116
123056
968446
816188
726480
158945
45474
43357
810981
991833
104031
929540
496831
5294
961125
677046
919180
364760
422759
738426
571631
678345
414455
196172
640754
186483
769587
553117
74448
469822
876745
921531
810199
118107
747771
782486
135187
708962
930636
224009
716885
935726
370909
457526
658175
392485
31413
270444
818415
502029
52177
50150
731372
321642
434305
398893
213643
589113
588480
478178
899732
143199
132015
957128
302546
320817
4075
603507
247509
993986
467799
164839
95664
956386
210100
627742
408217
166619
457627
775247
386380
290749
296826
906402
313846
99103
608820
841418
890655
839455
158639
757749
8107
822362
186815
311732
295558
305158
684304
894664
758343
955502
152935
555208
16569
909246
323008
901927
89185
727879
893501
358243
769612
842961
901927
742690
49630
512925
270795
724497
80925
351623
630443
461061
585609
150648
366464
206403
506880
67429
341899
137300
198051
160288
423727
356183
555208
853657
580284
133120
991935
207131
590512
276878
870778
69855
374381
34189
607455
587437
536025
993349
248840
780357
632849
354833
180915
323362
664388
572493
805471
739429
253282
287858
964721
406243
518312
116443
822884
695081
781542
599759
194780
870979
237700
994775
1066
418100
507429
965390
921317
706450
201300
645441
730009
153157
709149
391528
632807
173723
396996
437342
439515
141056
42411
56822
739024
154556
218007
205634
844809
814122
76739
827544
403337
946135
398800
797455
566208
67172
656270
676396
8181
146403
388983
322842
729396
896913
431556
829300
598240
43610
122630
303703
941181
369132
995770
440326
658606
861752
16422
880885
15848
287562
409720
907915
58766
622782
613376
949064
115375
573514
15463
679992
932616
832452
365992
198614
735595
679470
661109
165595
285926
471500
218350
90288
284169
885713
224345
475032
859370
896913
164495
675500
972678
43587
954884
193587
802953
67359
459261
350780
472691
444766
619120
723731
439349
467799
963182
272903
519895
977593
94914
457526
588947
66755
764813
647943
570898
195349
457038
334784
372222
729470
631081
221883
318401
794091
803379
467609
450068
318106
946839
881076
769944
350749
136757
590049
382304
76843
271340
137248
764311
316584
201205
542615
899636
677351
258375
776156
386350
21862
876155
426919
918492
29662
784931
539184
854007
928772
675630
842553
633347
789159
671786
65912
58097
888465
720650
78377
801650
355598
972052
626483
369173
303703
590704
350518
647694
392485
884225
711821
720938
622786
443857
850916
170390
33491
729959
523996
806293
29983
718483
908062
53314
290512
852151
696986
345120
354759
815958
120167
385787
480098
740282
458885
608502
932022
776245
880121
154174
731321
544216
177379
379895
546785
325912
483048
935726
567817
33491
464695
831977
969713
238707
562265
959534
947816
987789
656342
687591
705738
501134
184364
567635
500482
773605
384954
843845
14971
505257
163030
394928
887602
786152
947468
151925
365993
415719
974970
401903
372629
406746
642289
723125
361099
268823
138801
700192
646331
801798
78701
99189
539561
487518
463356
770246
73020
417524
413111
56065
482236
401770
630704
834119
940437
357266
164704
336193
369101
216228
461244
315724
594350
184922
556855
408115
110520
399916
853055
131930
73408
810816
110520
494857
603789
