907127
260717
932284
310906
607900
269466
363121
233984
843427
871143
487849
776106
664243
875941
645413
978073
934405
453191
105194
496624
646197
372931
165609
990657
631381
691368
648095
429676
438900
610078
735352
409
293768
188708
600628
740179
151925
262082
921897
492508
381473
231192
979997
542662
116382
277181
382586
198947
914440
580279
809056
244926
351544
310108
286977
746760
977908
356557
26980
879424
810232
543031
526161
285046
263386
488916
106045
380918
662170
587689
304501
606826
734158
187593
887051
665482
748855
82184
72001
575330
995877
255879
87282
546668
946550
717133
9313
238652
37330
809402
647900
8672
763185
836369
208893
897182
464289
595440
207799
457802
474366
857330
925415
115373
343672
926850
344958
823000
368043
590596
359970
289664
685884
977808
42453
205945
61877
911040
8253
124005
968177
392134
652551
554139
797052
279624
794597
884047
833518
377074
723256
870491
363526
722111
945009
418323
346560
735144
204792
641585
489367
314090
158215
101017
485780
589593
21586
757992
650868
212876
683149
859552
788999
551486
444280
693025
320581
319235
394236
28057
239961
935862
519652
192864
238054
994977
70717
410495
457797
574221
436645
860936
507909
762205
454318
667284
413669
652961
709574
395123
621879
163680
398204
294484
665698
400441
932327
342613
151945
486223
426480
436558
654652
793963
852229
454343
689294
396475
556245
89418
398930
807645
464353
251049
248831
900369
853859
396128
408811
600770
421482
304622
220459
705893
263874
622015
620861
364134
740575
798393
385646
958684
149932
487524
141408
926349
138677
864447
194513
358746
628563
854378
456017
215740
328782
75808
724511
183905
785276
345552
93804
143417
365829
39473
866913
815437
482000
263039
307388
890917
951656
582967
30522
571082
353178
93845
846976
483950
366626
414720
882761
324189
61322
175818
796132
320496
314372
521740
758600
255038
718849
620552
185486
268211
935383
750174
271286
277832
724049
15614
171441
991198
95962
770362
821623
366214
873818
549441
842687
519192
516481
656214
482631
919219
97374
620022
65600
610522
880420
690233
70590
122197
498929
123022
173733
535883
323969
32469
824052
769689
46989
248507
528613
263416
109479
963295
672187
129163
527360
54342
750925
391196
553160
156645
390287
905878
28486
906176
576585
664578
709266
457751
746502
930067
462773
167199
437847
664789
250045
64549
555160
223536
909793
203245
777465
305341
166115
192093
349669
962866
293484
423361
846591
655018
372084
848072
992312
710365
687547
769176
231666
562800
401918
171398
860763
247016
335907
285087
434620
20809
268268
518323
856976
14910
280052
445995
444826
841625
557341
766045
553170
596354
341390
204075
249592
855324
908508
686899
510718
210985
672836
877288
222771
786029
156210
733340
171190
396072
961338
486909
301289
976115
644883
179301
985896
365929
279458
818907
905490
887457
663053
614976
581644
756543
678651
80032
714604
105961
744999
898087
909850
759215
190932
488137
3288
615031
732532
65670
312865
454828
647008
65170
186962
227782
833515
20639
251056
637422
626268
707730
421599
593564
660326
73932
318548
846407
666338
669622
777714
238718
849241
995077
631067
56811
486714
909637
177925
985963
16553
604774
654865
686884
435430
444571
978361
111777
699381
552379
710842
995063
423646
580781
703490
258922
123002
177564
242846
138095
644813
454608
841232
632049
523413
956456
342454
251646
997410
451546
638727
736928
603655
87183
334192
555359
99652
663377
62162
648854
812436
425612
193053
365091
740853
769023
468106
183789
221302
695956
726430
510547
45891
101133
171723
614160
945384
377248
49200
162715
578953
432778
767398
448720
544986
582230
264595
600152
729223
427350
33264
853339
890989
736217
36685
974012
677302
11659
354087
81450
249563
912972
734760
720483
975868
260496
342846
205660
993748
884244
716450
802102
507001
809217
49680
317696
708289
529446
33888
799345
910465
710204
66232
791591
462307
320920
900032
271247
230543
368505
907040
944687
718771
23067
978863
800918
97526
420263
712773
899372
539158
71188
888465
762833
695424
693186
612897
208561
774298
213906
229021
971280
768528
947386
778810
725107
719044
438023
163834
774708
750346
791311
373451
277679
505617
830898
607327
880339
90324
901308
334365
931682
615788
499073
280700
833175
729149
53187
532766
417160
301170
388018
345434
986248
9560
127814
836117
514786
658751
26951
513174
714387
202033
849702
214407
978430
611026
116043
556356
670893
799380
266268
214755
947372
363910
428186
472652
322373
103224
104993
855750
786398
16506
235981
367056
523101
692960
848733
300147
984341
412521
442719
72117
153059
539689
611661
620927
844102
127768
184451
806254
410599
676239
395558
586979
164533
377633
866819
787561
686272
802755
898852
615701
870496
573072
733517
986250
550205
193929
343992
504754
715220
105922
170003
503603
43419
858920
725628
328119
401347
144226
209664
528057
760420
793035
56330
345524
980213
432200
734820
1881
897312
325528
23067
67206
798178
457985
253103
636501
188724
140338
46834
686363
531207
998492
238540
773573
552715
396095
901341
466859
536861
806215
952286
584397
250331
494609
994405
464339
626990
899715
236988
128012
734737
523156
478771
319719
282265
437107
604430
573213
70431
633530
678185
168700
590574
127784
612783
207961
50195
85635
144533
73645
707122
306576
698331
959635
642770
419737
851289
784605
209366
7529
839324
404711
500278
301894
969341
467252
463643
245229
906059
787355
870176
979122
848938
545071
606987
675799
348646
290085
568537
199931
386869
883666
560716
40156
289437
592163
741287
430785
323224
166335
562882
240162
37362
540408
502059
56908
305131
897070
857057
984440
896172
117905
23655
37684
652148
473550
955035
25394
442465
747859
796379
969813
193499
700257
115756
976786
885037
9104
436484
932796
163296
521299
964474
627962
935288
413922
201355
897728
43416
764492
941253
722030
910838
573415
41683
405867
369111
681087
872180
862162
946000
921412
984742
965216
40469
276221
456238
639950
15951
26981
208236
639124
286881
625722
746973
790254
28864
935893
49527
933440
225570
197343
60057
824023
779089
742459
125545
636944
399431
38457
858789
835498
84279
628595
360990
498836
347702
852264
946082
979851
209280
636391
219126
816313
822741
608646
19270
613772
967273
781938
872749
152328
739817
836204
491294
77377
299315
78188
357219
501541
313578
570951
922043
255791
529317
655872
621512
631096
919491
119716
582414
45303
966385
592026
451420
849852
845559
891565
21976
604643
619133
521832
594732
581189
658653
701770
271943
166454
749466
84904
169260
80717
197116
835534
379997
63535
419348
62445
463405
838743
83105
798049
681029
254846
433198
888941
719958
793357
58038
428411
921092
975202
871800
406170
430414
177144
689815
154202
942080
290588
185349
786500
43869
865249
779122
231256
408053
704551
475078
409770
148094
512424
461932
676479
67297
431567
223087
659936
781097
962020
666176
586486
530539
316343
435624
376353
755327
714915
429709
