907127
260717
932284
310906
607900
269466
363121
776373
386851
871143
487849
776106
664243
875941
645413
674564
934405
453191
105194
458725
646197
372931
165609
990657
631381
985924
648095
429676
438900
327431
735352
409
293768
188708
600628
394240
151925
56683
921897
492508
381473
231192
979997
542662
116382
277181
73742
262904
914440
580279
809056
244926
486218
695292
286977
746760
390460
356557
26980
230095
810232
487616
526161
285046
263386
488916
106045
380918
662170
587689
304501
403523
734158
187593
887051
665482
377235
82184
72001
575330
224234
255879
87282
546668
458904
717133
866272
238652
37330
809402
647900
8672
763185
836369
208893
897182
464289
595440
207799
968088
474366
211824
269340
115373
343672
926850
344958
481974
368043
590596
141760
359865
685884
977808
42453
205945
61877
911040
257133
124005
968177
392134
652551
554139
797052
279624
794597
884047
299932
377074
723256
870491
363526
722111
945009
185615
435823
316124
204792
388429
729225
245188
158215
101017
366571
589593
21586
757992
650868
618366
683149
859552
788999
551486
444280
693025
320581
830763
394236
28057
83353
935862
519652
192864
241638
255282
70717
410495
457797
574221
436645
860936
450685
762205
756897
667284
413669
652961
709574
369655
621879
612713
398204
294484
523264
400441
932327
416025
151945
486223
257083
436558
654652
793963
852229
973337
581655
396475
556245
89418
398930
714174
464353
142396
248831
900369
546729
90065
236804
751681
231869
304622
220459
914052
263874
622015
620861
364134
740575
334531
385646
958684
528436
487524
711709
813887
138677
119120
194513
449051
628563
854378
719931
215740
328782
75808
724511
183905
171271
345552
93804
892231
365829
39473
144462
815437
482000
769794
307388
733495
158424
582967
887480
571082
353178
93845
846976
483950
366626
418983
586877
242247
787142
941183
822135
301150
314372
521740
758600
597937
198394
620552
185486
316676
802115
750174
271286
876086
724049
275112
171441
991198
95962
770362
673711
366214
873818
549441
842687
519192
516481
110007
482631
919219
97374
620022
65600
610522
880420
690233
70590
394973
498929
123022
877976
535883
323969
215397
824052
12970
46989
212363
94992
263416
109479
102341
672187
129163
527360
54342
750925
152460
553160
156645
522912
545387
686477
262044
576585
664578
709266
457751
746502
930067
462773
167199
437847
664789
250045
64549
555160
223536
909793
203245
777465
305341
166115
776260
349669
293905
832608
423361
846591
655018
237762
756071
992312
710365
942507
690938
231666
562800
401918
171398
22379
247016
335907
285087
434620
20809
268268
634517
856976
14910
424107
445995
444826
56621
557341
766045
553170
596354
341390
547949
732855
855324
908508
686899
769826
210985
672836
629588
222771
837658
747352
733340
757873
396072
961338
486909
301289
976115
644883
179301
985896
365929
279458
659936
122214
887457
663053
444957
581644
756543
678651
80032
561899
24463
744999
898087
909850
759215
190932
651022
3288
203120
732532
734078
312865
414634
647008
65170
186962
227782
833515
24909
251056
265667
626268
963945
421599
593564
309888
164962
494128
362576
666338
669622
777714
238718
992806
133131
631067
56811
80048
909637
297453
985963
618806
129568
654865
686884
435430
129343
978361
111777
699381
552379
659390
624869
970552
580781
703490
258922
123002
563060
242846
138095
644813
454608
841232
632049
822850
924308
342454
251646
997410
451546
638727
736928
969079
87183
841752
555359
666890
663377
62162
208562
812436
639521
193053
365091
740853
163645
468106
183789
221302
695956
726430
510547
45891
101133
749401
800569
945384
310143
49200
162715
490881
167851
509232
448720
544986
582230
264595
600152
906564
427350
33264
853339
890989
716514
519050
667226
677302
11659
354087
81450
249563
912972
734760
451252
975868
260496
843582
205660
929071
858044
716450
802102
507001
809217
49680
546291
708289
549672
33888
799345
910465
710204
66232
791591
462307
320920
286929
271247
230543
368505
907040
512950
879032
23067
978863
352954
97526
62301
712773
971401
539158
71188
888465
551550
695424
602603
286485
983629
502294
443634
805305
534934
42372
947386
778810
725107
719044
956610
163834
774708
750346
791311
373451
277679
222180
830898
607327
880339
90324
901308
610436
350799
91683
499073
280700
833175
729149
53187
859605
417160
301170
388018
345434
986248
390590
127814
836117
138351
658751
26951
513174
545046
202033
332291
214407
620776
611026
163221
556356
290631
467969
266268
834011
947372
363910
686173
472652
307676
103224
104993
855750
786398
16506
235981
367056
402663
626004
848733
957500
49287
732341
442719
72117
434290
539689
611661
620927
844102
127768
683690
806254
410599
438290
395558
586979
164533
377633
567187
787561
686272
919433
898852
615701
870496
573072
733517
714835
231175
193929
343992
504754
941959
189055
77535
503603
43419
858920
725628
328119
401347
144226
209664
528057
760420
793035
56330
674506
833784
287593
460729
1881
897312
325528
23067
67206
798178
457985
253103
636501
188724
140338
46834
567007
531207
998492
238540
581425
552715
196744
152386
466859
536861
320476
952286
852429
766051
494609
994405
693641
626990
899715
236988
128012
734737
523156
478771
319719
282265
437107
604430
128669
70431
633530
240588
749532
590574
700974
612783
922758
656089
235860
144533
73645
707122
306576
698331
795159
642770
419737
851289
784605
765594
7529
839324
814526
500278
322098
897415
467252
463643
245229
906059
811994
870176
979122
423008
545071
606987
675799
348646
290085
322286
199931
386869
883666
560716
806122
289437
592163
741287
430785
151720
166335
562882
240162
503373
540408
502059
56908
702474
897070
857057
984440
896172
703710
23655
37684
709971
101762
955035
25394
967566
747859
796379
969813
193499
700257
115756
976786
885037
274983
284858
932796
363337
153364
522924
627962
935288
413922
201355
897728
671083
764492
576092
722030
910838
573415
187739
405867
369111
681087
872180
862162
946000
387415
210503
927871
40469
403480
456238
639950
154049
53374
960450
639124
661479
688418
746973
790254
28864
935893
49527
105539
225570
58450
60057
59191
779089
300137
125545
636944
399431
38457
858789
434774
499199
628595
360990
498836
813021
852264
946082
979851
209280
636391
294667
381020
822741
377328
19270
613772
670498
781938
153058
152328
739817
836204
719799
77377
299315
78188
357219
501541
33486
570951
922043
746928
529317
655872
664798
631096
919491
119716
265962
192816
444478
592026
451420
849852
845559
891565
21976
604643
408295
521832
471186
581189
658653
701770
271943
166454
749466
84904
169260
80717
197116
835534
379997
850880
419348
62445
44358
117421
83105
672031
977121
669710
433198
888941
719958
793357
58038
428411
921092
410728
871800
508263
430414
177144
689815
154202
942080
617673
185349
786500
43869
507910
769613
231256
408053
704551
475078
409770
148094
512424
461932
676479
67297
431567
223087
659936
250075
962020
859013
586486
55315
316343
435624
402777
351677
625925
429709
