907127
33386
932284
310906
87806
767903
445337
197986
814016
871143
487849
776106
664243
875941
959839
978073
934405
133673
105194
976802
646197
308696
243548
990657
285229
691368
648095
429676
438900
610078
735352
409
868789
188708
600628
879239
151925
753773
921897
492508
500762
231192
979997
568418
364631
277181
382586
826475
90287
843693
809056
244926
178794
310108
286977
18726
977908
356557
253046
879424
547491
568290
91366
285046
263386
975033
123644
380918
662170
375467
149144
606826
229592
859080
763716
941050
748855
455861
67387
575330
995877
27695
412655
3114
856657
328541
9313
639488
856956
809402
231449
147136
653480
836369
208893
500642
464289
783686
704676
457802
909454
857330
925415
115373
913629
189450
344958
414518
87199
590596
340519
696094
186103
578305
625188
205945
831320
911040
8253
383610
968177
949427
652551
554139
797052
279624
327695
884047
362602
118181
958976
870491
611813
280785
945009
418323
346560
29038
656401
684016
489367
314090
158215
488389
619807
589593
120656
214528
806899
212876
683149
140938
788999
636720
486173
521120
320581
319235
394236
28057
295739
935862
305751
880130
238054
31934
70717
410495
745348
974982
129421
860936
196623
762205
454318
970639
583904
128531
709574
305350
707155
163680
274360
294484
428945
495556
932327
342613
151945
486223
728795
59433
686221
195920
852229
454343
262035
705785
56795
89418
633442
807645
464353
251049
248831
900369
896913
477113
410419
461011
823453
129317
220459
705893
263874
81784
526290
364134
740575
936625
454162
511289
605243
487524
79064
926349
472900
564931
194513
215449
628563
854378
456017
215740
328782
113847
724511
183905
406682
345552
93804
139975
365829
39473
591553
815437
482000
721008
847476
974995
769374
842384
279882
4787
353178
93845
496019
483950
366626
388222
882761
324189
477492
68547
796132
510777
314372
982372
758600
255038
697395
751016
443490
183028
55320
765483
820207
277832
162862
676929
171441
991198
95962
48239
821623
196428
873818
549441
842687
855259
321235
910959
601234
11503
97374
114385
65600
568999
880420
690233
852647
192152
553692
123022
92890
535883
323969
470603
281676
769689
46989
248507
219485
263416
109479
963295
672187
129163
25765
434452
750925
527563
553160
156645
390287
692118
361292
906176
576585
81639
709266
457751
746502
27363
769447
637255
437847
664789
250045
64549
371641
223536
909793
718202
777465
305341
166115
154245
349669
962866
163344
212912
846591
378662
372084
848072
139117
710365
687547
142697
365965
562800
893336
705776
326853
390432
277691
474568
434620
48142
268268
518323
775315
450371
592856
138455
444826
841625
557341
766045
58299
596354
466616
606406
900221
299110
908508
686899
510718
210985
672836
552327
222771
357341
946473
733340
259902
396072
259534
124711
301289
976115
542674
981375
985896
365929
279458
818907
905490
95678
88079
387140
581644
125026
678651
80032
539508
105961
816334
623674
909850
253483
228217
984485
3288
668484
732532
457937
95426
289120
994597
65170
167636
850125
896287
20639
251056
417700
844963
352469
421599
593564
660326
302166
318548
846407
666338
669622
348395
238718
849241
995077
426657
56811
341185
183850
410025
985963
16553
604774
654865
725436
435430
698044
978361
111777
42628
552379
790059
995063
402269
332854
895521
258922
123002
330220
242846
138095
644813
228166
841232
811622
523413
727229
342454
251646
316066
786392
258763
736928
603655
87183
845982
555359
99652
663377
62162
648854
642429
425612
193053
365091
601980
38276
590928
900691
221302
843507
536753
510547
45891
815268
171723
614160
945384
680307
755457
162715
383556
461884
528800
448720
544986
725298
307986
600152
729223
427350
33264
302173
890989
788030
36685
505077
677302
440579
354087
81450
249563
795724
407335
520004
975868
260496
383618
418724
993748
884244
716450
802102
507001
526894
733441
317696
556947
529446
192061
799345
910465
710204
750972
791591
552068
320920
378680
271247
230543
708361
907040
531833
718771
23531
978863
92134
97526
69461
712773
899372
791520
293758
570301
762833
596866
693186
613366
799495
774298
542364
530421
64178
404797
96170
996454
725107
121277
544070
176518
26476
945548
791311
847418
117412
505617
184743
607327
49957
90324
901308
334365
861741
615788
499073
280700
875831
729149
53187
532766
589616
301170
320236
345434
928019
9560
780052
836117
344980
259400
739176
513174
714387
564444
70690
796766
384918
611026
116043
556356
599645
747410
501766
182884
947372
312673
291556
27015
322373
939020
934003
511781
786398
860903
843179
367056
127508
925580
32377
490776
63811
412521
36436
235480
153059
136169
489521
620927
844102
552037
184451
806254
410599
676239
395558
586979
164533
916353
866819
648890
53529
272408
898852
723417
870496
699939
611576
986250
980883
193929
939541
933216
715220
413058
170003
503603
141617
858920
725628
551031
401347
262988
843957
528057
188701
66578
56330
345524
116669
432200
342390
1881
897312
846065
987923
67206
798178
457985
405253
181801
630002
140338
916337
686363
516039
998492
238540
510160
552715
571989
212027
622115
665765
625722
952286
584397
713353
64078
349949
464339
686038
604807
271863
128012
142265
523156
131892
319719
282265
901943
604430
894128
645395
639777
678185
691617
187640
448748
612783
908667
809465
937023
144533
73645
731440
134921
698331
781639
342171
419737
851289
784605
209366
7529
61119
404711
500278
591435
969341
467252
463643
245229
914292
787355
870176
400674
848938
102276
606987
423348
348646
290085
193299
199931
111491
883666
560716
175662
416493
592163
741287
430785
212411
512374
562882
414729
905478
540408
959426
56908
227390
897070
786705
964503
153233
117905
423667
921701
20825
947909
955035
408451
908832
747859
796379
969813
193499
700257
115756
976786
218923
205140
436484
611999
3273
114374
20263
277318
935288
413922
201355
897728
783642
951668
941253
175143
910838
573415
166042
405867
369111
681087
821103
683181
655143
408511
100373
965216
40469
452219
680686
268337
79142
449933
208236
261095
303449
625722
746973
790254
662398
772073
542542
467034
225570
725564
617418
824023
779089
279894
773510
636944
931230
176908
858789
347508
84279
628595
360990
568470
84482
852264
946082
979851
209280
525051
219126
987181
172669
822460
19270
613772
615871
781938
872749
152328
631503
836204
308515
77377
299315
78188
357219
999232
313578
570951
332962
255791
529317
655872
621512
631096
492075
119716
518851
45303
966385
425899
451420
932782
811770
421560
76317
719028
457680
521832
643186
734892
658653
701770
271943
166454
46481
84904
169260
80717
197116
835534
379997
269451
419348
62445
837871
92900
83105
798049
681029
19146
433198
299494
719958
793357
286480
29774
921092
541675
880248
427534
826772
177144
689815
154202
898340
290588
745517
890088
293022
865249
779122
231256
358001
720529
428770
409770
653207
512424
661535
778025
907016
431567
223087
659936
458218
857984
87496
586486
530539
817083
519780
837443
755327
714915
476618
