907127
260717
932284
310906
607900
269466
849722
22760
814016
871143
487849
776106
664243
875941
645413
978073
934405
453191
105194
496624
646197
372931
165609
990657
256392
691368
648095
429676
438900
610078
735352
409
293768
188708
600628
740179
151925
262082
921897
492508
500762
231192
979997
542662
116382
277181
382586
198947
90287
580279
809056
244926
351544
310108
286977
746760
977908
356557
26980
879424
810232
492477
526161
285046
263386
488916
106045
380918
662170
547784
149144
606826
734158
859080
887051
568371
748855
82184
111126
575330
995877
255879
87282
546668
946550
717133
9313
17728
37330
809402
231449
8672
763185
836369
208893
500642
464289
595440
704676
457802
474366
857330
925415
115373
913629
404032
344958
823000
368043
590596
359970
262174
685884
578305
625188
205945
61877
911040
8253
638676
968177
392134
652551
554139
797052
279624
794597
884047
833518
377074
723256
870491
363526
722111
945009
418323
346560
735144
204792
641585
489367
314090
158215
488389
485780
589593
21586
757992
806899
212876
683149
787666
788999
551486
444280
693025
320581
319235
394236
28057
239961
935862
519652
192864
238054
994977
70717
410495
745348
574221
436645
860936
507909
762205
454318
667284
413669
652961
709574
395123
621879
163680
398204
294484
665698
400441
932327
342613
151945
486223
17775
436558
686221
793963
852229
454343
262035
396475
556245
89418
398930
807645
464353
251049
248831
900369
853859
835525
408811
600770
421482
304622
220459
705893
263874
59401
620861
364134
740575
936625
413602
958684
149932
487524
79064
926349
138677
864447
194513
358746
628563
854378
456017
215740
328782
75808
724511
183905
785276
345552
93804
143417
365829
39473
866913
815437
482000
263039
847476
890917
951656
582967
30522
571082
353178
93845
846976
483950
366626
414720
882761
324189
61322
175818
796132
510777
314372
521740
758600
255038
729968
379637
185486
23039
935383
750174
271286
277832
724049
14894
171441
991198
95962
770362
821623
366214
873818
549441
842687
855259
516481
656214
482631
919219
97374
620022
65600
57408
880420
690233
70590
122197
498929
123022
173733
535883
323969
32469
824052
769689
46989
248507
528613
263416
109479
963295
672187
129163
954409
434452
750925
391196
553160
156645
390287
905878
727756
906176
576585
664578
709266
457751
746502
27363
462773
167199
437847
664789
250045
64549
555160
223536
909793
319541
777465
305341
166115
154245
349669
962866
163344
423361
846591
655018
372084
848072
992312
710365
687547
142697
231666
562800
793171
171398
683854
247016
335907
285087
434620
20809
268268
518323
299585
14910
592856
445995
444826
841625
557341
766045
58299
596354
341390
204075
249592
855324
908508
686899
510718
210985
672836
877288
222771
786029
156210
733340
171190
396072
259534
486909
301289
976115
644883
179301
985896
365929
279458
818907
905490
887457
663053
614976
581644
756543
678651
80032
714604
105961
744999
656141
909850
253483
190932
984485
3288
668484
732532
457937
312865
454828
647008
65170
186962
227782
833515
20639
251056
637422
844963
707730
421599
593564
660326
73932
318548
846407
666338
669622
348395
238718
849241
995077
631067
56811
486714
909637
410025
985963
16553
604774
654865
725436
435430
444571
978361
111777
161575
552379
710842
995063
423646
580781
703490
258922
123002
330220
242846
138095
644813
454608
841232
632049
523413
727229
342454
251646
997410
256761
638727
736928
603655
87183
334192
555359
99652
663377
62162
648854
642429
425612
193053
365091
680090
38276
468106
183789
221302
695956
726430
510547
45891
101133
171723
614160
945384
377248
755457
162715
383556
432778
528800
448720
544986
582230
264595
600152
729223
427350
33264
853339
890989
736217
36685
974012
677302
440579
354087
81450
249563
912972
811343
720483
975868
260496
342846
205660
993748
884244
716450
802102
507001
809217
49680
317696
556947
529446
33888
799345
910465
710204
66232
791591
462307
320920
900032
271247
230543
368505
907040
944687
718771
23067
978863
92134
97526
420263
712773
899372
120850
293758
888465
762833
695424
693186
612897
172309
774298
213906
229021
971280
768528
947386
778810
725107
352322
438023
163834
774708
750346
791311
373451
277679
505617
830898
607327
880339
90324
901308
334365
861741
615788
499073
280700
57026
729149
53187
532766
417160
301170
388018
345434
986248
9560
780052
836117
514786
658751
26951
513174
714387
564444
849702
214407
942151
611026
116043
556356
670893
747410
359417
214755
947372
363910
428186
27015
322373
103224
104993
855750
786398
16506
843179
367056
523101
692960
848733
300147
984341
412521
442719
72117
153059
539689
611661
620927
844102
127768
184451
806254
410599
676239
395558
586979
164533
377633
866819
892805
686272
802755
898852
615701
870496
573072
733517
986250
550205
193929
343992
504754
715220
785088
170003
503603
498259
858920
725628
265729
401347
144226
209664
528057
760420
66578
56330
345524
980213
432200
734820
1881
897312
325528
23067
67206
798178
457985
253103
636501
188724
140338
46834
686363
531207
998492
238540
773573
552715
396095
901341
466859
536861
806215
952286
584397
250331
494609
349949
464339
626990
899715
236988
128012
734737
523156
478771
319719
282265
274331
604430
573213
893511
633530
678185
168700
134015
127784
612783
207961
660787
85635
144533
73645
707122
306576
698331
959635
342171
419737
851289
784605
209366
7529
61119
404711
500278
301894
969341
467252
463643
245229
906059
787355
870176
979122
848938
338688
606987
675799
348646
290085
568537
199931
111491
883666
560716
175662
289437
592163
741287
430785
323224
166335
562882
240162
37362
540408
959426
56908
305131
897070
384587
964503
153233
117905
23655
481830
20825
947909
955035
185152
442465
747859
796379
969813
193499
700257
115756
976786
885037
9104
436484
932796
110661
64888
964474
627962
935288
413922
201355
897728
783642
764492
941253
722030
910838
573415
404219
405867
369111
681087
872180
786214
946000
408511
100373
965216
40469
276221
456238
639950
15951
26981
208236
261095
286881
625722
746973
790254
28864
935893
49527
933440
225570
197343
60057
824023
779089
237273
773510
636944
405217
176908
858789
347508
84279
628595
360990
478236
544596
852264
946082
979851
209280
636391
219126
816313
822741
608646
19270
613772
967273
781938
872749
152328
739817
836204
491294
77377
299315
78188
357219
501541
313578
570951
922043
255791
529317
655872
621512
631096
919491
119716
518851
45303
966385
592026
451420
849852
845559
891565
21976
719028
457680
521832
594732
727978
658653
701770
271943
166454
749466
84904
169260
80717
197116
835534
379997
63535
419348
62445
463405
838743
83105
798049
681029
254846
433198
888941
719958
793357
58038
29774
921092
975202
871800
406170
430414
177144
689815
154202
168300
290588
185349
786500
451553
865249
779122
231256
408053
720529
4180
409770
148094
512424
461932
676479
907016
431567
223087
659936
781097
962020
666176
586486
530539
817083
435624
376353
755327
714915
429709
