685030
828817
628575
829399
525294
704723
463374
403869
798860
570108
421437
738332
656659
936141
839275
765959
430583
864821
918296
21951
528021
597915
914818
329357
604898
431957
877470
697911
729909
357185
988973
351507
83455
938534
777323
492416
714180
455684
423136
605680
195810
741268
403077
958617
612822
560287
899466
216589
772345
877160
45567
833844
805903
624860
992470
491777
338063
903657
181089
720662
710676
395338
831821
146299
138529
128033
899614
593706
779272
780409
895751
980990
741908
189995
442317
590885
189186
170215
98011
793983
897892
324126
535212
323593
135402
142130
553167
82021
519990
338556
625765
327689
158205
465502
532651
42957
774560
412142
922995
579589
884576
929473
419035
11108
940145
361293
132302
839985
777915
349040
674950
240102
635147
93131
668313
506735
406292
626718
371753
834127
879639
198739
817475
938261
102200
33373
989227
902987
239389
808003
332296
353811
664254
450125
730890
335168
689382
721024
73610
232327
218602
615610
932275
700593
250972
861265
105058
52781
591839
300523
398571
332296
129613
436219
311079
772969
223453
436825
815062
443991
100330
150311
739758
73754
499283
216381
306121
971049
632104
413246
496225
888360
584133
948280
794637
311579
672527
330726
736128
462167
823492
774560
943531
375946
144044
512992
634359
216381
638821
646833
940399
910820
538675
312708
700099
616434
840156
951487
985962
51460
88984
294370
151572
312948
602275
460975
687840
754887
672646
916514
810437
986109
858558
811945
642612
621669
181398
805903
6982
408977
218602
194011
370265
98934
342609
792478
115509
842857
407880
272607
489886
482790
170135
26512
409447
103185
740720
923235
413268
967586
220754
346418
169167
32038
900620
66574
540783
992700
182722
926993
391110
538293
74083
464781
382399
391885
441352
122977
768986
475869
779831
229497
564156
249272
91952
266243
865234
221664
793806
834624
428571
805896
567497
118222
841887
122033
179194
341141
489057
78062
923057
37479
401291
636588
636378
562015
818643
765743
111033
310574
421995
188362
131245
548019
732611
986341
630328
943820
78758
629879
836968
237172
781129
68666
747219
88342
176756
837176
641161
588487
637326
702458
153818
391374
180192
930257
460994
69668
234098
465987
356120
283426
990962
576340
950980
396674
556177
657835
670443
817983
575210
461371
733632
538234
660789
628623
249440
997251
749625
355264
803112
556338
780890
217219
380469
934580
394542
765255
557005
172426
221674
688131
856869
374432
390651
118006
553356
290198
29050
965710
387150
749673
309869
58184
165980
397569
969228
449212
58107
520285
477547
442978
397022
599192
556558
609385
950669
243078
934580
356330
712100
957777
495969
721024
558824
798309
862540
182788
544379
251791
882261
816509
247412
632329
215382
663369
797089
46686
300523
490010
973810
732852
457044
558627
828987
783398
763698
253861
569649
960730
836492
202919
192143
348889
716003
353811
61877
535244
106034
786045
93478
899614
482777
159469
335835
812586
539463
867547
140328
808277
495489
537244
104442
931731
782905
330912
398624
29238
851732
501281
291457
459392
941279
62084
827355
724551
479237
950458
949764
843969
592670
873937
244490
3202
196686
73572
966814
159344
90924
194887
940451
965551
2615
462932
603963
160399
690585
722372
741456
667314
31993
301656
852835
581793
432569
787377
117624
502310
159177
543323
946260
776702
622809
222863
237637
95654
228633
351803
948034
835210
772345
283678
924106
454380
936936
923138
875314
291689
931604
308616
671322
41149
454603
486487
712963
735679
689382
884331
93140
888115
125330
795515
50501
273560
540241
687412
851582
447728
130336
21951
424525
184803
161337
805651
968009
868176
283446
130336
703505
952972
558084
834092
80949
251032
431957
756621
525144
24022
624548
321234
376335
370049
350204
470195
66456
805651
372692
303432
251402
913291
624548
566012
688131
961494
885294
687742
504355
98784
302212
676580
229039
131999
252336
43244
647846
647846
804681
864174
792478
42059
490360
69723
817411
164639
414337
590308
128059
403077
324177
862875
22676
19413
422516
25484
340555
38110
702458
711294
450365
197070
462089
137146
464525
860930
685030
687666
467037
902258
276714
442978
35455
179194
926179
183396
42298
522512
876961
624081
194786
415667
207143
768340
937285
574669
16572
185878
808893
136327
974548
435984
902466
658362
180775
861324
772969
556733
809163
217279
421437
703843
68074
260375
717052
250397
101741
809669
680095
654616
940088
465367
392823
884373
296111
411263
358406
507678
909956
397663
516797
819447
600101
526269
407233
680403
349427
109851
366075
630515
924214
638821
203760
257487
326282
590124
651077
643700
47260
175867
585196
112314
991883
159469
577795
348713
986750
715328
80302
820398
918289
190467
861681
469784
248941
759402
750899
126006
343433
467602
418556
321502
706714
841381
14265
818960
597802
833073
856857
36203
807270
388565
492408
127618
358426
992
88984
315520
35455
56049
1881
384190
414431
69723
53224
301488
251552
260341
67195
774310
59854
595918
303345
202919
274262
235267
593836
319676
494621
470067
790942
360291
363598
136876
183037
417531
553861
210229
776730
879256
291409
362557
574911
311469
790942
11108
199080
290057
689398
86078
135507
250704
530646
885392
496258
312019
927842
884179
76079
135438
284321
25484
868901
731440
938261
317543
222918
331496
754256
410934
761984
566586
555452
141955
606760
768386
460474
722904
334384
129438
285416
59196
928359
273887
209574
223690
839103
538234
637499
656110
523270
370921
965485
731451
990447
592924
94032
160082
713904
853317
162808
592321
289552
781474
453913
73610
646833
741953
478577
658509
425852
354971
930257
721024
180855
377122
132963
851732
370238
227921
277979
306950
206106
381120
235797
758986
364273
936383
90625
603491
568257
492952
559284
434
947839
351249
494348
528994
364412
638476
29712
651379
859181
772653
10805
779831
541651
695242
60676
315963
633334
904211
397745
529441
266809
856857
328630
265321
475799
543799
772335
460131
384087
989902
269902
85118
95654
797544
864994
566012
950127
405654
679410
319934
241475
526017
308401
5043
267100
518241
68619
126028
184922
868608
21789
460975
779831
96548
952641
294370
818492
403831
118222
998383
760209
778174
331110
503769
803664
701111
592199
815280
976234
175086
449149
501663
465542
85579
269184
410934
442978
455495
310707
164639
527939
762678
932413
244763
423612
92513
705328
263198
703860
110179
160622
73038
208882
175704
903743
519315
883231
707388
324958
419887
884179
417860
20365
709830
378943
633730
460257
793243
202827
818492
556868
634216
235267
995891
527780
197252
346905
158743
535458
644117
811302
351507
385641
20267
343660
29050
961835
75207
193319
555452
5295
322683
736128
716438
714318
664966
511521
206839
893275
17041
958915
463769
418517
228633
38495
473781
760926
624860
609700
261267
466777
441565
88890
583518
33572
934963
42644
920729
108211
894479
896501
164500
606357
265779
366355
263988
292882
360862
