746595
648091
347345
37200
384689
731200
250872
792180
967061
169775
266891
223734
564422
482349
221817
644078
287731
291026
414986
299854
900149
899320
481547
77927
396345
936425
512770
24197
715516
949615
960715
408777
679288
447985
741975
814186
733358
995234
205965
264354
790977
963240
846589
776353
141749
737766
152505
820210
658986
175974
617759
346906
183643
916540
230182
958186
71968
235199
437631
168826
263972
821544
147925
690165
65106
960183
879806
633593
326895
74971
995234
865926
969307
82049
11551
4528
570493
653082
90535
109121
818128
489002
848281
488428
853877
514263
175478
76367
854086
193189
908370
831075
92448
954175
651407
496931
547824
691535
284102
848598
329913
809738
250872
389644
815336
885562
836667
935919
97094
630761
830859
882171
62104
352076
256087
480679
763033
42621
498225
96876
530180
274828
329980
502615
239343
978801
116386
454816
458132
701389
350345
422817
552074
146621
495185
425663
36051
494577
752348
694368
256211
354561
145952
851596
659928
504340
146449
62361
508757
307369
503471
557464
970913
687820
342402
621541
45302
775154
232983
629704
851795
584927
91866
477336
450687
774505
774924
8238
220445
267472
726953
415785
98642
883449
654579
645145
279078
707433
225270
3223
248751
266787
341799
477748
811474
933335
633407
364601
724333
183494
861885
833248
697616
887360
164209
960183
28598
41701
116773
44819
335788
348967
833248
82436
231647
730468
638863
919986
496162
955312
3201
916817
459811
171748
842380
783484
806581
22227
52359
920255
174259
752536
358185
235199
618484
232344
247561
578875
152494
698512
337567
950972
521824
588177
365792
530229
880338
44267
609928
851119
644349
368417
776699
349995
481428
190386
980206
599819
912859
2746
811612
356735
4748
342618
645950
154194
179174
828847
113110
427230
429648
610720
651843
335427
255131
167830
256105
294496
87658
606392
334787
693672
920650
82702
42439
968638
87699
506708
321713
459343
406755
680118
754896
684355
957225
557019
99121
399110
112697
9807
584591
526504
377430
407195
237207
188753
125639
548828
695000
166462
592415
953506
679969
202889
737931
610509
848977
220445
426359
321353
750037
647755
383662
348866
119392
116850
862233
281490
114276
849644
402604
324379
318704
432039
112697
524226
119405
672861
967113
935919
25441
795804
81220
18698
53687
92438
371641
782856
992253
526717
40738
273399
391131
69684
278521
387065
110589
268273
364558
347906
516266
584802
78155
644949
452943
987081
334742
650665
345024
671448
484199
787360
180624
620200
20394
826035
758355
421372
29892
950107
884572
985033
395526
265675
976497
284095
112076
169558
348359
61434
935919
524879
896938
584565
666585
463376
465007
339508
601058
96531
256358
704661
25463
813950
639715
72922
207376
649860
775566
86250
105267
209239
188926
512910
809021
943460
164831
755707
972075
55972
489495
619042
934232
913226
887224
807826
801676
678380
918843
630228
707419
480350
322639
433676
116066
249150
736562
54729
556254
717664
876242
965555
571833
241718
832613
225270
55579
180624
884680
769430
565945
879018
348044
197920
319749
590738
340982
840453
285741
426359
456612
893722
350586
270191
481051
430407
125278
375563
38762
329245
388044
170002
674992
56894
762194
956516
986062
705421
850151
402818
148668
630637
901248
401164
474656
263818
747465
850340
511206
931188
566165
940609
206711
442842
489893
832298
956878
665827
494864
113758
972921
719163
57182
837414
145363
654033
447847
385187
178012
613669
97489
158126
428543
150222
831396
416754
851983
19375
996405
31972
895093
458579
932336
677059
722925
726121
229598
46458
964167
523709
984881
677412
9908
967196
194900
36399
458608
331589
23680
373107
221699
83716
504482
54445
843213
204109
318995
752195
325171
357166
961502
235202
882092
129570
100695
283168
57482
474061
145847
126909
965878
711041
699501
725701
533563
508650
106880
986720
316290
240677
668404
370670
180565
261472
550176
473665
382958
35755
828516
681657
694953
919884
751261
360882
514057
202416
103543
817813
348126
132976
922992
214566
565309
704615
214617
515993
742156
357628
755707
895932
413753
401586
65414
774916
654666
822402
479895
364601
265539
580817
967045
933335
917737
1944
869799
995712
849068
730814
394131
742412
483223
492783
86224
190373
62238
482349
784740
781573
890900
341387
638406
960737
893351
363912
845152
729208
739376
657561
673431
557915
110816
132502
634281
523059
331930
662650
15356
96704
60424
246625
262385
770488
704740
450714
649738
471757
562030
804128
454477
417757
603700
153846
863915
478014
247528
131824
183245
514439
21335
127011
377363
918347
678058
806076
254323
417010
957513
458823
205688
833113
521064
897398
41731
477385
671673
373468
934580
623231
987455
963839
975114
220768
998280
363361
772136
405427
88455
848308
319596
404800
675763
32281
212049
382515
597612
247016
970605
750539
700479
847505
617759
206521
940455
407845
311018
128043
80847
550865
245819
188703
792308
611519
105486
610963
694086
555320
707617
552858
425663
127225
923983
539466
183844
213444
86232
188847
517170
49371
760316
50014
42847
511530
140749
214310
441554
788277
597562
271843
222960
201172
137845
42517
984801
282447
440814
599769
162745
424919
79634
910438
459763
329278
146762
305976
923739
431531
955294
812403
798863
122679
544803
516184
704226
494759
606395
806482
846794
275307
707029
591611
580587
440659
136883
127203
598841
152872
310378
61916
392893
223388
859343
74971
950898
965878
603389
705738
981002
915616
14799
126909
875171
591611
599681
60496
383877
243298
153056
436732
594279
271694
204800
727394
806039
940455
970955
705738
9480
479240
30316
339405
906764
634165
240626
146585
112869
346510
947054
513775
818128
268959
641006
804705
879806
847483
783585
733897
506716
889903
38933
988464
882171
753403
915616
98940
504958
644065
472827
917992
965376
170607
48658
95822
791144
309395
893036
477437
256544
955572
975114
961502
576525
716214
822615
547765
543707
913972
54997
546614
294103
831075
534387
307394
966537
294541
768000
193678
889219
169627
339777
574106
735341
446303
970267
929878
913004
687081
123516
33015
11496
69367
168120
412866
432579
485334
719163
916557
715514
513816
13040
232922
840703
798330
342402
604035
784709
760382
506929
554351
788367
101847
365612
635338
607761
512759
775651
57498
724528
85343
842218
755987
523958
339133
390724
832854
771288
269433
752406
397521
512096
514386
202963
852491
982997
9919
955394
340407
668849
447973
3901
769485
770430
958538
364777
57132
706801
502841
424894
159691
294526
776795
848338
239498
83008
849952
786484
688390
554364
859814
787768
692372
481342
647043
301327
840428
479710
917225
943300
306285
737379
792308
568379
324379
503310
571607
138413
6660
686665
236613
115011
739783
241956
426731
257046
778914
827663
744212
791082
471198
181092
28494
304678
25463
906158
17487
507651
159694
96975
625903
489716
534291
974453
788682
495370
10479
776795
830171
227483
488429
756872
708249
