133666
648091
347345
926943
385630
683165
888364
7401
272692
437443
401530
802654
564422
482349
861066
81302
287731
291026
562583
16915
15755
706388
481547
462526
396345
688943
512770
24197
715516
949615
820599
259713
309658
126773
547510
67890
733358
750521
205965
264354
109934
781285
98371
776353
54769
756106
152505
259275
401082
185856
506668
679242
444049
916540
923482
958186
452435
235199
808416
168826
125753
375147
764149
690165
65106
494598
879806
633593
942271
674997
995234
164983
969307
82049
11551
4528
531180
653082
850961
109121
818128
489002
848281
760527
34330
899446
244798
744867
854086
469887
995176
642333
177987
954175
64205
847787
547824
676352
524
206274
329913
809738
888364
389644
815336
568475
836667
935919
378685
840833
899020
882171
463332
352076
948306
385700
763033
42621
635270
96876
530180
274828
969802
330964
592941
834440
428617
738652
634353
701389
350345
422817
773610
146621
495185
64882
972934
798282
329082
75970
256211
986512
145952
851596
497399
111334
404091
62361
481925
339326
119761
557464
970913
687820
342402
621541
16423
775154
666620
414720
851795
584927
91866
477336
450687
274225
879378
8238
74636
253160
726953
897956
231014
883449
654579
313648
279078
903676
225270
717032
119339
49689
341799
477748
823831
933335
921656
6765
724333
759197
861885
833248
237950
562245
691311
494598
28598
500509
116773
44819
335788
348967
833248
82436
231647
26835
500230
972954
997545
153791
798996
916817
79375
171748
670656
783484
806581
22227
52359
213579
325863
272422
358185
235199
237606
672776
247561
85065
152494
969649
618933
658229
521824
186445
147490
530229
880338
44267
211355
290816
547284
368417
776699
238415
481428
278307
365176
599819
912859
186167
350407
356735
144859
422375
645950
354067
279131
828847
113110
427230
429648
792564
651843
156331
457863
953782
544538
42335
513613
560882
334787
693672
579056
320177
128516
387951
281250
525669
61820
50578
406755
672249
754896
412920
957225
352374
422075
75194
944378
997801
867108
526504
377430
407195
237207
410055
548294
575553
843842
166462
592415
953506
679969
202889
802654
610509
877182
74636
296838
579812
316502
647755
383662
348866
408305
116850
714409
281490
111945
849644
769885
324379
572016
432039
944378
715430
667057
424386
967113
935919
25441
795804
81220
906552
326618
92438
198804
782856
992253
407883
433651
209667
445869
391950
885533
387065
970963
168396
246728
347906
945321
584802
78155
32209
516425
987081
572861
650665
345024
671448
562018
586031
919107
743821
20394
826035
755878
421372
29892
608898
480117
904102
706651
644966
976497
485103
266421
169558
348359
61434
935919
524879
654185
584565
164029
988024
763730
339508
601058
962423
985293
774119
25463
511635
961681
72922
475810
755186
775566
801090
105267
952720
188926
512910
809021
943460
164831
91224
972075
430119
489495
575553
584829
520585
68095
185873
801676
678380
695551
334014
707419
456900
322639
328427
116066
729223
736562
54729
556254
717664
876242
330989
468657
241718
832613
225270
538064
829105
914601
769430
902905
879018
348044
744805
610975
249768
248274
840453
285741
296838
192607
893722
350586
273110
159993
880747
125278
18005
38762
329245
681936
209759
674992
454429
762194
956516
986062
705421
252261
745358
148668
955396
901248
178849
207308
263818
470318
554684
511206
23791
973122
589279
206711
184910
98046
832298
938825
665827
494864
113758
972921
719163
816865
200185
503905
654033
763286
892830
995626
106275
561679
570611
428543
150222
865579
237074
851983
172879
825989
31972
605277
458579
932336
912071
500230
726121
229598
497813
422602
845558
984881
823284
9908
967196
383039
36399
458608
526628
390667
745830
221699
708256
602167
624362
259677
984894
318995
752195
673121
357166
961502
235202
882092
588288
579125
283168
227299
167034
579214
126909
823243
671360
699501
725701
745798
950737
866250
128673
316290
87748
311096
370670
798797
700199
550176
615009
382958
35755
752139
681657
882217
694443
751261
360882
514057
995898
9993
99889
348126
132976
922992
117410
574230
704615
214617
515993
742156
357628
91224
475082
413753
887454
957867
916696
654666
683242
479895
6765
265539
87009
682759
933335
917737
38240
29024
232090
811536
527077
394131
658646
89902
630252
957296
136159
62238
482349
784740
313813
890900
571717
342159
960737
375359
574479
553059
170027
56837
657561
63293
770588
110816
427274
827669
214266
838160
662650
15356
858001
60424
246625
597848
702837
296277
450714
925594
471757
433393
222555
404774
417757
992645
153846
863915
179465
247528
691823
183245
514439
21335
127011
806624
918347
678058
806076
789125
417010
95707
894554
205688
833113
705313
897398
41731
734449
232444
603305
934580
510930
547500
963839
885786
48635
274273
363361
772136
936664
494618
775088
319596
198916
22077
32281
593163
382515
597612
247016
552971
750539
341153
753773
506668
206521
940455
520174
311018
128043
80847
629021
245819
448014
71398
332227
105486
931941
694086
962789
208591
370389
917332
404222
923983
539466
353131
662509
190731
50934
580913
368805
760316
50014
42847
511530
140749
934003
441554
788277
703176
271843
222960
997796
137845
42517
984801
804843
440814
599769
162745
424919
460253
970038
459763
812545
146762
650268
542565
431531
955294
812403
798863
122679
544803
516184
915754
72589
606395
692037
846794
275307
707029
591611
580587
314609
136883
718139
327626
894698
851209
803112
740589
223388
684795
630380
902335
965878
289833
705738
981002
915616
885146
126909
459703
591611
599681
60496
383877
243298
153056
862911
810402
271694
601430
213737
806039
633908
989472
705738
417995
479240
919410
339405
906764
634165
36307
627056
112869
489092
947054
476053
818128
373375
635655
804705
879806
847483
325746
733897
611769
605206
38933
988464
882171
753403
915616
826158
645141
223350
738806
615239
965376
170607
378656
507859
791144
309395
159066
312593
341471
772354
821336
961502
808117
278487
650424
491714
543707
913972
944031
90893
294103
642333
534387
307394
966537
581356
768000
626222
678887
984974
339777
504957
189162
446303
970267
210888
913004
687081
123516
33015
11496
296163
168120
460279
816453
336074
719163
35458
824646
942688
672980
561498
140788
663025
342402
287281
784709
760382
289130
111927
788367
101847
365612
352873
35752
883413
775651
57498
724528
85343
842218
566676
523958
339133
828727
832854
481764
269433
752406
730367
512096
739674
202963
894874
982997
616536
758862
341203
668849
447973
3901
587405
519858
724007
364777
57132
99781
502841
423678
159691
834742
250265
848338
424587
83008
849952
399422
688390
338677
493243
371777
454861
481342
647043
312570
840428
575291
917225
575512
306285
737379
71398
974040
324379
501326
619372
800839
65031
730357
236613
115011
808052
241956
426731
821418
778914
827663
944416
791082
471198
382301
28494
7843
25463
171174
370173
335699
12935
227887
625903
806515
519148
693180
788682
495370
10479
250265
453448
759222
840890
756872
708249
