133666
648091
347345
926943
385630
683165
888364
7401
272692
437443
401530
802654
564422
482349
221817
436903
287731
291026
79226
16915
15755
899320
481547
462526
396345
688943
512770
24197
715516
949615
960715
408777
621627
126773
547510
235199
733358
995234
205965
264354
109934
781285
98371
776353
54769
756106
152505
820210
401082
185856
506668
679242
117663
916540
923482
958186
570656
235199
661186
168826
125753
805156
764149
690165
65106
494598
879806
633593
942271
674997
995234
761805
969307
82049
11551
4528
570493
653082
850961
109121
818128
489002
848281
488428
34330
936722
244798
744867
854086
193189
995176
642333
177987
954175
64205
847787
547824
847439
524
206274
329913
809738
888364
389644
815336
568475
836667
935919
378685
840833
899020
882171
463332
352076
948306
198551
763033
42621
635270
96876
530180
274828
969802
240328
592941
110110
428617
738652
368352
701389
350345
422817
773610
146621
495185
917332
36051
494577
329082
75970
256211
354561
145952
851596
250967
111334
404091
62361
481925
339326
119761
557464
970913
687820
342402
621541
45302
775154
666620
633650
851795
584927
91866
477336
450687
274225
655045
8238
74636
558672
726953
897956
98642
883449
654579
313648
279078
707433
225270
717032
119339
49689
341799
477748
823831
933335
921656
6765
724333
759197
861885
833248
697616
493066
164209
494598
28598
500509
116773
44819
335788
348967
833248
82436
231647
593972
500230
919986
997545
153791
3201
916817
37557
171748
670656
783484
806581
22227
52359
213579
325863
272422
358185
235199
237606
97881
247561
85065
152494
969649
618933
798933
521824
186445
365792
530229
880338
44267
177509
290816
547284
368417
776699
238415
481428
190386
365176
599819
912859
186167
811612
356735
144859
978586
645950
431426
279131
828847
113110
427230
429648
610720
651843
156331
457863
953782
544538
42335
87658
93593
334787
693672
579056
82702
128516
387951
281250
506708
988325
50578
406755
672249
754896
412920
957225
352374
99121
75194
944378
997801
867108
526504
377430
407195
237207
410055
55351
575553
485114
166462
592415
953506
679969
202889
802654
610509
848977
220445
296838
579812
316502
647755
383662
348866
408305
116850
862233
281490
114276
849644
961360
324379
572016
432039
944378
715430
119405
376627
967113
935919
25441
795804
81220
906552
326618
92438
371641
782856
992253
407883
433651
209667
445869
69684
257016
387065
680230
168396
840482
347906
177191
584802
78155
644949
516425
987081
681336
650665
345024
671448
562018
586031
919107
743821
20394
826035
758355
421372
29892
608898
884572
904102
233504
265675
976497
485103
266421
169558
348359
61434
935919
524879
896938
584565
665990
463376
242974
339508
601058
962423
736785
704661
25463
511635
961681
72922
475810
755186
775566
801090
105267
209239
188926
512910
809021
943460
164831
91224
972075
430119
489495
995482
584829
520585
68095
185873
801676
678380
918843
334014
707419
456900
322639
328427
116066
729223
736562
54729
556254
717664
876242
965555
468657
241718
832613
225270
538064
919107
914601
769430
902905
879018
348044
744805
268674
67166
248274
840453
285741
426359
192607
893722
350586
273110
159993
880747
125278
18005
38762
329245
681936
209759
674992
454429
762194
956516
986062
705421
696763
402818
148668
989529
901248
178849
207308
263818
470318
850340
511206
23791
973122
117071
206711
184910
98046
832298
938825
665827
494864
113758
972921
719163
57182
417842
503905
654033
447847
892830
178012
106275
97489
570611
428543
150222
865579
91931
851983
172879
825989
31972
605277
458579
932336
912071
500230
726121
229598
497813
964167
845558
984881
677412
9908
967196
194900
36399
458608
526628
390667
696334
221699
708256
602167
624362
444824
984894
318995
752195
673121
357166
961502
235202
882092
129570
42909
283168
227299
167034
145847
126909
823243
711041
699501
725701
745798
950737
106880
128673
316290
240677
311096
370670
180565
700199
550176
615009
382958
35755
752139
681657
694953
694443
751261
360882
514057
995898
9993
898554
348126
132976
922992
516796
574230
704615
214617
515993
742156
357628
91224
44880
413753
887454
957867
774916
654666
683242
479895
6765
265539
580817
876335
933335
917737
38240
29024
232090
811536
527077
394131
742412
698841
630252
957296
136159
62238
482349
784740
313813
890900
571717
342159
960737
375359
574479
553059
170027
56837
657561
63293
770588
110816
427274
827669
214266
838160
662650
15356
858001
60424
246625
597848
770488
296277
450714
925594
471757
433393
131757
404774
417757
992645
153846
863915
179465
247528
691823
183245
514439
21335
127011
806624
918347
678058
806076
789125
417010
95707
894554
205688
833113
521064
897398
41731
119712
167905
603305
934580
87284
987455
963839
885786
772978
274273
363361
772136
936664
88455
775088
319596
198916
926728
32281
212049
382515
597612
247016
552971
750539
341153
753773
506668
206521
940455
214265
311018
128043
80847
629021
245819
448014
71398
332227
105486
854946
694086
962789
208591
370389
917332
45808
923983
539466
183844
662509
190731
50934
580913
368805
760316
50014
42847
511530
140749
687231
441554
788277
703176
271843
222960
997796
137845
42517
984801
804843
440814
599769
162745
424919
460253
910438
459763
329278
146762
650268
396283
431531
955294
812403
798863
122679
544803
516184
704226
745035
606395
692037
846794
275307
707029
591611
580587
314609
136883
718139
327626
571317
851209
803112
529481
223388
684795
630380
902335
965878
947485
705738
981002
915616
885146
126909
459703
591611
599681
60496
383877
243298
153056
862911
594279
271694
601430
213737
806039
633908
989472
705738
953213
479240
919410
339405
906764
634165
36307
627056
112869
489092
947054
476053
818128
373375
560517
804705
879806
847483
783585
733897
611769
844615
38933
988464
882171
753403
915616
826158
131670
781857
472827
615239
965376
170607
378656
288276
791144
309395
218873
832203
341471
772354
975114
961502
808117
854617
650424
491714
543707
913972
944031
90893
294103
642333
534387
307394
966537
581356
768000
626222
678887
169627
339777
504957
189162
446303
970267
929878
913004
687081
123516
33015
11496
296163
168120
460279
766843
485334
719163
35458
824646
513816
672980
561498
140788
663025
342402
287281
784709
760382
837962
527077
788367
101847
365612
225513
607761
883413
775651
57498
724528
85343
842218
655791
523958
339133
390724
832854
481764
269433
752406
730367
512096
739674
202963
915589
982997
616536
758862
341203
668849
447973
3901
127735
519858
724007
364777
57132
99781
502841
423678
159691
834742
776795
848338
323278
83008
849952
786484
688390
554364
493243
371777
454861
481342
647043
312570
840428
575291
917225
575512
306285
737379
71398
974040
324379
501326
619372
800839
65031
813826
236613
115011
739783
241956
426731
821418
778914
827663
975494
791082
471198
382301
28494
18394
25463
553907
667231
335699
12935
284614
625903
707879
519148
693180
788682
495370
10479
776795
453448
759222
840890
756872
708249
