960731
648091
347345
958358
384689
745852
888364
7401
272692
471487
401530
810552
564422
171239
76672
755734
46522
922042
414986
178915
15755
706388
655770
793018
650469
351768
490988
203708
87375
711288
539557
745433
870751
143713
518457
235199
888912
326294
178696
241846
719212
781285
909472
776353
141749
524968
896668
230931
61886
466897
796579
679242
307510
149077
969751
557296
570656
235199
122392
567494
88650
194995
520451
446262
402190
626195
956505
106451
422972
970294
326294
410975
554748
6726
11551
152741
134746
618788
850961
367091
818128
489002
912055
488428
95927
274107
12617
744867
752573
919391
995176
733364
177987
954175
298175
842327
746304
525010
524
326721
329913
622165
888364
312693
243197
572028
107802
276995
378685
840833
337434
778902
463332
989866
948306
385700
763033
42621
696908
96876
530180
107288
969802
330964
592941
114091
116386
862741
401368
960068
456154
739515
318974
146621
591392
917332
972934
786524
752348
153679
827799
721070
459527
837289
325750
530937
404091
37377
481925
444260
40002
964828
576306
519393
342402
343825
81088
762582
949724
962307
851795
221309
979477
477336
140905
196829
282752
8238
74636
721447
726953
570445
281826
883449
654579
313648
279078
909073
255250
654747
804259
49689
703265
477748
823831
933335
921656
137943
211910
183494
838265
751947
208486
501601
851875
626195
873004
72216
116773
112133
335788
321936
751947
82436
270965
109246
500230
919986
272811
153791
798996
997370
79375
264968
181717
277271
806581
224412
52359
662407
574266
752536
483041
235199
316052
97881
631622
914329
553026
656926
618933
414546
651084
980629
147490
646468
885584
622869
196720
733244
259798
112449
86084
587868
901477
191203
718323
599819
998463
186167
811612
830252
740866
978586
411323
431426
763923
931548
437565
380201
262801
513845
651843
135285
287128
180160
544538
742799
832773
560882
535209
647481
2103
320177
244146
842826
523627
525669
61820
50578
207632
672249
45105
428709
498433
352374
914774
572038
944378
416495
466552
133082
174500
832038
659510
410055
85649
575553
62520
873872
881876
747969
223950
453407
810552
610509
49476
74636
45209
448902
293875
124250
76200
485798
96397
258946
862233
34330
114276
849644
769885
170933
854626
469064
944378
243992
785073
376627
531223
276995
752220
795804
372360
18698
851272
92438
977316
782856
819173
526717
258325
861542
552599
69684
586443
997376
867222
168396
246728
412669
340463
620928
149826
272074
2173
896099
572861
657469
345024
215251
562018
586031
919107
433423
239296
901501
691300
409826
852566
944712
480117
54007
764648
613071
976497
485103
959483
401905
519252
59945
276995
681183
654185
233035
856225
988024
300709
659752
973853
96531
256358
477762
651056
813950
159214
6572
475810
649860
588863
86250
664384
952720
913322
301927
809021
394730
744361
755707
584675
929592
131960
575553
529295
850145
745996
27633
589425
249025
158822
967467
236404
456900
209726
328427
116066
965592
302875
26100
844863
717664
417410
84332
468657
423165
832613
255250
148681
919107
914601
585008
273204
705063
75067
744805
268674
587564
248274
751895
235118
45209
478839
766048
893048
273110
716577
880747
221912
369862
38762
264212
681936
960534
82070
444948
854303
618076
75400
703450
252261
402818
148668
989529
67606
292823
284102
570349
186436
850340
470469
931188
537299
975464
206711
930661
98046
933477
938825
636765
500890
406169
680154
441774
816865
200185
633908
654033
93532
970294
461583
613669
920556
821688
428543
150222
93911
237074
851983
612600
825989
31972
895093
81587
254181
677059
500230
44606
375526
497813
157847
307120
322832
459768
179621
850699
267517
962329
987345
526628
38515
373107
221699
115138
602167
624362
739898
832522
297355
308704
673121
357166
593076
235202
641019
588288
338002
439576
544894
125923
145847
909399
665697
711041
699501
770836
593950
950737
866250
899447
316290
528080
800545
747527
670859
700199
210105
42111
109473
686934
433347
681657
882217
694443
751261
360882
243142
995898
825215
562970
684996
132976
943400
117410
26830
882644
632071
805502
399749
351449
755707
693293
413753
887454
541867
866009
654666
683242
479895
137943
31837
357675
57267
933335
958987
439983
29024
995712
849068
229707
634581
742412
698841
98502
896692
579455
685725
171239
925638
313813
101275
491031
425409
423167
893351
363912
54006
611334
954570
657561
940626
770588
761586
306373
634281
214266
805287
91663
485966
776630
752401
85413
597848
702837
289471
901879
925594
595845
367091
815697
933696
417757
167125
52366
942039
179465
369255
516192
183245
851864
21335
745890
235888
56608
752473
369721
125859
828747
95707
393989
205688
667174
317434
897398
41731
826755
167905
12197
739426
510930
987455
733361
196897
67742
977656
363361
233543
667819
494618
482857
319596
198916
22077
32281
404465
382515
454981
247016
970605
581391
341153
525669
796579
332082
633908
430633
595951
163068
779031
629021
535926
741158
880677
232201
517330
931941
775040
265139
208591
762243
917332
201060
499586
715492
353131
217425
430368
942919
688125
368805
760316
288543
42847
511530
977719
672166
810353
821672
842799
864803
222960
509206
38762
318789
257551
804843
650993
742290
162745
424919
642860
38830
459763
329278
447554
548774
615631
734287
224363
665813
798863
49359
371770
516184
603524
60096
742290
692037
908831
35650
707029
591611
510728
440659
845998
127203
377148
859806
743936
657009
638020
763454
859343
970294
902335
665697
289833
4517
967459
887362
286396
909399
844863
591611
322219
60496
156596
170125
128202
38903
757134
327810
851414
213737
354858
633908
371526
4517
808851
479240
86167
713268
254459
694859
892025
821586
195163
462040
947054
478646
818128
268959
512703
804705
956505
847483
98920
727358
416041
531338
38933
988464
778902
753403
887362
134290
643777
118089
494100
615239
658695
523294
48658
507859
366425
288485
726984
197305
256544
772354
196897
593076
808117
278487
104832
844410
619287
265517
806824
575251
294103
733364
534387
760691
561783
114311
786282
672751
889219
404738
339777
923620
646647
861336
970267
195229
913004
31712
549142
33015
11496
337878
481410
98653
746252
294624
441774
746970
101669
513816
672980
983071
140788
111054
342402
287281
179160
369582
289130
229707
152261
178418
228066
103227
715079
883413
274884
882676
724528
128969
302726
566676
523958
660904
828727
911192
256247
269433
678046
730367
45042
419627
966924
915589
265826
616536
584957
698891
36324
447973
908513
732727
54516
602556
186382
57132
544607
597535
13451
346290
521522
732668
848338
424587
663670
646637
399422
688390
425980
859814
957608
83394
481342
53848
328924
357396
575291
244460
28683
306285
737379
880677
440659
170933
501326
619372
788321
131097
264529
808903
115011
449356
241956
102501
977671
407346
229618
978173
335925
471198
17312
337074
645048
651056
553907
38215
507651
12935
140299
625903
576864
434162
200460
788682
495370
549987
732668
453448
759222
585989
698891
55476
