367680
56374
430675
752422
951521
643586
377986
656327
550693
754011
939664
292726
992823
900566
120572
208879
675935
32999
662207
859966
421369
514299
925863
944007
383549
538642
561549
258600
399658
412680
228623
741119
427777
391340
613736
151386
237238
631889
202958
622228
827781
88090
789345
497155
272925
622228
29450
130019
463514
581519
334018
435571
968434
761575
410559
759310
397921
650100
649598
752696
566207
101297
414466
448412
846484
824411
748635
128007
841329
340291
921280
443585
925740
904140
913333
138778
174279
401594
455256
996392
524741
842072
943998
962297
657517
725520
784404
300589
927080
151386
609542
165953
122925
900173
363084
813583
728132
690749
576840
244157
315530
26788
884706
707034
813290
112308
894051
590432
801836
410521
327286
558494
216559
734826
157309
615120
279923
341572
832606
41914
92703
141960
720026
76310
917408
632916
595577
483485
505158
783784
404037
663300
213938
148587
464117
641703
672367
385403
988981
890195
53837
743269
908596
597234
272170
46605
171552
697866
951532
729921
274058
832069
380878
954189
196109
980642
459062
468807
303876
546577
847467
631535
736822
677406
403469
261414
563495
415707
642515
415993
461551
672875
490413
645637
38147
617947
89931
883940
752696
427027
518330
105899
854682
341654
724892
594347
309276
710054
946262
62647
475590
11878
377899
196516
985762
685492
166370
87761
847519
994583
990132
529594
989972
65765
307440
954528
48833
25616
99571
866518
354598
946357
606630
120399
528973
950692
233662
524954
773785
117334
187868
185871
67056
607903
899036
761439
380878
722662
155028
191382
936480
820317
206790
477292
368719
370929
3976
308245
404258
520244
34794
308844
546615
522142
86977
369803
421142
780292
677843
596347
769454
249822
150241
315103
193111
630246
818951
87983
896366
193111
220483
687932
7640
546577
871822
914886
810137
146689
255726
441536
964167
862978
482520
666259
166522
724148
975456
978769
382641
201476
702568
947989
169175
804110
893509
352977
581040
985894
233919
160650
598712
87288
627011
262686
40489
853943
852179
524583
54696
483401
232182
78703
180604
112308
11911
449553
650100
796870
456474
300382
528951
287997
641142
436164
773835
408192
8612
170292
46545
136226
5493
185221
329042
672859
479771
588356
421600
548227
810090
699132
680853
734696
769853
580129
725310
997714
629012
496296
178669
496296
236653
834137
301527
145187
425337
66871
648372
246361
348333
169175
247853
998070
553264
341572
888071
156559
378383
206048
933037
890031
724226
444539
905278
659609
494505
533339
641128
239627
849990
904297
942273
378383
522258
102192
1
845766
252981
985981
340054
649763
486486
87761
76977
959169
108329
308785
848434
89301
734870
31471
140469
44087
488662
697866
643835
572581
440805
886215
599912
605293
819731
48792
455016
735741
274088
899036
876488
285092
27098
969133
269354
358280
32023
369061
847221
132341
777617
670554
79725
940607
376095
63925
597239
232165
322725
919046
858815
300864
103568
651296
568742
270699
955209
959494
290703
514299
372697
649303
668902
838930
71989
133457
828075
851407
913680
661186
758713
680577
558690
221924
173295
338017
910541
797543
955291
765812
604218
278802
643153
398733
858351
40640
740702
861565
496296
384698
441790
749780
427400
194514
780568
479771
419383
74963
444313
554292
985454
527317
942467
911964
672971
509199
200378
282243
150696
293821
534231
100693
734658
910687
787317
522737
635107
293461
15471
816184
569757
762207
486027
214809
890499
469034
219126
715397
923814
33079
727780
54525
546577
667416
971610
189921
33933
859966
940607
843227
622017
992613
71989
1216
642271
42973
89480
622228
958521
717489
267151
126784
290663
769321
885636
816632
471385
38583
611454
753813
628904
523848
778913
393569
231304
58917
832928
942107
40837
16011
85627
120758
372241
262735
517520
86291
362546
198448
602707
573005
866536
699485
263562
39214
333043
243335
518244
799217
709416
37030
301527
502923
718468
839954
851917
638727
857029
292726
367112
938762
287047
975067
981548
45611
704774
419922
406856
531266
81725
35050
864246
383171
147744
701981
942384
447231
589894
478153
251459
255726
831915
37687
293641
280703
709334
301908
795300
247853
851987
567615
714794
536115
98214
870099
686503
585108
102740
128990
263562
340930
175998
237034
390788
249321
218021
785056
911829
532300
135678
840983
996392
354606
162336
175583
911631
54091
387075
172033
348058
394937
358519
276570
457284
817355
665016
239237
549675
43723
596894
11639
246875
641615
92962
955124
509036
164886
626514
34794
100387
899482
311411
978016
327623
803864
325833
342691
789726
373230
44761
755538
567227
86338
605680
575003
946528
15079
444882
521060
175322
659834
834137
226821
410368
683132
731581
162422
610846
334706
463792
316259
293133
752696
303271
419383
14692
717904
522737
265578
794994
717883
717886
473037
433840
811713
363084
138157
326780
131224
437577
60147
486027
506245
966325
91780
438909
656100
444033
59443
982864
655887
773835
433023
666222
682604
146638
585108
531571
524809
990112
48
797147
726201
96733
136648
857634
60589
517520
485327
271996
980752
436914
128990
51832
543381
659052
184440
131420
422848
240517
231982
894051
46815
356213
50200
412979
36988
476052
433621
715709
776983
817206
82177
133718
768381
176868
842906
894581
289528
540677
473984
984531
416594
677746
779259
412011
924504
749268
602823
845463
24662
757743
421946
758037
262735
779006
11910
303101
445739
734696
165953
694084
721692
196572
395371
537619
993232
770191
886737
102301
877706
537115
573622
806966
835796
510184
133457
377812
937522
768741
188583
995182
367138
843252
936808
903492
823434
583449
13287
897602
325998
827594
8612
756478
656907
518121
562151
419922
445022
551467
430889
818866
418125
365336
190038
679209
381863
433023
60735
698035
275506
925457
976264
713692
916826
976264
143341
213184
63103
859219
354254
511848
396505
392511
462283
675935
67556
380584
342691
122805
104266
173736
948000
952277
60035
536024
170769
830212
703746
505981
631780
433427
374907
159759
844376
30605
158904
832949
120142
988216
925863
438834
828686
275506
785056
633147
693070
752422
934728
221935
532276
373478
651296
396075
730069
814115
8801
29796
552180
177944
927101
665440
888587
661204
49729
705280
754529
476667
670202
722488
481966
779540
810090
691735
237400
699676
800044
826680
795879
271901
400797
101706
170769
224793
673360
580388
806387
131420
741119
207697
604735
131420
11393
910687
277015
849622
942432
262642
170292
794994
237106
780292
354254
439480
677843
687932
279953
939900
358992
398459
616674
176782
112975
518180
909924
277180
843252
59640
665906
766995
225472
890031
972635
256525
271551
56142
935577
58917
238728
251570
291955
987456
404861
350730
201476
981607
471082
263562
586527
725560
908821
857634
818299
407336
895076
632302
857189
171303
618853
593315
347274
369648
368719
993146
181271
651242
624184
113663
748248
778138
831422
911829
992613
343782
542401
