190912
56374
732376
752422
940525
516362
377986
487862
551467
754011
554305
292726
992823
900566
910182
995572
675935
32999
560877
859966
421369
838483
925863
944007
383549
538642
607585
258600
915324
591112
910026
928043
427777
29277
345723
151386
237238
502518
202958
622228
827781
88090
789345
497155
296694
622228
401511
130019
463514
581519
334018
435571
968434
761575
410559
759310
329568
650100
649598
752696
566207
101297
206385
899085
846484
190928
748635
128007
77596
388470
921280
812731
925740
904140
913333
299390
174279
315103
455256
996392
524741
70003
340085
962297
657517
603407
553264
168317
26219
151386
609542
165953
122925
900173
363084
372052
728132
431007
787346
244157
315530
26788
884706
707034
813290
112308
827807
590432
801836
410521
327286
415190
216559
969795
731175
722614
32214
341572
502328
679884
497519
496581
720026
76310
353921
288157
348648
483485
505158
156103
699421
189376
213938
148587
464117
641703
672367
392439
782056
890195
53837
743269
391373
761024
272170
881659
732268
697866
951532
729921
126042
388002
380878
954189
196109
225472
459062
468807
303876
744750
847467
188452
859583
851138
382641
308648
232217
415707
43634
572746
461551
672875
490413
645637
38147
617947
89931
766995
752696
427027
926065
105899
301039
341654
124722
594347
309276
50048
946262
816733
475590
665399
377448
196516
252227
685492
166370
87761
147363
566681
990132
529594
866503
65765
307440
86291
398354
25616
99571
866518
354598
13012
606630
120399
528973
38660
233662
991817
773785
117334
396643
870099
67056
500002
573312
761439
380878
423579
578205
293024
435460
584016
206790
477292
368719
370929
3976
192622
249976
520244
895354
308844
546615
522142
600931
369803
421142
780292
126326
596347
36362
109326
608354
190928
193111
630246
839303
87983
200969
801904
796662
687932
7640
744750
926932
914886
810137
146689
837901
441536
964167
340308
482520
607709
444539
350329
646781
893792
382641
201476
702568
435817
169175
804110
893509
389361
581040
985894
233919
785874
598712
824827
627011
840281
585797
566207
852179
524583
54696
483401
724935
78703
32581
112308
11911
287997
566207
796870
893308
952277
634747
649598
641142
275536
398190
408192
8612
787346
46545
332587
33576
185221
516180
672859
43506
588356
421600
548227
565813
699132
539434
734696
548155
434023
45188
893368
883107
496296
690647
496296
236653
834137
301527
145187
425337
66871
989174
246361
348333
169175
416654
880102
553264
341572
888071
425810
378383
206048
933037
890031
781654
444539
905278
659609
494505
387534
993774
239627
849990
904297
942273
378383
522258
290449
1
845766
739146
985981
855978
649763
486486
643035
76977
959169
108329
308785
848434
687835
734870
31471
140469
44087
488662
697866
427019
891872
440805
886215
65819
605293
819731
48792
455016
724476
274088
573312
962672
446980
801904
36821
496951
358280
504685
165953
623755
278931
777617
670554
267735
940607
376095
553577
597239
656566
204597
256598
370561
300864
47256
651296
568742
577451
955209
959494
859835
514299
206048
649303
936168
281655
62795
43215
828075
769011
748635
702459
689328
148835
558690
496581
173295
338017
910541
797543
337117
681138
310747
278802
289855
193947
326139
9017
740702
531313
496296
384698
142878
606539
427400
328572
741575
479771
901140
74963
31964
554292
985454
527317
219919
911964
672971
778910
213621
282243
150696
293821
534231
423579
734658
789192
787317
522737
808569
293461
15471
511149
569757
558973
486027
227558
890499
469034
890195
715397
344156
568742
135707
808356
744750
667416
78663
189921
33933
147013
940607
843227
220119
903492
71989
167508
373217
397295
89480
909998
958521
348036
453439
964032
290663
47491
143087
816632
471385
578930
611454
753813
886661
523848
461443
393569
887102
58917
88057
942107
40837
106874
85627
120758
605147
262735
517520
86291
362546
567077
578205
573005
866536
699485
263562
331718
333043
243335
518244
799217
464055
37030
82172
551467
718468
839954
851917
446747
857029
292726
367112
938762
287047
975067
981548
45611
334154
978171
172535
531266
81725
476865
864246
383171
256598
701981
387557
761042
589894
478153
829169
255726
831915
32278
293641
280703
978317
727543
805379
547112
851987
567615
644682
536115
98214
870099
686503
979561
189921
128990
191895
340930
175998
237034
661791
249321
218021
737146
911829
532300
466689
840983
996392
777604
204525
175583
633181
54091
290717
172033
4975
210024
358519
276570
818556
644752
665016
239237
37014
43723
596894
11639
246875
19219
92962
237664
794120
119419
997901
34794
100387
899482
311411
978016
327623
204423
325833
342691
527433
373230
44761
755538
292545
86338
605680
575003
898218
15079
11003
554905
32214
890518
834137
968614
727142
573730
731581
162422
610846
334706
463792
316259
969205
394859
303271
419383
14692
717904
522737
265578
837231
717883
717886
473037
433840
811713
363084
728213
648930
942622
545761
60147
290449
506245
966325
91780
544813
656100
444033
59443
982864
73894
773835
678823
666222
728512
428373
979561
531571
524809
990112
48
797147
726201
96733
136648
744803
206048
731346
485327
271996
980752
436914
128990
51832
403671
524013
510935
131420
563538
240517
231982
894051
46815
356213
50200
412979
36988
342985
433621
715709
776983
817206
82177
133718
768381
557640
842906
894581
289528
226839
473984
461575
573542
335979
729435
412011
924504
749268
602823
845463
24662
757743
421946
758037
262735
779006
11910
179663
845590
734696
165953
175926
178683
196572
87593
537619
993232
770191
886737
606337
877706
537115
14692
806966
835796
510184
886247
377812
937522
42191
188583
1960
367138
843252
936808
338859
823434
787496
13287
870991
889499
827594
8612
756478
533944
943090
562151
419922
508499
551467
430889
818866
418125
365336
529871
679209
381863
442627
60735
326799
275506
925457
976264
713692
916826
976264
937108
725805
63103
859219
373217
511848
264821
392511
462283
675935
67556
380584
342691
122805
469599
173736
948000
952277
109326
57526
170769
830212
672601
505981
424612
433427
374907
159759
597974
67623
129214
832949
120142
988216
925863
613638
828686
275506
873168
186644
693070
752422
934728
598774
532276
373478
651296
396075
678449
814115
8801
154755
552180
913302
427180
665440
928043
661204
49729
33576
754529
757159
670202
79156
481966
779540
565813
744842
237400
699676
800044
826680
795879
271901
400797
101706
170769
224793
673360
580388
806387
770191
928043
207697
810860
770191
805613
910687
277015
849622
134313
262642
170292
523235
679155
780292
354254
439480
410483
687932
279953
939900
84205
398459
711723
176782
112975
464055
909924
678509
843252
302699
932226
962830
225472
890031
851987
61342
894070
74963
935577
58917
238728
251570
291955
759678
154966
719254
201476
392025
335410
953326
586527
947989
796662
744803
643399
103619
205589
632302
408192
332587
648930
40208
832928
718653
368719
12352
181271
651242
624184
113663
692992
101883
458708
818562
992613
343782
542401
