190912
56374
732376
752422
940525
516362
377986
487862
551467
754011
554305
240973
961845
178208
910182
351556
675935
32999
560877
859966
421369
37069
925863
944007
383549
538642
607585
258600
190907
399887
588357
928043
427777
283706
996402
151386
237238
502518
202958
622228
827781
37069
789345
497155
296694
622228
216339
130019
463514
939239
334018
827397
968434
584499
647277
692432
329568
650100
649598
752696
566207
588170
206385
536955
533719
190928
748635
128007
304254
388470
921280
342432
925740
968758
733397
329309
174279
315103
466100
996392
219704
70003
398613
962297
657517
603407
553264
52642
924861
151386
411151
692386
122925
900173
363084
338973
728132
431007
21523
234760
315530
26788
884706
707034
813290
112308
827807
761580
106874
410521
327286
415190
396075
438046
78065
722614
32214
195946
502328
679884
964088
496581
720026
739180
353921
56614
526501
483485
505158
156103
316601
189376
213938
148587
464117
641703
710065
358149
782056
890195
53837
743269
391373
935328
272170
881659
732268
697866
951532
729921
126042
388002
380878
954189
196109
225472
955258
387719
303876
744750
847467
188452
859583
851138
382641
308648
232217
415707
43634
286794
461551
672875
490413
645637
38147
617947
89931
834250
752696
427027
926065
105899
329669
294892
124722
594347
309276
867176
864619
816733
475590
665399
377448
196516
900076
685492
886896
87761
31964
566681
151735
529594
553842
65765
307440
86291
723791
25616
502518
866518
354598
13012
606630
120399
528973
38660
233662
991817
773785
715438
579135
503969
67056
500002
573312
761439
380878
423579
578205
293024
19464
584016
206790
477292
276794
370929
3976
192622
249976
520244
895354
215924
932878
914886
600931
369803
48701
375109
908170
596347
36362
109326
269389
190928
193111
630246
839303
87983
200969
801904
796662
687932
7640
744750
847217
914886
497256
146689
837901
441536
226068
724079
482520
764133
444539
350329
207310
518460
382641
201476
702568
19426
169175
804110
893509
922356
972184
985894
233919
785874
598712
824827
627011
840281
585797
566207
852179
524583
54696
521899
596561
78703
32581
112308
11911
287997
566207
796870
893308
952277
634747
649598
641142
275536
398190
408192
8612
21523
46545
332587
33576
60765
607756
715397
743356
516099
531894
548227
565813
699132
539434
625898
548155
434023
45188
266918
883107
496296
477188
496296
236653
834137
301527
145187
425337
48791
816578
246361
468115
169175
416654
880102
553264
341572
318380
425810
378383
206048
396424
890031
781654
444539
905278
659609
494505
387534
993774
239627
849990
964110
338492
378383
522258
284270
1
704375
739146
985981
875774
649763
486486
643035
938325
101883
108329
308785
363187
687835
734870
31471
140469
133032
421296
697866
555205
571985
600543
251628
65819
605293
819731
48792
928627
964873
274088
573312
962672
446980
801904
36821
496951
358280
956791
165953
623755
278931
777617
524457
558188
915867
985794
553577
597239
70962
204597
256598
370561
300864
47256
324532
568742
577451
955209
763069
496581
37069
206048
649303
726201
281655
62795
43215
828075
769011
748635
702459
689328
148835
558690
496581
871547
338017
910541
14325
337117
453706
310747
380410
289855
193947
326139
815285
522848
531313
496296
645771
142878
606539
427400
328572
119984
743356
815498
531894
31964
554292
173201
785393
498200
911964
672971
793087
213621
282243
150696
950985
922980
423579
734658
789192
787317
522737
496382
293461
15471
511149
569757
558973
486027
227558
892250
604153
890195
715397
344156
568742
963452
808356
744750
218509
78663
189921
215118
147013
915867
344365
220119
498122
71989
167508
373217
397295
89480
909998
958521
348036
523747
796278
290663
47491
143087
816632
471385
578930
611454
870092
886661
523848
461443
393569
887102
627719
88057
942107
427019
325865
953300
120758
605147
262735
256598
86291
362546
567077
578205
573005
349349
699485
617069
331718
333043
243335
518244
799217
464055
37030
82172
551467
346772
839954
851917
446747
857029
240973
367112
938762
287047
924878
981548
45611
334154
978171
172535
505158
81725
476865
135280
383171
256598
582145
387557
337219
589894
374580
829169
255726
831915
32278
293641
280703
978317
727543
805379
720496
851987
567615
734607
536115
98214
503969
686503
979561
189921
128990
191895
340930
175998
237034
661791
249321
218021
737146
824422
532300
466689
535032
403957
848670
733166
175583
633181
54091
20078
172033
15362
210024
358519
38919
818556
644752
321240
891883
37014
392105
596894
872474
425980
615963
92962
237664
794120
119419
997901
895354
100387
899482
311411
357150
332417
204423
77093
342691
392105
373230
44761
731315
292545
86338
730311
202927
898218
15079
110030
554905
32214
406695
834137
763054
727142
573730
731581
162422
223495
671268
463792
78352
969205
394859
303271
901140
14692
717904
522737
427817
837231
717883
717886
473037
243984
811713
363084
728213
648930
887799
808184
60147
284270
506245
966325
91780
544813
656100
444033
59443
425856
73894
966049
678823
666222
728512
428373
979561
531571
524809
801069
48
797147
726201
96733
136648
744803
206048
731346
485327
271996
42257
436914
128990
51832
403671
524013
510935
798701
563538
240517
231982
894051
46815
356213
50200
412979
36988
805896
433621
738638
707556
817206
82177
133718
768381
557640
842906
686388
289528
226839
473984
461575
433128
335979
729435
412011
924504
749268
602823
845463
939900
757743
326457
758037
262735
779006
751075
988833
922980
625898
855059
175926
178683
182910
87593
537619
993232
770191
962291
319439
877706
883965
479200
806966
417165
799146
886247
377812
146426
42191
338973
1960
993984
843252
936808
338859
335796
787496
466844
870991
889499
827594
8612
242533
996570
671684
292503
6907
508499
551467
430889
818866
418125
365336
529871
244615
381863
442627
867654
261034
275506
925457
976264
713692
916826
976264
937108
725805
28613
859219
373217
511848
578680
392511
462283
675935
961691
380584
342691
122805
538398
156073
207279
952277
109326
428169
170769
16767
704462
505981
424612
433427
60060
122285
597974
449297
129214
832949
120142
988216
925863
613638
828686
275506
873168
186644
693070
752422
934728
598774
532276
373478
651296
396075
14325
814115
8801
154755
552180
320164
924861
665440
140514
661204
49729
33576
698176
472718
670202
79156
481966
779540
565813
744842
237400
699676
37190
826680
795879
271901
400797
101706
170769
292456
673360
580388
806387
770191
928043
207697
101883
770191
805613
910687
277015
849622
502168
262642
787346
973667
993524
780292
373217
117812
94289
687932
62993
939900
771057
398459
820753
176782
112975
464055
690573
365097
843252
302699
932226
834250
225472
890031
851987
61342
511914
531894
935577
768308
798598
251570
291955
759678
154966
719254
4832
529585
335410
953326
586527
435817
796662
744803
643399
899132
205589
632302
408192
332587
648930
194809
680603
718653
276794
196691
181271
726647
624184
113663
241360
101883
458708
234347
992613
343782
987568
