824539
62901
659652
88733
761469
666822
48446
874395
810075
193556
940267
861579
210496
394340
422711
465568
274326
152413
906674
931322
433403
279541
984867
263879
890733
11370
328612
147578
189665
2806
800277
313333
784531
323891
776200
463286
135680
3897
823145
9234
135474
683768
38288
691976
888123
9234
662048
964853
650226
235075
987199
158239
837168
584499
407270
898047
221352
889744
308486
302724
313950
942211
284558
730532
866729
951246
806732
15636
360799
295140
734002
281482
502514
662048
433422
136341
123602
366452
645118
181209
664504
421245
357372
79243
219911
595456
709745
596826
943951
984719
668740
977735
580660
49994
934991
908720
222689
370961
897534
381266
10603
70885
783267
353365
416843
620346
510174
400025
110237
911964
769909
753661
653944
282941
314776
501438
642408
116374
553506
170862
188659
593301
51677
506197
492698
280456
473871
576749
596083
979789
226774
79722
353640
284080
245999
727215
808910
144539
44838
633859
310960
844530
139022
948285
865874
715667
230624
293730
368578
496076
793322
840887
806531
416436
723316
212638
468432
582955
393096
862409
328161
388102
251141
617553
133777
517248
700214
147416
255257
737843
19425
356637
136912
798625
381105
243837
791699
94664
302724
843043
817611
504479
49031
620131
931291
585247
676558
914098
6206
326848
720620
846651
493106
780504
993814
579918
808293
118820
927957
62489
550248
682525
390496
756437
287980
715871
592028
50434
847452
374591
121397
90877
598132
437441
840149
691719
519811
26104
993415
733641
771645
3882
43462
629768
482932
797840
999969
858086
742826
186076
631109
264708
121186
477292
865874
154613
237928
805925
403228
992628
748892
804962
271865
337343
811975
672096
849357
599151
695850
364410
586638
329697
377653
757886
430957
384417
307073
670446
403771
45530
64945
4478
451553
606429
912835
337343
164898
474722
612515
173901
77320
788897
543593
353365
872765
460340
100757
371814
835558
571917
249131
549934
11509
743608
808064
677611
117210
656389
800153
800809
325016
241042
134093
212459
594223
889744
842628
260203
770333
72410
2849
65886
32581
120229
860270
467129
889744
980011
517079
120805
808078
548449
51990
955611
746019
376026
350572
897534
91747
779432
588874
696610
865033
19862
43506
183285
493035
589450
145971
68
345335
312474
763723
796128
499264
320724
766442
571975
474325
571975
132371
500640
486068
861638
257369
439609
759753
178556
758719
64462
18482
634877
56374
212779
978978
479904
564470
975923
681571
730895
225302
423820
255823
332577
855718
40142
309847
529818
56374
508787
629001
260194
307844
109334
160334
358846
89305
124455
960868
801649
742420
142663
847914
610935
578386
576005
239320
61791
949887
27966
602862
637532
869048
293730
566131
859893
371763
172129
669294
489523
576383
151928
208043
8877
245565
250147
413565
282093
801904
620806
738813
69171
155285
301208
526346
858128
559123
193118
361784
403877
478124
330659
247407
316070
646170
946007
880765
591016
865318
213703
450774
735562
955184
194734
877232
279541
779061
871044
643433
482588
40394
526401
454024
850815
806732
367595
22154
28414
876921
54675
664755
692856
414709
486967
211837
370185
214098
215672
892428
86748
120506
863394
563908
652795
571975
470341
325663
951954
549776
766442
157242
577048
312592
65815
383776
961786
923324
322176
511406
486087
334316
775268
611878
968212
64078
145141
759438
407105
978333
561126
680310
395924
876681
514512
908332
42974
849990
544040
741994
194855
589939
196116
508761
19862
980585
199545
779494
27555
606429
930309
739206
641911
854694
614252
403877
773456
7178
915193
942434
3870
637939
16095
552263
966936
2248
11043
961201
976135
609185
900027
883240
822004
737155
325167
700343
842143
602214
753453
814269
786074
47636
875823
622034
853444
566131
611470
353426
52167
936627
672124
283336
53500
120140
471048
184823
783405
127405
19439
537374
851310
952319
514239
393788
208267
387463
723316
9244
713154
406244
863769
151976
341936
240188
861579
328612
766274
842720
765569
669680
882710
611673
862887
76370
109727
394763
57786
691443
954117
668866
843530
180339
168221
170505
837168
557649
432786
547293
283531
360385
245211
538931
857392
14881
446858
577775
147802
581164
44694
740444
3882
499309
192120
942178
146447
153478
8808
922887
15673
736424
265829
721634
55722
879545
142491
467593
32721
428163
214385
994046
602663
989191
342181
70856
912831
21964
293131
276211
967864
176456
668024
698066
458883
799252
445985
627429
326696
769912
749240
3505
17392
898844
995502
925567
748892
157403
556944
142244
926647
790071
60505
75579
844661
94617
560913
938716
400025
254150
54872
634742
493035
500106
97650
819071
24978
433151
40795
308914
960844
369215
80516
690396
647794
182769
248765
103284
582100
718304
90133
340448
822747
758922
132253
395924
747732
439381
482520
572842
618977
175396
238671
700272
360013
506374
607301
986260
324008
109334
630985
896033
264079
75404
26744
582067
826121
639927
404871
440061
635065
750285
451553
672242
192120
813413
33244
446461
759156
489964
317870
96733
155949
109139
779061
163291
811472
641128
78254
237289
689242
989477
788505
270603
420684
495831
902033
773211
289886
105182
70941
21026
595666
500005
498782
499309
359049
588024
108147
367149
36269
980074
554541
867599
626878
224800
763745
386085
546964
211706
695234
474302
710011
947995
602616
136027
422705
172773
230378
759026
422650
461988
672124
108706
849114
693021
33580
312474
214595
923093
716159
349985
209183
83569
287347
615496
352397
584153
307073
345668
423020
275895
974476
301009
59669
313877
910225
953282
95764
471048
352455
574882
251809
799241
861108
374308
182975
228178
839892
535920
425022
604918
280030
138133
42113
862887
675978
684013
553189
551952
86748
699878
726654
185841
898164
292173
951784
165416
876346
622020
100709
508693
908349
100709
638137
164229
822769
336903
475291
451751
439379
665059
3512
274326
429315
340749
529307
990883
85646
323578
174232
120805
230557
644022
836087
57047
602431
953449
539014
775268
97457
643775
673431
569660
185458
98648
903273
647148
984867
965619
725486
834568
180466
654345
134310
292584
285359
787047
624760
16794
213703
653944
746236
245214
23794
163609
172759
996849
585247
803627
900249
786323
788054
213979
743824
242100
710581
486237
871592
943566
956316
217249
264920
340638
158785
85500
475301
161949
331256
33712
437557
842720
553516
713259
136912
796311
313333
602280
567410
412193
62855
472354
37903
989477
629010
314446
871322
436682
253674
444506
637939
74130
943349
240188
728914
178556
889464
586797
219387
534157
569655
874732
136912
964702
574882
161497
492089
94664
941262
165896
577775
38716
519166
65815
664051
875823
755287
873350
753141
651792
297073
569317
234835
455405
57204
95122
136027
356097
29520
109139
580555
58181
592732
694623
58093
952329
407781
719844
622034
71350
554390
262232
353894
171005
495216
226054
798621
567410
521742
703261
545542
923675
872715
