502388
733257
785346
821957
780563
353064
358326
55713
1383
598537
829121
290012
672481
287434
540264
762686
10097
805161
87640
293297
7388
113990
964772
674010
44141
79005
406300
138866
122585
457231
515741
211909
347921
928116
872305
247410
939076
790880
999973
765881
933882
822351
672223
69600
22192
66169
869693
964591
389648
664676
218972
70164
875880
731863
437969
228001
877151
614285
621658
873121
153169
787451
8878
999065
956368
1717
398928
870477
454059
823757
333730
953255
643145
196913
99301
878731
724706
235147
324680
396929
140499
115387
366552
957515
959800
225535
919888
557562
942780
974104
807584
408632
209523
650211
438174
615995
792406
177346
33033
816920
92880
308165
520513
297897
351863
681849
700436
871428
710403
652375
883321
485369
778938
828809
992751
142680
931461
714885
626498
208977
880632
657060
112259
62702
509948
488396
471100
672834
476513
366493
708075
990196
899312
569005
884303
54256
179052
420186
173009
385979
182999
332317
562891
841759
465813
705349
25667
345560
144643
13814
566672
613639
306897
631521
107039
301100
42110
351241
184510
299590
424160
854177
244999
368696
142681
709961
628360
309400
190014
877186
822417
496706
444914
372998
974405
68677
752055
425851
311596
170627
91820
416042
795826
862691
330385
18565
412510
148698
659050
47702
25884
516074
220031
491235
375745
215531
951785
144300
897388
329746
936511
293300
285037
425504
603057
724384
467495
645690
742692
807730
738334
797698
496972
820332
730417
575119
376341
822742
814101
239391
389762
966726
286504
271816
932876
177900
106636
155292
235967
251657
841074
65852
319074
47302
383742
528930
323675
784063
162168
252619
979496
811424
691616
853525
565317
257692
630186
51739
144247
367914
50922
470246
401921
657257
382143
911928
577834
368542
194598
30543
81167
835592
675199
536817
992135
192905
374536
321441
565863
378473
545429
84108
337366
330618
209002
912034
938067
138203
919952
652819
310978
487490
841230
552683
59736
587439
519306
119076
570312
259694
182076
471699
749640
163268
276993
17518
878293
215278
724409
96505
224457
691438
47679
506397
389161
779917
972354
137794
555433
155959
607729
647864
558069
968714
817378
427785
852788
780663
173626
909452
787396
611232
568474
29752
123246
666982
85749
95318
318243
189578
51930
283375
857626
950312
804327
87902
601886
334995
469622
178504
490816
333947
746704
825203
165735
386834
429445
921138
304374
198571
426783
884835
755775
737693
298031
62081
176066
269280
994513
211947
608117
809849
722582
835115
402180
46307
342073
395423
297956
583963
225429
107463
140000
728373
814223
310949
590147
173704
321435
356218
801669
415583
387184
900504
798259
645104
658127
199810
243936
577018
980917
794625
953990
108373
314132
397975
575075
25841
315994
554112
276483
94780
59579
861253
506948
45408
531995
718045
588368
411719
902539
459336
840960
709644
694249
443001
788588
968238
829363
770718
453937
977871
718587
537203
753098
37700
413106
720046
724769
218456
284758
310855
581828
395468
305066
273892
21337
607636
87743
442539
904122
949181
9946
499143
765969
722864
496831
277862
687367
87370
191771
685074
572427
323497
584039
772057
453162
97479
435451
424807
5902
560009
680856
724683
770024
184430
397142
840822
240157
532547
583781
817729
633767
392371
775421
592405
432197
406347
670718
600401
673783
414983
601577
705799
954885
884195
416477
352775
991788
297112
105764
439267
170650
772309
801316
805405
174310
802338
123823
444079
306340
105150
123446
280290
296302
819672
60784
172667
81773
364863
105017
696203
673095
533629
85940
396043
145835
470510
152498
715698
20032
505125
744259
865517
826799
431044
204954
663122
756536
634726
749187
156164
307996
820947
407737
641506
788260
909141
950610
238039
272018
938219
332993
137156
831540
451171
809456
882469
627912
674340
928346
871565
994607
184918
355930
853744
124947
784067
960660
392717
777554
235134
215561
251238
567096
228716
176873
486990
128854
424069
911936
939580
774975
282568
166049
349467
877624
111541
333260
871491
429085
996718
129262
910135
129278
35712
533440
179411
631371
689745
772535
857515
434180
163780
913637
637193
573012
15527
362187
412751
397380
802568
411050
766594
402294
531001
691633
535715
799624
766946
137611
42988
201310
488031
688927
943790
805052
162732
205126
695222
978693
459055
922378
534453
270258
355759
789601
504814
200697
532460
64896
942229
177931
140176
26120
560169
279685
868035
844236
317795
781405
2158
539524
720498
909877
532491
720208
826468
496784
76948
195227
119937
610755
971615
481504
186554
393300
559750
257728
415959
186971
546040
859757
835129
888651
358732
319737
596089
577001
49620
750343
409488
506492
117989
966428
467571
580205
775551
888610
330962
411941
556416
677538
956923
162151
532394
588237
102952
752244
76157
834086
94628
720441
967767
996600
363657
122640
450045
706298
958857
508086
293846
436345
930979
842041
561674
792226
93288
426743
523547
891348
925162
858044
766337
542635
598564
881385
95032
905060
858904
901008
334710
930726
620672
199902
50622
7151
210913
219133
659566
159655
690094
815436
670365
729309
254403
143742
427586
210471
714283
165431
981288
490285
487235
879879
729974
354425
248654
690793
420953
573595
373036
320124
389886
339051
701631
557564
168379
299150
101134
917203
814992
590371
77336
261223
853461
512338
736288
616168
476490
354238
968691
313817
367790
422510
799639
458545
493918
316897
948154
17058
548199
865197
687686
42548
88462
946195
187079
138159
297157
416095
84496
886664
372129
242657
712849
637286
832253
201604
791107
259966
444765
704513
885310
869718
863333
334280
782142
812404
569656
992361
616216
463792
664963
120348
488533
7754
533669
292965
479957
538903
345838
200121
926304
998937
817291
241997
919767
364535
409308
56837
487528
122049
171911
909007
945091
770450
864035
339470
74425
357131
839588
973287
564086
20973
505602
20451
928271
955326
915369
290285
31025
699968
15983
77378
354375
244295
890336
201937
687717
893062
949939
56353
243755
968847
895127
264868
745925
741538
322458
871892
983297
520013
573744
705735
24425
663044
589271
928021
101419
908657
250059
297422
726078
994351
956937
556103
167483
805505
102868
692680
937411
988901
467798
723178
912474
335821
896950
373406
837085
894359
479765
191062
814481
610278
201503
986992
515643
555671
881850
250426
653263
17417
12147
883117
55690
477017
291055
596903
71907
251008
859373
516332
252631
525682
855508
387023
526716
125167
417844
935013
569685
163501
400382
196105
525762
39517
749236
170974
337163
160593
896259
512301
220922
649680
453202
179071
44672
772579
687908
937453
644072
362493
595409
711593
277327
195062
109869
886933
313635
230450
50956
135868
687420
498978
899764
713309
908937
438950
992287
565100
403043
634357
276205
435170
382427
115598
610294
342139
562494
616096
523041
114732
585592
609461
661994
931321
896831
399312
732381
500659
258831
406014
734675
181297
279168
788457
997461
807027
521107
