175436
910745
303567
821957
780563
383717
358326
55713
1383
598537
221879
908431
672481
287434
248034
762686
10097
805161
87640
293297
180199
327234
964772
43659
426717
79005
130992
138866
142633
284339
515741
86710
347921
348840
853655
247410
939076
790880
999973
284658
409158
551787
853305
69600
997808
66169
869693
895512
389648
6034
218972
213190
875880
731863
940830
228001
877151
614285
153136
873121
999491
787451
8878
649515
956368
1717
885200
870477
811775
823757
909393
204888
483178
622025
99301
878731
724706
235147
382099
396929
802508
115387
366552
571114
959800
225535
991341
994476
264275
974104
807584
408632
209523
334262
438174
615995
792406
177346
33033
906009
92880
308165
4283
285584
351863
681849
700436
564620
710403
400175
137324
849875
301489
828809
681850
754421
894106
714885
626498
878990
460979
657060
112259
62702
509948
488396
471100
23418
494058
907093
708075
990196
899312
569005
884303
635748
168574
420186
157274
94187
165819
418603
562891
841759
294596
42672
25667
825286
144643
13814
566672
613639
306897
631521
868754
301100
42110
351241
184510
378996
424160
260203
244999
150266
42701
133148
144896
880288
788636
178775
403045
197523
134142
344933
207545
510531
296687
973634
561530
671413
792878
416042
964223
862691
330385
18565
412510
148698
659050
621796
149547
484545
220031
491235
375745
215531
979773
144300
20686
713566
936511
293300
942719
425504
603057
612587
467495
644857
149597
177550
891630
459184
406865
451305
730417
575119
376341
822742
814101
239391
389762
52130
383605
271816
932876
177900
106636
131023
48431
221686
362696
437899
319074
47302
848855
528930
323675
784063
162168
363120
979496
811424
908911
853525
25881
257692
630186
51739
144247
367914
50922
470246
507861
657257
382143
911928
577834
368542
194598
30543
81167
81215
675199
536817
148873
408824
374536
321441
565863
297057
638245
194749
337366
939572
582944
423093
938067
349648
919952
69091
132669
487490
107208
552683
617090
321229
519306
904749
538310
183245
182076
891648
749640
163268
276993
17518
878293
215278
109944
240813
224457
691438
47679
355015
389161
779917
470611
137794
736960
155959
981100
647864
558069
724373
817378
366824
852788
780663
677702
60304
787396
611232
568474
29752
536330
666982
85749
95318
318243
871627
720464
517507
164428
541653
804327
856737
601886
545003
977901
585340
490816
553082
902325
825203
165735
751550
429445
921138
614992
565778
257517
884835
358440
724849
298031
62081
994611
700157
703300
876939
608117
351242
722582
835115
402180
46307
469886
395423
297956
602197
754993
107463
140000
455234
181172
790543
590147
370871
783682
356218
801669
415583
387184
900504
798259
371578
289411
199810
243936
890165
980917
744023
79230
509751
314132
397975
575075
25841
315994
108635
276483
478006
911050
861253
349282
45408
494887
718045
397423
411719
185000
459336
51072
847934
694249
443001
788588
87005
829363
770718
510245
102809
211430
893218
444446
37700
446462
720046
724769
218456
284758
310855
581828
38077
104576
273892
642771
923542
87743
964479
274273
949181
498285
499143
765969
722864
591475
277862
562585
557364
191771
685074
719826
323497
584039
479613
188871
387970
435451
424807
5902
560009
217065
963086
770024
184430
587969
840822
649059
112358
583781
298831
590042
572037
775421
592405
819366
406347
670718
600401
673783
59238
601577
705799
748671
884195
416477
352775
991788
297112
105764
439267
366353
772309
369127
863135
156312
802338
123823
471522
306340
105150
561302
280290
344828
819672
60784
172667
464267
953434
105017
427841
673095
533629
85940
634910
265289
470510
152498
715698
60
957755
606975
865517
690630
12909
472973
663122
756536
443534
818815
156164
204047
820947
407737
600510
788260
909141
950610
238039
272018
938219
444865
137156
831540
451171
227471
882469
698139
674340
418533
763947
731413
748411
355930
331652
124947
555221
960660
455590
118993
469162
620683
251238
567096
228716
176873
486990
295796
424069
104747
104419
148550
496896
861786
349467
877624
111541
333260
871491
436016
996718
342679
910135
129278
546585
533440
179411
631371
469986
770878
857515
972003
711667
913637
992726
573012
683886
682831
412751
527807
802568
411050
766594
520969
371280
498421
926363
799624
270155
697987
42988
201310
187100
688927
943790
866277
162732
205126
695222
978693
942665
646728
534453
228378
355759
996586
504814
200697
532460
64896
942229
562473
140176
799585
127389
279685
868035
596192
141809
781405
874173
539524
720498
946381
532491
720208
826468
496784
640976
632855
442844
372437
204593
481504
186554
393300
559750
257728
415959
186971
127796
232289
835129
789392
358732
319737
596089
872786
49620
187526
808688
506492
820283
820686
467571
580205
775551
888610
276112
375394
852131
677538
650347
612599
532394
588237
326466
434080
76157
772666
709673
720441
967767
996600
363657
292305
450045
706298
626421
137916
35376
436345
930979
842041
38781
792226
860187
209463
523547
891348
736206
858044
766337
542635
120772
881385
95032
905060
858904
183868
334710
930726
840609
199902
50622
427810
210913
219133
659566
159655
690094
364889
689791
729309
254403
53464
427586
521630
744492
178881
464930
868366
742523
268487
729974
873684
32549
690793
420953
573595
397958
998463
202765
339051
701631
80102
168379
299150
101134
917203
814992
590371
939761
176591
853461
857301
578705
80085
476490
354238
968691
532239
35656
671680
799639
337904
591435
316897
948154
239129
879970
865197
687686
375661
88462
447920
187079
410946
297157
760604
503244
886664
372129
242657
218399
637286
832253
201604
791107
259966
444765
259578
885310
509353
863333
891349
170428
812404
569656
519515
751116
463792
664963
120348
488533
7754
533669
292965
479957
538903
566157
362439
926304
843517
921797
276145
919767
511267
409308
856980
487528
698198
700372
909007
945091
849608
198092
339470
507961
357131
690499
973287
952729
804180
505602
445790
928271
235872
915369
866712
31025
699968
15983
77378
375706
244295
113936
201937
687717
893062
729643
56353
243755
968847
895127
264868
745925
141125
322458
664714
983297
520013
573744
705735
834135
663044
589271
294277
385673
709845
250059
638678
357513
994351
956937
379845
365518
805505
102868
676166
937411
415406
467798
981267
499355
898574
896950
401872
293296
796875
465085
327549
814481
25588
463644
604860
515643
180147
313966
604223
653263
785594
12147
226985
502958
477017
291055
769262
354574
816740
859373
930427
252631
816411
855508
387023
526716
858036
417844
680197
970441
163501
92397
196105
502480
39517
749236
434148
337163
43069
370380
512301
838404
370529
488666
179071
44672
772579
687908
937453
644072
792821
595409
695375
277327
195062
109869
886933
801429
230450
848189
135868
45312
498978
899764
713309
908937
438950
767775
565100
272307
634357
276205
435170
382427
115598
610294
342139
562494
501888
523041
206312
57912
710790
941387
931321
896831
547352
797352
500659
212132
993428
734675
338202
969974
714057
997461
807027
521107
