388340
871664
785346
438519
780563
89094
189360
398405
331017
861718
829121
240635
672481
287434
540264
762686
10097
170724
87640
293297
747056
113990
964772
609726
44141
191004
406300
170236
122585
457231
649287
194353
347921
928116
278032
247410
997537
790880
999973
590237
239652
822351
672223
69600
533141
66169
869693
867551
782881
664676
96780
70164
528009
196668
53721
311261
877151
577087
621658
873121
564222
713564
8878
999065
899285
1717
952177
760206
454059
823757
333730
774072
643145
538097
99301
388834
443578
235147
324680
396929
140499
345303
366552
957515
638796
225535
919888
115447
619656
974104
687809
979366
209523
143990
831847
236644
183281
454260
952668
816920
274405
308165
520513
548152
351863
681849
846880
871428
710403
652375
325097
485369
778938
910352
992751
142680
139704
714885
626498
386876
551258
504340
34715
539565
991799
488396
929695
954544
133564
200644
201352
990196
952107
569005
884303
561950
303590
420186
173009
385979
182999
332317
562891
9346
465813
705349
25667
764139
393035
13814
566672
812606
306897
631521
945586
264721
42110
351241
184510
299590
424160
70123
633155
333083
142681
383238
956223
309400
552423
877186
662030
706317
428558
372998
817875
68677
233560
400870
389747
170627
707222
732300
795826
253117
330385
18565
412510
148698
944377
47702
25884
632145
684338
491235
659268
389155
951785
298625
357404
329746
675971
293300
285037
425504
603057
992347
609135
645690
399478
807730
738334
971007
496972
820332
233050
575119
376341
822742
814101
239391
389762
728030
286504
346060
932876
369925
106636
155292
822078
109661
170331
226633
319074
47302
29684
897453
717986
525145
162168
252619
979496
40418
109847
825673
565317
328432
344876
777533
130884
339846
50922
470246
561610
657257
382143
911928
238507
368542
407695
888626
261958
835592
863280
536817
594501
192905
98916
321441
472993
660239
496762
793861
120776
330618
209002
912034
938067
296999
919952
652819
310978
487490
446387
891663
706933
587439
519306
625499
570312
701058
182076
191368
523597
780638
28714
17518
878293
215278
272857
96505
224457
691438
47679
44730
389161
964536
972354
137794
555433
861377
899653
647864
492284
968714
933607
427785
129986
922772
173626
294146
787396
309877
841018
29752
745727
845242
85749
95318
55961
905591
51930
283375
975165
393553
362317
87902
601886
205673
469622
956698
167063
333947
746704
825203
482541
668725
429445
921138
885140
198571
426783
884835
755775
737693
388842
62081
176066
269280
206688
211947
608117
809849
722582
835115
402180
46307
409351
982652
297956
25872
490481
107463
719961
295448
313457
310949
714986
173704
642507
322566
801669
670435
387184
900504
798259
645104
658127
199810
243936
383718
980917
794625
443040
108373
314132
566751
575075
25841
587437
554112
267763
94780
59579
279246
506948
45408
42227
718045
588368
411719
902539
459336
45622
709644
503372
727320
953031
201129
198148
770718
453937
977871
357316
1625
753098
37700
806272
720046
724769
218456
284758
310855
581828
518147
927296
273892
923955
607636
87743
442539
640497
949181
125543
674952
740634
722864
80795
277862
687367
871719
857118
685074
335039
21844
826272
772057
520919
97479
435451
424807
5902
86178
475604
724683
770024
184430
928873
840822
240157
280724
696423
817729
910214
527249
775421
592405
930692
406347
550453
497939
166022
853427
990974
438507
385981
884195
673609
315402
237701
296951
105764
439267
170650
772309
960981
239408
675279
802338
779759
444079
306340
105150
123446
280290
296302
583348
657855
172667
81773
364863
105017
219054
966933
533629
85940
396043
148860
382517
152498
715698
400453
554838
335304
865517
826799
242312
204954
663122
714244
634726
749187
156164
107008
820947
407737
641506
370135
909141
359796
238039
272018
938219
263540
819264
735422
451171
809456
882469
639022
674340
703124
871565
828540
645212
355930
853744
383792
733676
960660
392717
657168
248994
215561
124
567096
228716
678817
157178
229743
424069
911936
939580
774975
282568
390684
349467
877624
111541
333260
559276
429085
460701
674160
910135
107686
716173
811651
853509
125255
689745
613805
366076
434180
49392
580655
637193
282078
15527
362187
412751
576861
802568
411050
360104
402294
531001
185431
535715
799624
766946
137611
42988
981237
645415
688927
347444
888840
162732
2181
695222
29652
459055
922378
534453
270258
987132
698222
904221
880870
532460
64896
865556
229534
140176
490206
560169
75333
501011
379654
317795
781405
2158
539524
849474
909877
629906
720208
826468
496784
946510
195227
119937
610755
431548
481504
455448
393300
559750
509266
450450
565018
546040
859757
816983
120463
988969
319737
646848
971760
49620
750343
409488
832595
117989
966428
334054
362731
775551
666388
547763
665018
253514
677538
950405
964396
183379
588237
102952
752244
569487
834086
274032
720441
566029
996600
758451
122640
450045
17915
958857
508086
293846
436345
930979
842041
561674
677090
454646
169733
523547
242988
754468
860662
777148
634526
410223
938424
880942
692677
858904
253569
334710
930726
620672
233657
50622
263736
314
219133
659566
682841
690094
392183
232274
729309
708019
601514
931922
69701
167929
203457
749453
490285
487235
879879
729974
873612
248654
690793
420953
573595
732261
320124
389886
413206
799371
557564
168379
430179
101134
917203
814992
590371
706092
261223
648319
889013
736288
506412
476490
354238
968691
665002
367790
422510
177860
458545
381667
316897
154497
415497
192862
798450
668537
801541
88462
946195
302638
57956
297157
416095
84496
626541
372129
242657
101990
637286
871212
125453
791107
19019
444765
704513
885310
22622
863333
834900
160119
812404
569656
908660
606842
463792
739473
105690
488533
7754
533669
627644
959567
640823
345838
200121
277210
998937
817291
241997
919767
364535
707403
56837
487528
122049
923463
909007
945091
770450
492418
339470
391513
784265
839588
322523
236123
20973
890192
20451
928271
955326
742869
290285
179497
699968
15983
416367
698216
244295
890336
889596
134130
893062
899143
56353
581217
816632
895127
264868
745925
741538
322458
632568
118368
967973
573744
356803
81540
288781
880456
418080
61763
908657
885255
297422
726078
994351
956937
556103
167483
104256
102868
692680
467809
27110
467798
723178
385090
317908
830701
924436
837085
224944
479765
556824
892161
610278
500753
257595
515643
624020
628390
709538
653263
17417
588140
691125
716962
477017
689236
897915
465962
251008
859373
689338
252631
525682
584305
387023
526716
125167
276873
935013
569685
404068
196701
259278
572485
39517
432165
247208
337163
160593
854027
512301
154376
649680
453202
230554
44672
963420
799186
654884
644072
419095
595409
443138
277327
195062
73479
886933
135109
158886
50956
135868
687420
498978
79644
215656
908937
438950
992287
565100
403043
634357
276205
435170
382427
837960
610294
607958
562494
616096
214512
114732
585592
609461
661994
706705
664478
480413
732381
500659
258831
956887
734675
181297
134996
788457
476253
807027
218537
