751315
222544
11144
210049
269467
399134
780741
281147
42134
603941
261277
150700
498021
733147
851546
451479
145585
503928
798626
71419
137895
563638
458009
533677
398041
804321
133050
914168
302969
441134
687210
169396
175663
346123
940729
92189
854389
270976
52114
731626
331184
637979
249234
532528
759886
111735
501358
468246
889303
360553
759904
348274
105586
537028
667570
969970
513866
745881
469334
592132
582206
561277
297190
789398
298446
540850
158713
44132
474084
145274
948071
410118
269436
494429
127548
482968
561849
784136
244151
231936
154783
882881
912754
760882
225381
331526
417107
937460
586618
630790
893820
184871
635513
428910
986257
36597
143154
210149
740847
529206
434692
275685
840409
478725
120627
932524
958198
751446
219113
24599
432077
45575
536988
757140
333744
430296
504982
541548
748756
730475
69790
559173
956795
264069
836369
411111
700872
785839
905988
588185
147135
16328
467254
695336
695956
568157
441328
333744
545709
750584
109937
735538
345213
438017
194495
264069
516227
37882
441134
708362
370116
418242
893154
79705
87366
871883
324075
730922
578273
284477
325477
462903
402707
394660
538623
872226
833687
459242
451227
710133
450363
525719
377426
160431
696252
546149
281110
456266
717898
191487
722790
811735
328557
554113
365042
462998
909674
711337
764170
247810
965137
837648
545138
997517
110852
261531
276151
783348
147735
17813
284959
957162
181850
461349
366377
845
854389
627205
130877
58537
263581
392726
662158
914444
536516
283260
328765
721517
811831
955827
41429
40321
417481
185658
535349
544391
47868
95483
845565
161508
863323
770
901550
642271
368483
132280
367338
654912
554758
100094
73554
900789
127608
18550
245232
632872
401654
88030
43531
895756
414338
845
781372
963626
300418
12133
306837
853110
658430
45575
235175
187843
343547
295855
71510
634095
418515
803301
759982
478414
185137
184405
783057
172764
692595
307539
273073
449138
59417
750636
734933
276983
742849
677475
977336
245161
990388
320142
229497
369797
204598
912063
285046
837196
969138
2363
454445
943535
733326
579071
673022
801153
217025
654446
413338
24817
773666
155385
491541
899581
143276
486778
955087
825397
787233
760631
933746
569771
441605
899764
304017
826118
683815
638781
341701
27867
159079
957615
316826
852008
177047
350367
618452
650793
910406
40552
784588
599919
704132
726814
371968
716718
803727
507987
997517
625668
914543
19268
398973
138180
753381
807893
417993
782581
780206
712221
930958
83971
129720
629503
831310
382387
593036
995988
102520
979586
760631
898561
519015
527549
354758
829839
971304
286982
760008
831399
867697
206920
976733
814934
750813
70053
855940
64261
571200
377359
270241
677162
140519
205420
28488
135786
33596
489013
777292
377140
656548
20737
729314
71100
183770
707095
58559
329915
609724
819525
94576
882160
705569
642975
351255
735356
98232
295868
712502
750873
50423
223155
125092
340087
897519
719636
618839
973575
235489
389279
672154
230553
452197
402321
290537
608208
831927
116344
644857
344679
244151
672179
622459
73009
605549
634670
341172
43531
790370
364461
976141
379724
46629
85844
236970
951391
422928
77248
255865
854851
505418
396939
871702
703760
419621
45452
5424
842960
270995
695066
27206
275125
64311
658386
195486
746755
304631
295071
762035
777307
452197
414976
986459
687518
64872
155625
652250
37920
98359
702735
71176
231974
707
495219
285320
142529
586008
756424
946838
63514
235946
573428
95681
538650
336097
705188
836369
963896
258223
895390
819029
833612
373678
995228
35938
642491
222632
914340
974001
872970
363780
185889
826148
830085
836312
780495
943609
90210
184951
718279
779963
221421
278335
52935
643465
115401
709758
388643
861825
849522
649732
813748
209887
236973
748756
203902
460427
832084
795658
284040
730208
451227
395891
47509
868331
590508
635522
716899
353442
828868
75045
136157
802594
706859
495779
141278
413301
233138
872970
967046
594122
505168
277155
206
905988
114991
586424
964784
420207
551982
320078
48547
989094
15057
271827
64942
323583
478414
426428
770357
321460
420235
814301
518380
793045
420973
474516
355149
789825
742917
766479
779065
91490
521451
792137
498653
661276
43317
876836
906613
469691
883610
628083
269165
871702
484757
867231
536516
639749
516374
175663
607815
302021
184995
123421
725617
868150
161488
241740
565870
857214
942641
5486
450146
493843
368625
61188
793257
743517
280515
730387
79636
850216
92329
195640
789739
48567
265707
412378
17013
142456
458009
654934
544433
835496
643666
191070
970052
20855
108268
712162
937166
910144
976249
961040
451410
473064
549568
408949
762263
74283
951588
213761
143533
211753
765797
699338
245466
845816
828331
995228
133381
719769
401843
235841
818277
462270
98011
589902
84911
751336
654605
20855
506613
382121
70545
663375
175184
198053
270658
130900
453953
662448
151828
25260
722112
900662
583379
520537
711721
373212
534084
690076
37160
996888
657728
607993
394804
726814
350066
589983
232118
356209
913559
867368
861825
577498
537977
426468
497959
446105
260863
114244
482022
269436
758075
614173
212348
95483
991346
287568
480040
289410
64547
21332
477711
116617
838917
939432
344669
966755
86566
13670
885708
652894
991992
520128
209471
791298
824825
475180
359269
259
841879
639395
870850
216670
489556
171373
450373
712114
69925
318469
445852
671876
374187
211461
688675
693058
959843
511960
707332
73464
887938
102611
726814
930361
592763
43531
254465
797285
568542
322051
108459
677992
793080
144980
781906
448998
474879
559653
567252
859042
298446
60263
650974
38310
570950
62492
279141
408510
635513
8407
323580
926079
706183
624087
666569
635801
759655
497243
460348
290895
936187
496201
243958
261734
400147
664271
567091
282485
331498
430502
219181
384085
514778
421927
192992
651337
978275
800983
187869
317028
670480
606162
233388
49151
769434
906308
473232
46804
805170
389734
518057
280187
571353
218190
164763
741745
130877
310303
452656
577498
236216
786037
873855
540253
884343
923645
493835
432027
105586
32043
516349
105180
592972
352724
879316
506609
566774
638850
474459
694591
172811
19619
485425
990450
847317
476486
68554
866784
873594
438933
375846
843538
832554
829348
653772
654595
404337
874637
640314
203889
803496
43406
999976
354863
65986
680665
514826
830242
354537
247577
325602
491278
998929
911250
580796
765809
408050
513835
967673
886030
125044
529054
198328
514924
947909
101164
444205
543091
269282
201452
977188
204862
227884
29162
127875
988041
786037
85220
407292
132311
892023
118671
182915
325874
277759
508024
44626
461864
59674
3469
535010
881834
48844
443455
459533
274081
690076
677516
244226
763687
713668
286809
553080
642404
361950
336539
554200
153504
696170
244846
371264
61346
17381
897904
457870
234120
189773
5047
461864
348872
470132
513668
341931
88174
540379
851758
960176
115028
38845
913559
603751
128493
855812
269552
219496
123553
290629
891238
398369
874607
703968
