0.865050
0.310832
0.156919
0.076680
0.035179
0.031832
0.025106
0.025297
0.023414
0.023083
0.023069
0.024389
0.022578
0.027703
0.022633
0.023247
0.022827
0.022632
0.022019
0.022004
0.022139
0.022106
0.021372
0.021628
0.021658
0.022609
0.021753
0.021046
0.022152
0.022205
0.020654
0.019762
0.020087
0.019723
0.019258
0.019405
0.019241
0.017987
0.018750
0.018822
0.018483
0.018241
0.020242
0.020543
0.018052
0.018196
0.017131
0.017911
0.016367
0.017592
0.016677
0.016836
0.016383
0.016648
0.017480
0.017274
0.015556
0.015390
0.015178
0.015218
0.015139
0.015014
0.014732
0.015014
0.014841
0.015901
0.015066
0.014716
0.014595
0.015158
0.014838
0.014640
0.014818
0.014915
0.014935
0.014729
0.014225
0.014414
0.014281
0.014771
0.014709
0.014107
0.014373
0.014403
0.014311
0.014298
0.014078
0.014015
0.014266
0.014080
0.014195
