0.311413
0.255588
0.220013
0.195928
0.176772
0.163303
0.148059
0.134097
0.124160
0.116861
0.110312
0.104856
0.102987
0.102261
0.100393
0.097739
0.096823
0.096198
0.093449
0.091117
0.090292
0.086556
0.086873
0.086438
0.086559
0.088177
0.084750
0.083969
0.083883
0.083854
0.082647
0.083050
0.083168
0.081861
0.083008
0.082441
0.081704
0.080045
0.081200
0.080599
0.079355
0.081971
0.078921
0.077606
0.076720
0.078189
0.078162
0.080076
0.076497
0.077836
0.076624
0.076430
0.075996
0.078420
0.076344
0.077068
0.076466
0.075665
0.076508
0.074597
0.075795
0.074910
0.076277
0.076762
0.074831
0.075338
0.074324
0.074524
0.075141
0.073608
0.073839
0.073090
0.074026
0.074907
0.072978
0.073909
0.074311
0.074373
0.072730
0.073770
0.072372
0.073663
0.073247
0.072938
0.074896
0.072726
0.074492
0.072950
0.071259
0.072692
0.072694
0.072236
0.073655
0.073449
0.072910
0.072379
0.072444
0.072900
0.071215
0.073203
