0.355393
0.260238
0.203829
0.167675
0.138764
0.119570
0.104803
0.097596
0.085092
0.077369
0.070764
0.067492
0.061020
0.057562
0.054263
0.052294
0.049244
0.047800
0.044772
0.042199
0.043459
0.040207
0.039124
0.036346
0.035909
0.035786
0.036283
0.033642
0.033213
0.034675
0.030486
0.031555
0.030635
0.029487
0.027956
0.028854
0.026949
0.027342
0.027589
0.026268
0.025693
0.026678
0.025268
0.025657
0.024251
0.024333
0.024201
0.026591
0.022816
0.023928
0.022680
0.025717
0.022224
0.022747
0.022662
0.023471
0.022450
0.022952
0.021446
0.021321
0.020709
0.020853
0.021140
0.022632
0.020740
0.019981
0.019921
0.021826
0.020340
0.020039
0.022930
0.019995
0.019639
0.018879
0.021409
0.019296
0.022311
0.019121
0.019829
0.018207
0.019645
0.018469
0.019065
0.020107
0.018218
0.018240
0.017486
0.017121
0.017196
0.017565
0.017298
0.017477
0.017065
0.017191
0.017636
0.017800
0.016762
0.017056
0.016464
0.016884
