0.322623
0.280238
0.258112
0.239557
0.225286
0.218078
0.208974
0.203008
0.198423
0.201530
0.197809
0.193097
0.190983
0.189067
0.186326
0.183554
0.182055
0.175294
0.176063
0.174053
0.171850
0.171296
0.167483
0.168202
0.163770
0.162534
0.160216
0.157968
0.157101
0.153702
0.153974
0.154733
0.153178
0.150153
0.150333
0.147994
0.148541
0.152020
0.147351
0.151036
0.148605
0.149897
0.149394
0.152123
0.147764
0.146743
0.142528
0.144588
0.143825
0.147544
0.145925
0.147061
0.143047
0.143396
0.145363
0.140651
0.143820
0.141570
0.143690
0.144005
0.144628
0.141492
0.143272
0.140952
0.141814
0.141123
