0.322014
0.215839
0.165025
0.141189
0.119556
0.108464
0.103831
0.088894
0.082726
0.077571
0.072523
0.069663
0.067529
0.062721
0.060916
0.061133
0.057301
0.054036
0.052701
0.056872
0.050414
0.048582
0.046947
0.047573
0.044420
0.045277
0.045222
0.043834
0.041270
0.040357
0.039557
0.041605
0.039560
0.038099
0.039329
0.039099
0.036827
0.035221
0.036519
0.037752
0.036263
0.033774
0.034220
0.033613
0.033096
0.032317
0.032363
0.033834
0.034823
0.031398
0.031250
0.030726
0.032077
0.030427
0.033081
0.030773
0.030435
0.029999
0.029523
0.029527
0.029583
0.029093
0.028744
0.028699
0.028577
0.028465
0.028448
0.028417
0.027866
0.028461
0.029029
0.027671
0.027952
0.027636
0.027446
0.028594
0.028118
0.026838
0.028601
0.026554
0.028303
0.026149
0.026073
0.027708
0.026667
0.027890
0.030407
0.026052
0.025621
0.026650
0.025575
0.025728
0.025820
0.027467
0.026289
0.025377
0.027738
0.026032
0.024494
0.025288
