0.320470
0.232368
0.198060
0.175414
0.166222
0.154089
0.144041
0.138006
0.131735
0.122485
0.118989
0.114552
0.111910
0.110018
0.105480
0.101405
0.098575
0.097298
0.095995
0.092469
0.091721
0.088932
0.087072
0.087355
0.086881
0.085407
0.082691
0.085421
0.080588
0.081887
0.081347
0.080047
0.078395
0.078459
0.077119
0.076871
0.076910
0.074382
0.076124
0.074903
0.076123
0.074339
0.073969
0.075464
0.074154
0.072637
0.072885
0.074990
0.072145
0.071243
0.072995
0.072808
0.070578
0.070310
0.071934
0.070738
0.068289
0.069787
0.068831
0.069849
0.067356
0.068125
0.066941
0.069793
0.069696
0.068380
0.067997
0.068425
0.068851
0.066264
0.065251
0.067162
0.066726
0.066024
0.066389
0.065289
0.066426
0.064734
0.065378
0.064585
0.065275
0.065963
0.065459
0.063992
0.065491
0.065579
0.063879
0.065350
0.064693
0.063818
0.065326
0.064657
0.063015
0.064698
0.064749
0.064489
0.063879
0.064994
0.064546
0.065023
