0.032979
0.023870
0.023125
0.022795
0.019341
0.017843
0.016957
0.052944
0.017429
0.021569
0.016199
0.014882
0.028922
0.015615
0.015086
0.016795
0.016119
0.015602
0.013183
0.014548
0.013796
0.012861
0.013003
0.013171
0.013430
0.013249
0.012836
0.012692
0.012826
0.012647
0.012193
0.012458
0.012949
0.012246
0.013052
0.011971
0.012316
0.012359
0.011812
0.011824
0.012106
0.012845
0.012748
0.012799
0.012094
0.011950
0.011924
0.011729
0.011576
0.011795
0.012139
0.012043
0.012504
0.011675
0.012309
0.011589
0.011494
0.011991
0.011606
0.011506
0.011389
0.011438
0.011588
0.011487
0.011644
0.011537
0.011169
0.011330
