0.038178
0.030253
0.042624
0.027533
0.024003
0.021859
0.021258
0.020715
0.019570
0.018964
0.020062
0.018196
0.017986
0.017035
0.017871
0.018155
0.016901
0.016856
0.018313
0.016484
0.016067
0.016350
0.017632
0.020902
0.016124
0.016106
0.016442
0.015290
0.016952
0.015329
0.015093
0.015425
0.014880
0.015854
0.014731
0.016022
0.014925
0.014742
0.015039
0.014657
0.014503
0.014555
0.014774
0.014875
0.014698
0.014835
0.014746
0.014320
0.014414
0.014331
0.014249
0.014207
0.014296
0.014144
0.013979
0.014714
0.014098
0.014206
0.014251
0.014062
0.014163
0.014360
0.014012
0.014054
0.014063
