0.192017
0.186401
0.186762
0.177964
0.173224
0.164010
0.155062
0.151130
0.149758
0.147591
0.146342
0.143521
0.145327
0.151076
0.143685
0.142015
0.141379
0.139001
0.139921
0.138539
0.138709
0.140925
0.137983
0.140959
0.141373
0.137952
0.137872
0.140343
0.137317
0.137873
0.135617
0.138364
0.137923
0.137286
0.136131
0.137587
0.136429
0.137491
0.136406
0.137632
0.135370
0.137583
0.136902
0.135469
0.134306
0.135038
0.136354
0.136484
0.134447
0.134346
0.137213
0.136423
0.135658
0.135373
0.133635
0.136156
0.137282
0.135922
0.134862
0.134396
0.135233
0.134989
0.134025
0.135293
0.134865
