0.097272
0.069011
0.056116
0.046499
0.039846
0.036345
0.035064
0.032828
0.028392
0.027773
0.026638
0.024879
0.023425
0.022372
0.021507
0.020942
0.020788
0.020498
0.021108
0.020259
0.020898
0.018792
0.018095
0.018320
0.018679
0.017919
0.018092
0.017485
0.017333
0.018359
0.019322
0.017439
0.017089
0.019711
0.017867
0.017321
0.018365
0.017251
0.017289
0.016001
0.016122
0.015499
0.015726
0.015533
0.016725
0.015438
0.015739
0.015316
0.015064
0.015211
0.015312
0.015248
0.015214
0.014883
0.015176
0.014745
0.014840
0.014693
0.014885
0.014859
0.014822
0.014621
0.014887
0.014519
0.014975
