0.157445
0.130513
0.107459
0.097369
0.092301
0.086207
0.083889
0.081411
0.079050
0.079773
0.075679
0.073319
0.073692
0.071606
0.071089
0.071208
0.069239
0.068723
0.067359
0.067397
0.065860
0.067764
0.063719
0.064353
0.063661
0.064251
0.065553
0.063391
0.063463
0.064110
0.063629
0.063315
0.063812
0.065105
0.061735
0.062337
0.061175
0.062142
0.065097
0.065419
0.062983
0.061945
0.062248
0.061069
0.061457
0.061311
0.060239
0.059969
0.060309
0.060873
0.061028
0.060028
0.060445
0.059675
0.059838
0.061214
0.060263
0.060735
0.060496
0.061006
0.058879
0.058083
0.058645
0.058777
0.059520
0.058819
0.058278
0.059797
0.058810
0.060205
0.058304
0.058233
