0.106210
0.049599
0.034804
0.026436
0.022989
0.020561
0.018358
0.018114
0.016594
0.015989
0.015235
0.014194
0.014315
0.013814
0.013304
0.013374
0.013084
0.012818
0.012412
0.012437
0.012298
0.012372
0.012339
0.012159
0.011886
0.011764
0.011747
0.012094
0.011663
0.011540
0.011784
0.012028
0.012380
0.011752
0.011168
0.011275
0.011673
0.011293
0.011251
0.011209
0.011358
0.011091
0.010895
0.011135
0.010871
0.011198
0.011011
0.010907
0.010912
0.010930
0.010947
0.010498
0.010775
0.010721
0.010620
0.010627
0.010554
0.010520
0.010490
0.010542
0.010508
0.010623
0.010490
0.010512
0.010478
0.010397
0.010882
0.010445
0.010601
0.010465
0.010597
0.010365
0.010553
0.010569
0.010569
0.010503
0.010411
0.010372
0.010365
0.010559
0.010235
0.010491
0.010435
0.010358
0.010598
0.010516
0.010167
0.010548
0.010276
0.010564
0.010589
0.010557
0.010419
0.010358
0.010392
0.010231
0.010380
