0.217167
0.186731
0.145715
0.116392
0.102936
0.091138
0.087038
0.085045
0.080499
0.079737
0.078355
0.076016
0.075878
0.075728
0.073656
0.074566
0.074141
0.074298
0.074003
0.072326
0.072552
0.072493
0.073548
0.072117
0.072855
0.070912
0.072273
0.071542
0.070614
0.072290
0.071741
0.071702
0.071489
0.070667
0.071229
0.069737
0.071081
0.070015
0.070669
0.071159
0.070622
0.070019
0.070412
0.069152
0.069763
0.069758
0.069724
0.069534
0.069098
0.069530
0.069321
0.069850
0.068586
0.069497
0.069264
0.069080
0.069166
0.069646
0.069654
0.068571
0.069245
0.068900
0.068513
0.069302
0.068291
0.068130
0.070004
0.068857
0.069465
0.068903
0.069168
0.069525
0.068138
0.067487
0.069094
0.068438
0.069180
0.069575
0.069292
0.068381
0.068505
0.069200
0.068260
0.068193
