0.250426
0.213013
0.183031
0.167458
0.156778
0.144949
0.140603
0.127808
0.127271
0.121935
0.117127
0.118101
0.105874
0.105357
0.100291
0.095702
0.091631
0.089279
0.089933
0.085937
0.090043
0.088485
0.080629
0.079490
0.079894
0.079909
0.073939
0.072271
0.072732
0.073977
0.070376
0.069569
0.069421
0.069959
0.069846
0.070878
0.070352
0.071301
0.074502
0.064434
0.068391
0.063442
0.063277
0.062489
0.063667
0.063874
0.062871
0.065036
0.064573
0.063453
0.062052
0.061178
0.061428
0.061448
0.059491
0.059530
0.061582
0.059950
0.059703
0.060250
0.059225
0.060190
0.061719
0.059435
0.058766
0.059289
0.059347
0.058255
0.058544
0.059832
0.057818
0.059170
0.059042
0.058801
0.058706
0.058698
0.057819
0.058147
0.057632
0.058130
0.056959
0.058150
0.057587
0.058098
0.057536
0.057511
0.058784
0.057562
0.057326
0.057892
0.056825
0.056827
0.056704
0.057130
0.056793
0.058461
0.056016
0.056452
0.057518
0.056974
