0.253993
0.200800
0.163016
0.143227
0.142429
0.101441
0.104190
0.086315
0.083553
0.085894
0.064965
0.075305
0.062274
0.066380
0.059822
0.048147
0.044633
0.042014
0.041738
0.040141
0.048271
0.036999
0.047609
0.033321
0.033374
0.032269
0.035850
0.030403
0.029533
0.031956
0.037142
0.027811
0.025645
0.028331
0.028011
0.029799
0.023896
0.024916
0.027267
0.026275
0.023215
0.028564
0.021427
0.027660
0.021832
0.023128
0.022325
0.022929
0.019964
0.021096
0.026151
0.019358
0.022800
0.020249
0.020459
0.022155
0.019527
0.025386
0.017165
0.018140
0.017303
0.017040
0.019670
0.016401
0.017572
0.020451
0.026364
0.017303
0.016063
0.015973
0.017693
0.018747
0.016757
0.019010
0.016886
0.018160
0.015984
0.015328
0.016849
0.016031
0.017432
0.014615
0.014929
0.014730
0.014509
0.016006
0.015577
0.016097
0.014857
0.014335
0.014775
0.014448
0.017613
0.014281
0.015916
0.015635
0.014530
0.014100
0.014310
0.014187
