0.261852
0.205131
0.194971
0.174042
0.193778
0.157883
0.176767
0.180166
0.163880
0.168072
0.133222
0.135915
0.129513
0.137457
0.142291
0.121659
0.125445
0.124283
0.121244
0.119723
0.135461
0.113703
0.112999
0.116306
0.108973
0.117476
0.106623
0.115184
0.108842
0.109645
0.103493
0.102203
0.100606
0.111610
0.103267
0.107624
0.096099
0.099709
0.100453
0.101170
0.103711
0.095245
0.099014
0.098984
0.096751
0.099772
0.096561
0.095935
0.091209
0.092193
0.094114
0.091855
0.093784
0.092330
0.098852
0.092092
0.092254
0.092048
0.091639
