0.211573
0.208825
0.210657
0.207583
0.208576
0.207199
0.208934
0.206783
0.204680
0.203860
0.204899
0.205344
0.216014
0.206189
0.203953
0.203254
0.202610
0.205200
0.203945
0.204953
0.202844
0.200929
0.201259
0.193849
0.196494
0.197506
0.192829
0.190318
0.193832
0.188606
0.188670
0.188345
0.181460
0.180432
0.179958
0.177977
0.171539
0.170147
0.169856
0.168517
0.165121
0.158770
0.156931
0.157849
0.154851
0.150070
0.150457
0.155366
0.146751
0.146978
0.144191
0.141522
0.145201
0.141855
0.144540
0.146967
0.141030
0.142370
0.140124
0.139524
0.140500
0.138206
0.144193
0.141126
0.139509
0.138789
0.142023
0.137168
0.138278
0.139586
0.139326
0.139086
0.139182
0.135595
0.134623
0.136470
0.133962
0.135136
0.135586
0.137027
0.134034
0.134987
0.137963
0.132993
0.132778
0.132805
0.130389
0.131510
0.136128
0.133057
0.132126
0.132493
0.132220
0.132980
0.132951
0.132836
0.136126
