0.247420
0.230212
0.210860
0.192108
0.174764
0.167005
0.153490
0.140962
0.150316
0.128987
0.128686
0.115397
0.109978
0.106237
0.110284
0.101923
0.099163
0.095549
0.099283
0.092515
0.097767
0.090174
0.110080
0.086492
0.093937
0.090653
0.084635
0.083435
0.088317
0.086037
0.082089
0.080939
0.078465
0.080075
0.090362
0.079804
0.078549
0.083448
0.079394
0.077401
0.075930
0.077008
0.076133
0.074301
0.076283
0.077580
0.075606
0.076972
0.075549
0.076103
0.074097
0.074293
0.074599
0.074973
0.073372
0.073278
0.072925
0.074965
0.074269
0.071553
0.073287
0.072148
0.071350
0.071667
0.072655
0.073537
0.072301
0.074503
0.073117
0.072483
0.071905
0.071488
0.072042
