0.238199
0.149375
0.113200
0.094589
0.083949
0.071244
0.071216
0.060100
0.067352
0.052138
0.049703
0.062380
0.046421
0.041582
0.042314
0.040475
0.036809
0.034678
0.037074
0.034736
0.033195
0.033376
0.029403
0.028124
0.027965
0.027297
0.026715
0.035991
0.029516
0.025596
0.026390
0.023574
0.023631
0.023665
0.026552
0.024281
0.025445
0.038358
0.021231
0.023479
0.020438
0.020587
0.020860
0.022933
0.024589
0.021267
0.019894
0.021812
0.019398
0.019607
0.021761
0.019447
0.019324
0.020266
0.019368
0.018598
0.020251
0.019338
0.017969
0.018430
0.018319
0.018209
0.020339
0.019587
0.018534
0.017473
0.017257
0.017408
0.017753
0.017047
0.017214
0.016778
0.017205
0.017492
0.019791
0.016697
0.016457
0.016969
0.017936
0.016669
0.016626
0.016680
0.017635
0.016111
0.016301
0.016106
0.015962
0.016345
0.015860
0.016008
0.015771
0.015988
0.016244
0.015764
0.016584
0.015759
0.015954
0.016181
0.015486
0.015421
