0.187602
0.157073
0.130813
0.122970
0.122588
0.123293
0.125388
0.125182
0.107101
0.110139
0.130107
0.107658
0.104139
0.108794
0.107867
0.113135
0.102772
0.113103
0.095960
0.115082
0.096220
0.103315
0.094337
0.105859
0.092406
0.093883
0.101272
0.095522
0.095526
0.088351
0.098127
0.090967
0.096352
0.094966
0.107129
0.094486
0.095556
0.088542
0.090456
0.087173
0.088311
0.087378
0.092474
0.085735
0.086803
0.090617
0.089042
0.088538
0.084346
0.092500
0.084957
0.087116
0.084433
0.087661
0.085798
0.083317
0.083029
0.086999
0.084137
0.090744
0.085620
0.084618
0.084881
0.080986
0.084312
0.086363
0.083633
0.084294
0.083069
0.086716
0.083481
0.082036
0.081446
0.081635
