0.211941
0.196597
0.168661
0.165240
0.152263
0.143141
0.135431
0.150327
0.134680
0.157683
0.142396
0.125969
0.129787
0.126860
0.117551
0.125208
0.146799
0.117881
0.125837
0.128144
0.129964
0.114446
0.117944
0.120145
0.121078
0.113812
0.111474
0.116296
0.120261
0.113835
0.109688
0.118578
0.108265
0.121123
0.115738
0.118799
0.113645
0.120561
0.117819
0.113317
0.109080
0.107705
0.110837
0.107650
0.108785
0.105729
0.106057
0.104127
0.109633
0.107806
0.108113
0.105813
0.109414
0.106109
0.104179
0.107080
0.106420
0.107923
