706864
188028
854342
179167
11338
608206
816245
667583
405889
805735
419431
454981
806405
154165
720786
965129
400806
137046
100153
684217
782659
146340
733307
766591
496319
997167
995989
75784
898739
633514
536847
521728
675063
199973
265220
88999
272277
415903
361548
955596
894586
188526
269078
246077
646250
812293
215626
977021
911699
572544
773462
878546
103840
857526
332953
750328
131749
27085
235407
275535
31636
332194
447321
569509
869142
255069
773583
746180
693755
947993
56302
925684
798841
191855
906914
189859
100063
162416
673666
125284
683489
832832
45321
74191
536656
87628
647609
209744
979967
124610
43121
283151
517628
815660
432412
243628
774973
451906
612864
384121
762711
348301
674528
631503
609012
668785
532603
237640
25061
69413
670744
114809
646039
256136
641181
809536
504681
970640
349446
1484
937847
276585
754012
92926
606355
777512
96909
555214
265426
422546
460255
980305
326325
359690
555128
432172
677068
852642
898261
434031
664703
57791
812633
71933
85055
156911
164207
340690
342960
135363
957477
800505
579691
131597
779092
120478
442079
308954
387797
945062
214142
654004
995567
939125
75169
788762
740251
720353
101674
97310
704877
626518
801401
414256
931481
806884
954194
48468
689082
254503
861519
926158
174652
216795
346939
328882
186399
445723
836850
928446
356620
284330
425117
550031
390203
537346
712907
447531
144443
378760
390286
928836
287875
742960
79031
890897
436596
219263
970792
578949
748472
11604
456453
320749
664925
876851
901520
821555
800287
761012
376728
682749
605919
626894
897920
389611
863071
427458
286231
103154
829619
3220
673842
492606
418933
28870
450070
416987
108242
500800
249224
811172
45619
522818
520270
911244
463657
589142
186545
511863
515106
657730
527746
406252
879135
601559
723840
463499
591685
787237
565463
477049
245600
228506
752213
63562
962472
885347
894004
918215
379666
103740
295643
879605
537807
575670
376419
218318
205678
341186
956319
56332
711087
727685
428690
601009
462606
122945
390756
598693
447325
594235
854833
422726
909521
370463
747352
788660
123749
862111
947540
301502
835420
371656
592678
745490
695739
186984
590632
397532
482485
232840
212514
399790
318564
224426
610102
147131
994219
21420
89370
869820
997485
262652
375668
785793
60714
840350
130702
267443
725260
533032
296756
867513
500187
833100
886435
311590
42738
31004
681834
499767
155225
477342
516772
649365
186069
772690
923801
734023
153629
487598
657280
633752
552924
452938
876119
434267
488369
358175
593755
378567
74878
801225
840500
691357
572249
323798
606740
569488
991694
871735
918885
622480
769416
153321
135810
332761
441016
240252
184673
530522
126896
167280
55187
761123
82608
678634
545177
355857
688650
613431
328243
631202
892608
967119
731713
300069
887904
968790
712699
294171
679881
704870
456555
561168
427217
243876
104646
310275
175134
506673
827873
425869
544891
277095
349271
75497
774205
153161
506652
504652
156471
157931
287721
69055
405493
390270
376888
688486
981528
915359
383665
726794
686989
740380
470578
974606
231013
168214
63806
877772
28071
340003
317985
379955
572187
855904
460524
72061
163278
909235
483234
171741
276049
489608
162567
390373
109769
118452
727584
78619
374131
912776
398543
801292
881906
706836
171091
616634
60403
496591
737963
709199
186768
844663
871022
39165
364585
119623
5603
429490
318172
874341
349958
224182
195202
150467
360588
744231
58716
473483
699356
614846
296103
530569
613411
940975
771547
2247
507355
508299
842082
61272
575559
53304
816740
690802
917515
801354
682258
23263
713255
78452
95962
622360
424021
324348
776847
131589
170333
299515
72280
871746
43383
168514
833912
298000
871746
138671
501969
140900
558143
696283
776447
246066
734188
165740
814327
955640
641164
11223
398248
410514
62962
765548
662011
263621
508958
989608
112834
245679
558334
974628
244242
75838
693731
198991
988237
502240
753717
733892
302866
673272
495812
452388
118860
99729
297564
635721
489241
674109
576732
769890
37907
907494
674388
59110
887999
462998
682929
696027
981169
437622
669358
573241
188632
924825
48999
663951
762808
87868
192488
382241
798936
69344
921371
183215
648876
111419
330904
329957
986212
751772
730378
173206
608184
532866
311156
252694
994659
632240
713150
135367
215065
799863
52243
961575
627186
330840
992459
105425
126014
857964
835057
553817
932196
30604
280522
340105
785581
576138
488625
722557
651521
924258
759399
555844
697823
694288
958087
838194
114981
209418
471114
350813
562645
658327
204229
938598
819072
74024
693526
567549
613675
22961
285601
941728
123785
837756
266429
706016
99058
351706
790735
649581
624535
876822
772762
660307
570474
334214
170277
116872
298379
97602
838426
746416
791626
314234
668089
51239
588292
93579
420909
317781
181320
315259
441526
945615
322427
975119
741020
398678
468189
335235
133435
385801
847545
246397
766704
764202
572750
393148
276339
50398
241679
836567
612343
460839
695155
318345
432992
981891
57318
741507
78617
694989
331213
156434
229206
279001
628054
322686
814515
689197
101119
860043
890537
326528
161929
949434
26363
713423
106101
852525
172960
701176
466412
452633
145588
825548
561674
595668
841631
646200
470964
825571
244711
848472
900157
31392
911951
580609
106082
891461
408046
152690
826810
158447
446983
903252
58222
128720
117462
919339
111235
604899
868741
650133
135948
746910
153058
827520
59790
206725
504385
548505
859394
726843
185819
828707
907512
56334
961838
192126
458094
892963
726521
222134
950291
736990
318734
609477
787412
472678
630708
79413
513241
730265
690120
73355
825628
275878
867743
638666
801213
804995
214745
264751
75526
400172
512679
629729
832368
477064
636598
560000
405503
101598
371291
742981
345577
559067
858467
451617
886232
259994
341007
7972
431621
458895
455089
703539
103650
795099
560542
954237
236844
428024
720858
514078
14852
325163
668712
947662
244019
161920
327854
45231
393462
631671
126675
31412
304090
46803
354828
666120
411389
213795
801729
985060
300814
323155
478618
853809
574531
798228
703669
426672
619307
911193
397075
378963
795769
346298
736969
704582
414638
743765
409205
595496
204931
308497
595858
499183
128530
823697
923021
320670
519038
573271
37192
487536
629501
586090
85019
441977
100307
286686
193435
480904
2475
286497
928682
896337
499795
754751
636839
671653
713449
691466
520499
637233
706383
303303
63598
183673
291528
843334
51011
804006
31050
519254
962455
193841
497708
922660
155412
190432
134955
915846
982477
687000
263857
683048
363101
488173
449907
668089
205594
212240
740728
731442
454478
283178
542986
827368
885957
326378
749340
997765
887398
304628
15444
508599
37280
649849
60000
730382
94431
729967
623044
851748
911457
944797
258742
579909
45294
76717
396871
939584
947597
599019
715328
368203
588393
957397
881210
955435
284984
145536
363928
921002
119004
848668
664190
65107
994191
366732
916716
486159
433686
868930
770376
820219
861848
70727
249982
685909
