706864
188028
854342
179167
11338
608206
594581
908245
668998
419485
419431
454981
806405
199390
816120
965129
41920
709341
545201
136055
230060
882780
462055
814078
682546
802743
342384
75784
914654
493494
946704
431341
675063
199973
813250
323834
460419
140566
361548
430288
611938
879818
269078
200211
463372
812293
375859
257632
927956
781706
829975
330310
444441
705017
332953
750328
815158
605722
592595
693315
31636
332194
381158
595077
869142
492750
379609
746180
821135
814688
56302
925684
397480
112163
906914
189859
979292
138288
576487
125284
230457
212886
45321
997967
536656
872640
647609
209744
909173
124610
43121
283151
517628
885663
432412
647321
795285
451906
292304
748730
612682
332924
313430
915264
737313
906795
935347
148621
410141
69413
670744
913454
646039
45405
464610
123228
937781
217788
349446
1484
937847
360051
532157
92926
606355
746127
284975
311623
563537
422546
460255
902080
768552
141581
555128
432172
588283
836658
198572
813196
328847
305270
812633
441128
889686
822671
90373
789975
932815
824295
490281
621807
196647
772252
604305
120478
442079
308954
183059
889811
214142
654004
101626
939125
75169
788762
207303
956156
275035
948726
704877
749222
42300
368128
931481
806884
954194
771980
417162
254503
166541
926158
174652
216795
229450
328882
999465
445723
593453
195645
639665
284330
714912
450767
900211
537346
712907
854625
354116
533000
724133
903855
613299
491384
79031
890897
564115
902404
453718
813117
879766
100184
611789
545806
849397
876851
901520
821555
476799
26834
86242
991277
407510
824613
630749
207381
863071
427458
909937
103154
720599
3220
267215
712262
418933
958355
450070
416987
189053
284177
249224
989464
746278
677773
472681
597813
463657
867268
871538
511863
753251
126630
175213
963952
879135
601559
91439
353067
566543
913059
509470
477049
245600
267397
177761
554738
962472
77384
982216
918215
379666
925280
295643
384291
468484
575670
546498
497888
205678
341186
956319
56332
195837
597179
435734
601009
642888
122945
644928
745352
447325
86619
768430
314128
458155
370463
747352
788660
862267
417439
409322
974608
835420
168061
592678
412409
693870
951255
148797
628778
334575
565985
992509
336419
318564
224426
924034
911694
994219
484044
89370
337005
997485
129521
668201
65860
927988
390126
771550
780205
854474
724568
296756
867513
392182
7977
886435
922742
360460
967489
681834
865632
155225
509029
707356
473223
186069
772690
983664
343626
493247
493051
682666
416343
780876
987111
518125
627996
19605
358175
34584
378567
515133
67539
580408
726175
790248
957501
82124
569488
991694
871735
844508
622480
769416
957721
94933
332761
346103
874340
638944
339320
126896
176738
63879
111119
82608
757145
545177
905759
446917
613431
577613
631202
59596
609374
731713
137143
739994
228480
890128
398702
342227
957296
456555
561168
957128
622553
104646
310275
175134
229131
957663
425869
57480
940914
772653
392442
774205
149737
888428
415017
657667
157931
592617
69055
179223
846357
372614
109837
225022
915359
383665
726794
95569
513989
929664
974606
169124
934821
63806
741731
28071
232301
317985
814959
621473
855904
460524
486159
774630
683172
483234
750760
747075
993380
998409
390373
646954
118452
922496
78619
374131
647085
398543
801292
881906
520999
171091
412478
60403
942575
139390
899359
186768
844663
871022
39165
364585
119623
5603
44068
743269
874341
630017
693596
195202
150467
723110
629961
254177
392112
699356
231967
289810
431677
613411
410
537807
439470
546989
509886
238366
61272
575559
361979
5144
690802
917515
948652
682258
23263
713255
682073
557958
622360
58582
324348
566905
439910
851188
299515
72280
871746
43383
168514
413549
298000
871746
163615
811400
854363
284319
740635
620581
18280
734188
437132
814327
88574
641164
670907
690422
410514
62962
590603
163968
263621
371532
258834
392340
245679
558334
139048
328713
75838
240097
198991
604857
685830
753717
840961
840704
240492
673206
560193
436073
318087
488924
635721
489241
674109
576732
769890
427000
907494
501205
59110
131029
315001
947766
289518
981169
437622
669358
29787
188632
784983
330444
663951
264839
31750
81895
41738
798936
69344
689605
183215
808845
111419
584793
766622
986212
19636
664445
173206
608184
532866
979055
433120
568125
707943
766621
135367
303218
799863
410895
219940
505406
558343
842157
689145
400985
541397
284926
553817
932196
803547
854134
991049
476095
340260
237345
939655
651521
924258
899665
215457
132011
13149
29096
838194
235951
496541
738263
350813
949225
658327
424306
210474
211162
74024
622994
524862
671483
484277
538070
918835
842217
194930
770263
706016
429059
309908
329296
649581
147534
876822
772762
660307
570474
696632
170277
994117
739317
983437
461774
746416
733547
424261
264271
884466
588292
93579
639551
317781
661588
638332
441526
945615
360555
815788
800521
741280
339096
335235
133435
20861
847545
246397
766704
764202
374089
892411
748497
50398
241679
837034
108597
360450
630395
224748
981399
164862
838560
741507
78617
293900
327555
156434
903501
505658
680034
373512
131807
689197
330712
860043
890537
647859
905240
630316
934064
153378
978581
379848
436457
368625
246214
452633
850706
825548
561674
830818
307923
468820
470964
825571
244711
848472
853008
31392
390164
843183
129844
93370
852276
786415
826810
158447
446983
519449
58222
386050
970785
218585
603524
915652
868741
394788
135948
417304
153058
827520
856007
206725
706965
586427
231727
93991
908751
275445
279124
870822
430991
70121
33543
417428
726521
222134
950291
714208
883162
609477
624275
472678
630708
994148
608376
245437
784975
335932
825628
478151
10799
638666
702263
804995
214745
706438
75526
314091
512679
932861
630766
477064
98772
553043
231938
427032
371291
227948
345577
559067
945321
993781
886232
259994
341007
314553
301943
458895
624141
385725
728947
795099
384142
822093
991388
642576
450197
514078
997047
563810
668712
58014
244019
348534
180008
587252
393462
165561
893142
627796
304090
104963
354828
459987
873360
213795
373263
146271
935451
362848
478618
539048
108687
847033
831139
235054
983545
790367
397075
962019
107502
442608
664917
425329
622084
755512
409205
595496
204931
209753
992541
531238
937450
823697
523519
614769
519038
573271
618436
487536
526693
852928
458345
154106
600960
656187
389549
754271
29021
838240
928682
896337
983076
556563
205849
722043
537662
691466
520499
228359
706383
535638
19400
468707
291528
25856
51011
804006
651386
519254
670666
280697
913961
301615
341402
804895
560003
997407
783498
464602
182635
421004
363101
621726
786144
44620
456181
394543
551550
731442
167752
283178
588101
850338
885957
631397
880394
289194
791763
304628
15444
427517
936677
649849
60000
735237
168338
930035
623044
577496
244591
399554
156154
579909
45294
889355
263402
725469
111898
831446
513859
349971
414186
351382
881210
163658
542023
753615
363928
921002
34806
195450
664190
227604
973497
341982
876720
972840
407843
868930
770376
820219
724965
71943
36123
362022
