706864
188028
854342
179167
11338
608206
816245
908245
94362
419485
419431
454981
806405
154165
170734
965129
400806
709341
66704
136055
703836
882780
733307
766591
496319
802743
995989
75784
898739
239458
536847
431341
675063
199973
813250
88999
963400
415903
361548
955596
611938
188526
269078
200211
463372
812293
649599
896363
911699
572544
199863
878546
103840
705017
332953
750328
131749
605722
580373
885236
31636
332194
447321
202899
869142
679463
773583
746180
594121
814688
56302
925684
397480
112163
906914
189859
979292
138288
576487
125284
683489
481280
45321
997967
536656
872640
647609
209744
979967
124610
43121
283151
517628
952955
432412
799830
774973
451906
292304
384121
762711
332924
146376
915264
609012
668785
935347
313049
410141
69413
670744
114809
646039
256136
464610
798395
937781
970640
349446
1484
937847
998469
532157
92926
606355
746127
96909
860620
563537
422546
460255
776057
326325
359690
555128
432172
588283
852642
898261
214234
328847
57791
812633
389838
549823
156911
90373
340690
932815
173294
944489
621807
579691
131597
5547
120478
442079
308954
183059
736821
214142
654004
995567
939125
75169
788762
207303
720353
275035
948726
704877
423915
42300
368128
931481
806884
954194
48468
689082
254503
861519
926158
174652
216795
809653
328882
186399
445723
836850
195645
581736
284330
714912
550031
900211
537346
712907
5327
354116
378760
724133
928836
62288
742960
79031
890897
471948
219263
240844
813117
903960
11604
885588
545806
664925
876851
901520
821555
38929
761012
86242
20845
605919
824613
630749
389611
863071
427458
909937
103154
720599
3220
587959
587258
418933
307928
450070
416987
108242
208982
249224
901667
746278
522818
520270
911244
463657
589142
920827
511863
753251
126630
175213
406252
879135
601559
91439
353067
591685
913059
898890
477049
245600
228506
98852
554738
962472
789370
982216
918215
379666
925280
295643
473264
468484
575670
376419
497888
205678
341186
956319
56332
711087
597179
428690
601009
642888
122945
390756
745352
447325
594235
965069
422726
458155
370463
747352
788660
873548
417439
409322
301502
835420
168061
592678
745490
46728
951255
706191
397532
529395
936422
992509
399790
318564
224426
610102
147131
994219
584464
89370
337005
997485
262652
575023
500232
970481
133743
940939
780205
854474
724568
296756
867513
392182
9747
886435
393466
42738
967489
681834
865632
155225
252825
707356
473223
186069
772690
31878
734023
493247
487598
682666
416343
780876
452938
561176
627996
488369
358175
34584
378567
700520
801225
580408
726175
790248
811912
82124
569488
991694
871735
918885
622480
769416
153321
94933
332761
346103
874340
638944
530522
126896
167280
55187
111119
82608
678634
545177
905759
166272
613431
577613
631202
760446
967119
731713
300069
887904
968790
890128
294171
679881
391454
456555
561168
564182
243876
104646
310275
175134
506673
957663
425869
897759
665991
349271
75497
774205
153161
506652
292152
657667
157931
760220
69055
179223
390270
794250
631810
797696
915359
383665
726794
95569
513989
470578
974606
231013
168214
63806
741731
28071
687071
317985
379955
572187
855904
460524
72061
774630
280066
483234
511965
747075
993380
915529
390373
646954
118452
234558
78619
374131
912776
398543
801292
881906
706836
171091
412478
60403
942575
441286
899359
186768
844663
871022
39165
364585
119623
5603
591177
318172
874341
897010
312402
195202
150467
360588
744231
254177
392112
699356
614846
296103
530569
613411
531570
771547
2247
546989
497221
926587
61272
575559
361979
816740
690802
917515
948652
682258
23263
713255
78452
557958
622360
58582
324348
566905
627619
170333
299515
72280
871746
43383
168514
413549
298000
871746
138671
811400
451191
187190
740635
620581
116172
734188
437132
814327
637225
641164
670907
690422
410514
62962
590603
163968
263621
508958
989608
112834
245679
558334
139048
244242
75838
693731
198991
988237
685830
753717
715222
840704
240492
673206
740058
2337
99729
111528
635721
489241
674109
576732
769890
37907
907494
257108
59110
887999
462998
682929
289518
981169
437622
669358
573241
188632
924825
48999
663951
762808
62551
192488
869113
798936
69344
689605
183215
370018
111419
584793
766622
986212
19636
664445
173206
608184
532866
979055
252694
994659
632240
713150
135367
215065
799863
29702
226740
734381
330840
992459
105425
126014
600062
284926
553817
932196
30604
649275
991049
785581
340260
488625
939655
651521
924258
437697
215457
697823
740919
29096
838194
114981
209418
858923
350813
949225
658327
204229
9094
819072
74024
693526
567549
671483
159464
538070
941728
842217
837756
266429
706016
99058
309908
329296
649581
147534
876822
772762
660307
570474
334214
170277
994117
722604
518401
754558
746416
791626
424261
668089
676104
588292
93579
86095
317781
181320
638332
441526
945615
810872
975119
956951
688870
468189
335235
133435
483825
847545
246397
766704
764202
374089
892411
748497
50398
241679
836567
108597
133693
695155
17073
981399
164862
729063
741507
78617
293900
327555
156434
229206
505658
524273
322686
131807
689197
774077
860043
890537
647859
161929
949434
934064
153378
978581
379848
436457
368625
246214
452633
185451
825548
561674
830818
841631
468820
470964
825571
244711
848472
853008
31392
911951
580609
129844
891461
963497
152690
826810
158447
446983
903252
58222
386050
817448
919339
603524
915652
868741
650133
135948
329637
153058
827520
856007
206725
504385
586427
231727
726843
185819
828707
279124
56334
961838
70121
458094
417428
726521
222134
950291
714208
883162
609477
624275
472678
630708
79413
513241
730265
405454
335932
825628
478151
10799
638666
702263
804995
214745
706438
75526
314091
512679
932861
585145
477064
377261
886846
231938
427032
371291
447248
345577
559067
714938
993781
886232
259994
341007
475683
431621
458895
624141
385725
728947
795099
560542
954237
991388
642576
720858
514078
997047
563810
668712
947662
244019
348534
327854
45231
393462
874477
20780
636394
304090
104963
354828
459987
598875
213795
373263
146271
809708
323155
478618
853809
574531
847033
703669
327014
983545
911193
397075
565822
795769
442608
664917
704582
414638
685784
409205
595496
204931
54238
674481
531238
937450
823697
923021
11325
519038
573271
618436
487536
526693
852928
85019
416420
100307
656187
193435
225052
2475
838240
928682
896337
499795
556563
205849
211658
692321
691466
520499
650862
706383
303303
19400
468707
291528
497718
51011
804006
971158
519254
861052
512146
887049
301615
341402
804895
541936
997407
783498
464602
182635
683048
363101
99604
786144
44620
205594
394543
551550
731442
167752
283178
588101
919991
885957
326378
880394
289194
390406
304628
15444
427517
957281
649849
60000
735237
76461
729967
623044
577496
19267
362563
822376
579909
45294
889355
263402
939584
947597
721402
676594
349971
414186
650666
881210
955435
65797
145536
363928
921002
119004
195450
664190
227604
366576
392563
148648
506326
433686
868930
770376
820219
861848
70727
36123
362022
