706864
188028
854342
179167
11338
608206
816245
908245
894931
419485
419431
454981
806405
199390
816120
965129
400806
709341
435091
136055
703836
882780
462055
814078
496319
802743
698082
75784
914654
319916
536847
431341
675063
199973
813250
88999
460419
415903
361548
430288
611938
879818
269078
200211
463372
812293
649599
257632
911699
196630
199863
878546
176388
705017
332953
750328
131749
605722
580373
244285
31636
332194
447321
202899
869142
679463
773583
746180
594121
814688
56302
925684
397480
112163
906914
189859
979292
138288
576487
125284
230457
481280
45321
997967
536656
872640
647609
209744
979967
124610
43121
283151
517628
952955
432412
799830
774973
451906
292304
384121
119617
332924
729594
915264
609012
906795
935347
313049
410141
69413
670744
310290
646039
256136
464610
798395
937781
970640
349446
1484
937847
998469
532157
92926
606355
746127
96909
860620
563537
422546
460255
776057
326325
359690
555128
432172
588283
852642
898261
214234
328847
305270
812633
389838
549823
156911
90373
789975
932815
173294
944489
621807
579691
131597
5547
120478
442079
308954
183059
736821
214142
654004
995567
939125
75169
788762
207303
720353
275035
948726
704877
423915
42300
368128
931481
806884
954194
771980
417162
254503
166541
926158
174652
216795
809653
328882
186399
445723
836850
195645
581736
284330
714912
450767
900211
537346
712907
5327
354116
378760
724133
903855
613299
491384
79031
890897
471948
219263
240844
813117
747960
11604
765949
545806
664925
876851
901520
821555
38929
761012
86242
991277
515650
824613
630749
207381
863071
427458
909937
103154
720599
3220
587959
587258
418933
307928
450070
416987
189053
208982
249224
901667
746278
522818
556305
911244
463657
589142
920827
511863
753251
126630
175213
357907
879135
601559
91439
353067
591685
913059
509470
477049
245600
228506
98852
554738
962472
789370
982216
918215
379666
925280
295643
473264
468484
575670
376419
497888
205678
341186
956319
56332
711087
597179
411998
601009
642888
122945
390756
745352
447325
594235
965069
975949
458155
370463
747352
788660
873548
417439
409322
284898
835420
168061
592678
745490
46728
951255
148797
397532
529395
936422
992509
399790
318564
224426
610102
911694
994219
584464
89370
337005
997485
411452
575023
500232
927988
133743
940939
780205
854474
724568
296756
867513
392182
9747
886435
393466
42738
967489
681834
865632
155225
509029
707356
473223
186069
772690
31878
734023
493247
493051
682666
416343
780876
987111
561176
627996
488369
358175
34584
378567
515133
67539
580408
726175
790248
970226
82124
569488
991694
871735
918885
622480
769416
957721
94933
332761
346103
874340
638944
339320
126896
462543
55187
111119
82608
678634
545177
905759
166272
613431
577613
631202
760446
967119
731713
300069
739994
968790
890128
398702
679881
957296
456555
561168
564182
243876
104646
310275
175134
229131
957663
425869
897759
74615
349271
75497
774205
153161
888428
292152
657667
157931
553931
69055
179223
390270
273164
631810
797696
915359
383665
726794
95569
513989
687764
974606
231013
934821
63806
741731
28071
687071
317985
379955
572187
855904
460524
72061
774630
280066
483234
511965
747075
993380
915529
390373
646954
118452
234558
78619
374131
912776
398543
801292
881906
706836
171091
412478
60403
942575
139390
899359
186768
844663
871022
39165
364585
119623
5603
591177
743269
874341
897010
312402
195202
150467
360588
744231
254177
392112
699356
231967
521350
530569
613411
531570
771547
2247
546989
497221
926587
61272
575559
361979
816740
690802
917515
948652
682258
23263
713255
78452
557958
622360
58582
324348
566905
627619
170333
299515
72280
871746
43383
168514
413549
298000
871746
138671
811400
877296
187190
740635
620581
116172
734188
437132
814327
637225
641164
670907
690422
410514
62962
590603
163968
263621
371532
689371
264332
245679
558334
139048
328713
75838
267732
198991
604857
685830
753717
715222
840704
240492
673206
740058
2337
99729
111528
635721
489241
674109
576732
769890
427000
907494
257108
59110
887999
462998
682929
289518
981169
437622
669358
573241
188632
924825
48999
663951
762808
62551
192488
869113
798936
69344
689605
183215
370018
111419
584793
766622
986212
19636
664445
173206
608184
532866
979055
252694
994659
632240
766621
135367
215065
799863
410895
226740
505406
558343
992459
105425
400985
600062
284926
553817
932196
803547
863940
991049
785581
340260
237345
939655
651521
924258
899665
215457
697823
740919
29096
838194
114981
209418
858923
350813
949225
658327
40357
607132
659869
74024
693526
524862
671483
159464
538070
10485
842217
683616
266429
706016
99058
309908
329296
649581
147534
876822
772762
660307
570474
334214
170277
994117
722604
983437
754558
746416
733547
424261
668089
884466
588292
93579
639551
317781
661588
638332
441526
945615
360555
975119
956951
688870
468189
335235
133435
20861
847545
246397
766704
764202
374089
892411
748497
50398
241679
836567
108597
360450
630395
17073
981399
164862
864632
741507
78617
293900
327555
156434
229206
505658
524273
322686
131807
689197
774077
860043
890537
647859
161929
949434
934064
153378
978581
379848
436457
368625
246214
452633
185451
825548
561674
830818
307923
468820
470964
825571
244711
848472
853008
31392
911951
843183
129844
891461
963497
786415
826810
158447
446983
903252
58222
386050
970785
919339
603524
915652
868741
394788
135948
329637
153058
827520
856007
206725
932599
586427
231727
970892
185819
126540
279124
56334
961838
70121
458094
417428
726521
222134
950291
714208
883162
609477
624275
472678
630708
79413
513241
730265
784975
335932
825628
478151
10799
638666
702263
804995
214745
706438
75526
314091
512679
932861
585145
477064
98772
886846
231938
427032
371291
365847
345577
559067
945321
993781
886232
259994
341007
314553
431621
458895
624141
385725
728947
795099
560542
954237
991388
642576
720858
514078
997047
563810
668712
58014
244019
348534
180008
45231
393462
165561
893142
636394
304090
104963
354828
459987
598875
213795
373263
146271
205761
323155
478618
853809
108687
847033
703669
235054
983545
911193
397075
565822
795769
442608
664917
704582
414638
685784
409205
595496
204931
54238
674481
531238
937450
823697
923021
614769
519038
573271
618436
487536
526693
852928
85019
416420
100307
656187
193435
225052
2475
838240
928682
896337
499795
556563
205849
852394
537662
691466
520499
650862
706383
535638
19400
468707
291528
25856
51011
804006
249250
519254
520128
512146
913961
301615
341402
804895
541936
997407
783498
464602
182635
683048
363101
99604
786144
44620
494329
394543
551550
731442
167752
283178
588101
919991
885957
326378
880394
289194
390406
304628
15444
427517
957281
649849
60000
735237
76461
729967
623044
577496
19267
362563
822376
579909
45294
889355
263402
725469
947597
721402
676594
349971
414186
798798
881210
163658
65797
145536
363928
921002
119004
195450
664190
227604
937185
392563
148648
237398
407843
868930
770376
820219
696437
71943
36123
362022
