133048
745651
927933
765493
720228
404844
208102
103103
634109
798609
366265
493609
167674
559620
73488
625569
119667
611143
562970
477746
153403
294539
290184
521166
624111
319239
866881
645070
996787
233251
38612
468145
594504
741503
601829
84539
677620
135434
424763
690652
763316
7324
622137
674491
934029
302789
836591
896277
182105
258360
914967
584502
369409
596546
232926
143268
663878
275681
487723
371556
249657
229198
229349
98094
861319
201256
726475
76546
125609
834623
208553
55553
949110
59309
33758
941212
511346
712261
610228
587988
130726
316014
856275
585249
30469
351077
495759
391081
706717
180715
215682
78912
894886
106048
860749
937708
35446
227242
321687
760104
593013
198191
507394
582468
378957
53182
567091
307966
976122
605162
411679
758029
720057
316952
591729
25295
468215
284766
510501
49727
379980
377980
579306
83543
475436
626779
956653
589563
322529
169818
524591
106153
164353
142939
493336
6166
427344
259731
127712
46217
739415
436450
621610
604842
996418
974790
721294
80828
799781
499164
785475
685649
938675
684985
583937
785059
840428
458517
262105
415074
164596
794975
303524
843149
105827
196242
807500
259633
278508
466758
267644
690555
884043
628152
756059
533965
188449
756059
29298
361638
571776
759917
168117
392510
645070
99215
657295
640921
375182
283917
578031
808093
132733
593419
80858
499605
185008
861653
854759
882053
723607
19452
333901
836941
467457
12505
949110
302792
587753
290670
146920
697471
928713
220392
137892
656177
307242
863926
290584
570128
110795
933266
537813
811850
234113
97546
638012
307936
439025
215220
557655
43248
983477
25359
771494
329183
126095
669777
459683
628
575695
635825
14106
565115
92789
781644
290941
975985
154315
477072
623432
851450
648363
906477
508108
554304
935380
199024
863831
33813
546451
928713
406812
288319
885858
32783
752553
441289
462055
165581
64046
960075
638192
564913
930439
470886
268397
100315
622567
326266
485413
365641
155731
867597
633503
164491
146795
588749
490355
961190
934832
62378
396465
497280
953417
932076
905000
307195
490097
600527
74818
975451
290448
788634
326992
78865
374007
207721
969972
961124
782866
463183
941736
763392
711416
193719
190988
326373
290985
918050
360892
693715
323592
961653
724532
16509
164987
211415
77678
589563
633985
354774
407045
840744
169296
98331
807886
700330
639517
43248
640786
838824
23001
771242
349607
620622
652113
680647
988956
274188
915146
338201
739576
806022
278611
569094
639595
52602
159547
321065
807373
419147
530499
539287
839512
463974
596570
788634
580904
587034
582078
537964
167397
141249
343501
72129
128738
65722
916386
397066
689324
24181
488689
15857
402137
415316
221655
167942
537964
92789
554973
408998
824981
560787
441940
88127
365432
825317
375716
747509
399971
60630
563592
674491
615561
679961
757559
40663
300164
232807
138000
956842
345892
593359
642076
313284
320060
144864
77646
317195
807605
495510
768354
631365
275015
600290
80252
791218
477719
615019
291633
57643
843904
813143
460670
207963
548558
666861
670093
966989
850544
856369
548964
639602
946783
719314
121101
709379
787918
911855
420099
317744
93893
612773
43973
699473
829456
662778
485610
984482
510029
442338
513638
53581
108234
739022
181782
682213
926858
116675
364861
59281
370821
177663
928254
745932
633462
215232
441289
784580
169818
171535
438421
813821
30595
913391
367469
202660
315662
799781
246142
291553
140283
331582
932511
104678
542858
188438
702704
462768
715563
924429
923432
754802
911663
541345
569154
325313
955748
238033
822590
608168
918430
760784
580643
844772
330890
146071
147079
968874
273264
610067
126465
379229
437979
957826
357023
569035
359193
907734
826420
358543
206829
442234
233122
585110
140243
454712
393746
302560
341630
515076
468006
730011
84585
596006
619152
259042
879618
366505
441492
531515
591741
807886
972973
339698
313901
797008
370002
199944
990590
130131
578672
869825
648756
996787
634256
356390
61481
720228
839533
546306
883441
836041
183905
471888
456251
101086
972523
570297
588539
180500
36242
95526
508211
391314
157996
761525
344699
180187
363499
45865
108592
701526
658195
470945
931079
968325
985841
115806
536192
12505
768530
815197
58119
856055
577788
461074
876975
466914
220392
33287
111236
410490
667077
769250
981790
793796
546451
606896
601615
666591
760449
66681
891104
259031
838657
575695
306330
644404
639050
457899
76551
517198
245655
784580
584875
147788
238056
92126
869460
186281
573698
409266
963441
78986
475120
972544
309071
429170
428935
845422
227242
413898
796296
136851
444214
782897
415274
600888
850033
206983
790120
188826
914545
308429
748797
617885
832165
578787
54493
673494
826272
683350
673049
570128
127764
200212
387534
470618
793338
746420
402679
831167
899626
628878
805213
308408
180104
710483
387548
257963
876052
259913
253191
76062
573295
375716
774574
425514
862297
975004
980111
970552
2442
553900
769605
800820
720556
124511
582799
280313
38201
201658
792167
615893
817608
757471
80773
684681
656212
357595
434541
623372
463343
55201
85931
930614
409895
19122
27582
535091
860603
375278
840550
689658
660770
111594
259955
455870
313676
502205
779552
857057
313916
567879
276266
555991
741489
783432
47852
113466
692209
514392
358849
784575
870721
694923
154784
271891
175787
445281
138097
290156
49633
740453
649309
126095
78912
66156
456107
325313
692671
976122
54082
317035
525840
109809
148621
410869
238033
260412
497280
600002
478995
236919
924553
372717
397487
473532
833897
678791
315505
275329
287728
312864
760383
590060
538164
966299
26085
133072
675122
98644
399898
853998
211238
154427
313676
216691
535319
956552
157996
358394
196214
847165
955957
644462
767976
765975
109280
553900
464709
56258
687505
747509
637299
861319
308577
108419
826902
842580
129454
724420
139677
615791
365274
485413
203342
817604
175832
726189
907728
711636
506253
97438
351888
455755
351251
995075
796195
422843
360212
406032
560993
612872
299952
146782
529686
303425
322006
654865
151775
38719
23052
881936
323294
282624
976510
234040
789226
308421
441030
403072
591741
185358
102725
796154
725977
382706
862942
844755
871797
681990
559465
186373
593942
258360
882410
78912
127764
667370
816674
289589
922555
138097
773100
903161
768590
902483
502701
605309
874428
64366
2442
95041
310207
612430
117978
799702
161026
453561
992454
679179
793796
501724
114028
270403
905924
728200
386213
307951
825492
269882
453823
695331
346343
320090
136943
373506
330250
129449
383997
546429
905343
374210
983740
388924
396113
684578
580578
149233
190986
929137
892948
199905
378162
705042
162001
691666
929144
613524
108480
492232
299952
890607
643652
129438
186948
793773
42872
347534
631001
860440
703370
345339
438151
266084
694232
395270
393643
14329
139808
651681
613524
55553
287859
995075
77775
300043
744203
957014
650453
306499
614918
535370
75563
883854
219109
509083
836154
232190
869825
18406
825695
308800
249177
975985
377980
149971
