138428
54713
534808
794824
121875
995193
336143
494980
72274
671104
907135
494136
543594
133347
768266
518588
135949
205283
511014
986118
92621
856416
676015
668828
724600
708925
778293
597523
462408
294289
565238
548170
942005
299445
434169
42852
919212
981006
454219
19730
419031
649185
868670
885550
622980
208856
725519
179083
818215
811805
113930
509300
780543
113925
36891
964424
608279
873110
822326
134561
131893
948863
906801
453775
773413
818369
805890
497223
644051
992443
114559
290304
66741
784859
649526
214233
336980
794084
301492
949639
164719
444873
810730
626578
971249
128263
520325
26868
136314
377289
323064
619679
436177
250781
10792
672561
977344
567374
515942
919661
719192
215768
986815
447914
71812
784505
470831
193711
849291
68180
661884
983318
697362
954120
768830
182505
242857
9158
254190
267513
917995
857422
832976
29486
266178
216124
713738
576858
316639
5651
409464
882230
840515
897155
84926
579277
752590
27289
846223
992500
705273
945914
782510
221453
387561
86091
157061
56501
564368
529182
767715
402979
631475
147946
715363
71848
731401
442532
968067
533903
423319
932762
452965
135444
465673
991082
781809
165117
650669
867734
127630
178443
121553
145456
770264
802224
537003
697333
962955
549202
355564
392555
984738
631505
921474
376450
648653
636035
1895
377599
760634
222307
868070
898497
152979
637345
921823
696750
60788
616370
624955
42934
408744
566277
208244
525575
614912
699594
20179
869854
450229
580653
583044
58794
611259
313809
568426
124214
271862
690515
754814
401920
31866
947962
119614
420536
189997
714703
81167
561484
237410
97160
912559
736739
294396
424435
831734
695427
802095
823489
398285
924225
521228
637324
106346
797741
366752
868328
804164
619001
335742
352629
504414
452410
22051
510969
207808
180831
834660
248211
842325
727193
910929
60164
902914
114632
67987
165651
117394
204308
866171
200685
400876
676186
762689
152894
544975
335956
391550
858974
464801
694427
432775
677676
514316
12055
685370
324329
118510
837954
265459
840530
327798
158578
252121
884106
228518
174832
848252
895521
421392
421216
180299
478890
406182
740727
521699
662569
864525
370424
256107
888674
322778
368305
324957
669154
305107
803615
725850
948118
723699
458025
695193
190385
263197
11388
407832
841344
116531
411934
172417
51145
763129
321655
403728
687805
145822
209099
859738
379673
529064
737014
513692
46046
917890
204166
99983
66438
982956
97711
83964
419550
730862
669441
156497
744297
789639
670534
372497
934701
951386
3540
91467
511649
16011
215568
307189
753402
835121
391508
717904
154195
730466
255934
999277
633889
998379
894900
837810
268416
924629
161696
884640
857750
838339
548429
839713
428567
704284
929898
472902
74502
230549
486769
401680
208732
390839
732046
761459
52372
648013
524267
349278
953057
669455
13084
789981
325803
421696
546606
458208
597422
515005
434045
100318
418417
656942
738840
503152
844610
277866
818281
962674
378674
56583
621439
917390
504668
962252
207399
614328
359325
422231
514543
582290
345121
904339
78921
824415
81183
381218
12129
866809
238681
361331
369984
507613
295755
243107
445925
283921
240953
413985
337308
31174
499254
42081
926297
56809
450869
702058
193789
544594
152631
279865
201072
383
617655
92033
619759
302950
238537
787284
997645
814620
45532
392218
525367
162002
64498
120263
443139
720712
266537
246873
466352
983526
202558
244190
641184
955518
805308
985038
705584
881013
445573
489930
796061
306471
128843
910546
233375
516112
817981
998581
709399
754929
987852
846083
808636
967527
722915
753582
117661
917456
51085
144217
298009
294433
733604
777514
388334
141022
392516
661451
974800
124178
707328
957601
144955
329083
756725
689752
826202
172534
145920
408665
753910
530681
861058
747689
471365
531692
722592
946460
222796
402279
215930
766160
378317
3326
992104
479614
980919
520266
265142
913800
92281
930040
40060
389872
396995
874677
292590
389261
872707
541842
46228
84607
94118
107265
655177
984637
974829
814965
679940
212098
767380
759738
682954
56082
171754
663623
624071
863085
760925
508540
478802
867679
784243
621610
249323
467533
66844
107588
197074
493719
968820
558847
734407
491984
683742
914833
984199
476940
361862
104051
147425
389613
643476
77300
957847
503423
204588
788519
552442
272932
645352
899745
270255
843624
275045
886870
173446
116308
302189
822584
818384
60009
482730
519360
660591
827720
552610
114219
585984
666553
138376
73252
267772
846903
914301
682397
283844
42751
627105
902093
736780
345600
339940
110680
175477
850621
330963
834910
91014
394157
48541
255629
605504
93522
708657
514429
606864
40907
381472
769616
769088
509340
809222
579070
95967
239535
529151
745478
642178
408050
997993
342927
794288
464708
851311
434548
744967
938802
853152
704349
342250
261426
377556
979751
680091
878179
945145
842829
505255
70287
661235
220310
432092
249304
135150
134971
16192
967782
410909
820456
402428
900217
601058
218577
649064
18673
578799
992799
203980
41843
552959
451460
748160
968578
5062
554997
650019
959929
487690
390350
561518
520321
14893
294476
285498
799239
883074
655585
913637
282024
821937
942884
66887
707800
1359
891002
834662
626407
605883
32204
428668
121058
726897
395093
604801
929719
650263
412076
927506
386199
582161
395605
299258
395131
598742
895842
799325
92031
576533
246212
463297
923477
794779
892356
55175
282142
258253
390839
573414
316860
481542
982386
720657
691126
781538
221243
30402
138654
499654
113172
245548
179460
781844
650914
977977
578028
236328
578872
247220
687137
475855
261625
72651
607858
384844
976013
216229
648300
166502
804111
318116
674283
421527
751310
532215
152668
279406
769100
529158
907031
59728
139765
584832
274499
129907
167018
851067
205841
924769
796085
313022
466014
82253
776716
155257
697970
321129
143145
149099
808326
327730
479355
16384
164048
488264
432792
337299
646670
331035
384580
906783
797690
196451
651728
476504
507004
859419
285845
489941
185803
464545
220055
866440
707404
541582
760516
490377
991980
516777
977264
603010
477541
567719
400942
922348
728213
637306
696948
138916
260750
538428
731543
333087
968936
178849
32682
891465
409984
126608
917119
731442
336420
66338
349861
478430
812337
429300
854607
697728
321145
536566
117809
643612
608698
777853
670319
442934
202715
773658
121235
411130
775170
124449
936891
473817
818180
340821
183600
402366
324006
581056
430904
542190
716487
275923
899264
463258
829101
735866
130093
336971
76787
247259
166066
408568
511114
698616
837887
254962
251400
772242
778370
160022
348749
427633
874727
737910
531743
259003
609433
664939
108411
623347
739242
627262
873442
809165
44459
351515
788878
591191
534886
575675
794366
867721
360366
917841
654384
772183
382108
324537
513804
237576
605570
881205
729049
429559
281837
396911
837703
839289
529494
801918
419100
943159
999272
875982
619840
103242
211408
668061
553899
265911
525867
472546
98913
363265
433908
594743
192197
407471
265683
32852
