338221
54713
778212
544437
485611
995193
205418
494980
72274
994914
907135
494136
543594
318099
494844
910011
135949
205283
781584
331409
92621
856416
355014
668828
724600
708925
778293
574214
462408
294289
134077
548170
325166
848143
434169
42852
919212
981006
454219
508575
419031
490557
868670
269048
622980
18081
763197
179083
238566
811805
113930
191181
780543
987307
36891
906480
608279
873110
14628
134561
131893
948863
906801
497470
773413
818369
805890
564514
644051
992443
519608
411146
721859
30515
649526
214233
336980
577053
301492
949639
343442
444873
276392
626578
971249
128263
520325
582013
516793
377289
323064
741952
284009
540032
812417
672561
164863
567374
580679
177240
719192
215768
986815
902534
998267
588598
470831
193711
849291
68180
661884
983318
697362
954120
768830
665189
987573
226006
146017
267513
917995
465716
832976
29486
266178
888334
713738
565641
316639
5651
624852
882230
466721
897155
504324
579277
752590
27289
764495
992500
254466
945914
782510
939296
387561
86091
157061
56501
564368
529182
357121
402979
376254
147946
715363
71848
731401
238864
968067
566145
341621
932762
452965
862828
584414
768748
781809
924887
650669
446635
660084
178443
645921
356617
232055
802224
537003
697333
990894
549202
355564
392555
551827
631505
921474
465470
648653
636035
1895
377599
760634
222307
868070
898497
958407
637345
692279
696750
60788
616370
624955
42934
676785
566277
384647
527367
614912
699594
20179
869854
450229
963157
583044
70370
837097
177534
488557
124214
271862
913968
754814
401920
682397
947962
119614
752890
189997
714703
81167
181687
237410
97160
912559
736739
850113
424435
261029
695427
903563
823489
467456
924225
239358
547700
106346
797741
366752
868328
804164
599343
335742
352629
504414
765346
870831
682881
207808
180831
834660
248211
9532
727193
910929
60164
902914
34648
67987
363350
117394
204308
866171
676151
400876
676186
164900
152894
544975
335956
449438
858974
464801
694427
8751
677676
8040
12055
685370
324329
553162
837954
265459
840530
16127
158578
699456
43392
228518
174832
966390
789318
74066
421216
45114
478890
406182
740727
521699
662569
349023
370424
461611
888674
322778
368305
324957
669154
305107
803615
725850
71950
778624
458025
695193
190385
698456
853511
407832
443152
116531
411934
802825
182728
763129
321655
862449
760204
105451
209099
139680
379673
529064
12307
513692
46046
917890
204166
99983
643091
982956
541839
267626
419550
375837
381330
845270
558675
789639
10257
101807
861391
780425
86333
91467
511649
16011
266523
307189
753402
835121
391508
717904
154195
730466
255934
999277
633889
998379
529720
837810
866226
924629
161696
884640
857750
838339
548429
839713
101640
919711
353969
505906
74502
230549
486769
401680
90416
69134
732046
761459
738694
178065
61462
120568
953057
669455
930878
201023
325803
828804
546606
458208
597422
515005
434045
100318
418417
656942
789689
444859
844610
277866
505271
619840
857514
56583
621439
654319
504668
360885
969853
614328
992407
422231
514543
582290
775925
493876
78921
824415
81183
381218
450720
866809
767856
361331
369984
507613
295755
243107
445925
283921
240953
413985
337308
31174
499254
303509
926297
641785
122016
62071
193789
544594
152631
65625
201072
383
17560
390058
619759
302950
238537
787284
997645
483134
45532
392218
525367
989188
906825
120263
443139
891295
266537
246873
466352
983526
202558
244190
641184
545584
470412
985038
705584
45800
445573
64501
78748
306471
128843
218218
233375
516112
989153
492449
709399
894560
987852
118644
563063
967527
722915
786115
144577
439183
51085
186395
773376
294433
733604
591975
388334
699180
943106
661451
305991
124178
707328
957601
83266
329083
756725
689752
826202
172534
833768
408665
363427
385648
499184
747689
471365
314907
450825
946460
289460
996344
215930
13212
378317
3326
897203
587447
882924
279987
265142
913800
92281
72
40060
389872
396995
874677
292590
389261
926379
454165
106428
84607
94118
439985
61945
984637
974829
16142
241310
212098
100272
759738
682954
56082
67152
783629
153545
863085
492245
827118
691283
867679
784243
621610
979108
467533
514877
107588
953065
665140
968820
558847
913002
795738
684302
408554
984199
476940
271965
104051
147425
287717
643476
77300
729310
503423
204588
194623
309790
272932
946429
899745
869142
843624
275045
886870
867870
116308
302189
822584
818384
60009
264054
519360
660591
827720
78934
528776
585984
106517
182230
73252
267772
769788
914301
682397
283844
170007
627105
902093
736780
345600
792781
577705
175477
850621
330963
834910
186431
394157
48541
719230
690672
391689
332964
798880
606864
929436
538448
769616
715545
41808
809222
103041
970558
239535
529151
753560
642178
408050
997993
719188
272112
464708
851311
812940
188745
938802
853152
713380
654748
261426
575946
979751
680091
878179
884056
842829
505255
244482
661235
220310
432092
249304
135150
27642
16192
967782
410909
820456
402428
900217
159197
745898
649064
18673
578799
992799
203980
41843
765744
451460
869338
968578
5062
435434
650019
959929
487690
390350
561518
520321
341263
261808
276876
799239
883074
83829
913637
992725
821937
942884
66887
667536
394019
891002
834662
626407
605883
32204
428668
121058
726897
395093
604801
166534
650263
412076
927506
386199
582161
395605
299258
950081
976468
895842
799325
922216
803611
246212
463297
923477
85448
142080
190099
236476
850771
397777
263793
316860
481542
63681
720657
691126
781538
434641
30402
138654
499250
649541
183032
424773
781844
650914
291755
578028
236328
896865
247220
687137
107959
645952
472491
82306
384844
25087
580694
648300
166502
804111
608689
674283
421527
541260
532215
733829
413027
769100
529158
675204
59728
139765
584832
274499
129907
167018
393103
205841
924769
796085
313022
466014
82253
738192
569331
697970
665840
885688
149099
808326
998566
479355
16384
164048
488264
432792
337299
646670
331035
384580
160175
797690
976461
651728
476504
507004
859419
285845
489941
185803
775345
220055
79448
707404
787176
932950
490377
991980
913029
926218
710229
477541
567719
805193
719132
728213
698313
696948
330870
260750
538428
665830
333087
968936
178849
32682
891465
409984
126608
588437
79509
165761
66338
349861
478430
812337
429300
854607
697728
321145
536566
117809
154723
38859
777853
670319
442934
202715
773658
300775
411130
794186
124449
146615
473817
272702
340821
183600
741032
278619
581056
430904
542190
716487
275923
793408
794194
57216
961903
603037
383404
76787
685343
166066
408568
339484
676764
837887
254962
251400
772242
778370
616142
905407
427633
874727
737910
531743
259003
609433
664939
108411
623347
723125
878497
993120
146416
684653
351515
788878
591191
534886
5977
694769
867721
360366
917841
654384
712088
382108
324537
513804
866009
468865
881205
729049
429559
281837
396911
837703
839289
529494
801918
419100
390693
111384
875982
619840
103242
405357
668061
553899
778711
525867
691106
98913
363265
433908
594743
192197
239999
265683
32852
