138428
540418
534808
794824
121875
995193
336143
494980
279553
671104
907135
494136
543594
133347
735221
518588
135949
169341
609088
986118
92621
856416
676015
668828
724600
481817
778293
597523
462408
294289
565238
520669
942005
299445
434169
42852
590996
981006
454219
19730
419031
649185
601843
92701
622980
208856
725519
179083
818215
811805
480880
509300
780543
113925
36891
882347
608279
873110
822326
134561
131893
948863
906801
453775
773413
818369
35741
497223
644051
992443
114559
290304
168799
368826
649526
223934
397047
794084
301492
949639
164719
444873
810730
626578
955334
542005
520325
26868
136314
377289
323064
619679
436177
250781
10792
672561
977344
107883
515942
919661
719192
215768
986815
537003
71812
784505
998155
193711
91597
68180
661884
983318
697362
954120
768830
182505
242857
9158
254190
267513
917995
857422
832976
29486
266178
216124
713738
576858
316639
5651
409464
258054
7386
897155
448931
579277
976673
27289
846223
992500
705273
945914
927056
221453
387561
86091
157061
56501
854811
529182
550380
402979
631475
147946
715363
716208
731401
442532
968067
533903
423319
932762
452965
135444
465673
991082
519977
165117
650669
189794
127630
869363
121553
145456
770264
802224
537003
341644
962955
549202
355564
150995
984738
631505
921474
376450
648653
619617
723773
377599
760634
222307
740669
898497
152979
637345
921823
696750
60788
533714
624955
42934
283121
566277
118044
525575
614912
699594
807619
869854
450229
580653
583044
58794
611259
313809
568426
4525
271862
690515
754814
401920
31866
947962
119614
420536
189997
714703
81167
369777
237410
97160
912559
736739
294396
424435
831734
695427
802095
823489
398285
911609
521228
531021
106346
23959
366752
868328
804164
619001
767983
600692
504414
452410
22051
510969
207808
49144
834660
248211
842325
727193
910929
60164
902914
114632
698571
165651
117394
204308
166337
200685
400876
676186
762689
152894
544975
335956
391550
858974
464801
694427
432775
677676
514316
12055
685370
324329
118510
837954
265459
222992
327798
158578
252121
884106
776170
174832
709009
895521
421392
421216
180299
478890
406182
740727
521699
662569
864525
217964
256107
888674
322778
368305
965239
669154
305107
803615
725850
948118
723699
458025
695193
190385
263197
11388
775055
807075
116531
411934
172417
994899
763129
321655
403728
687805
805691
209099
859738
379673
529064
737014
513692
46046
917890
204166
99983
66438
982956
255885
83964
419550
730862
669441
88337
744297
789639
670534
372497
934701
951386
3540
350661
511649
16011
215568
307189
753402
835121
391508
717904
154195
730466
255934
999277
633889
998379
894900
837810
404750
924629
161696
884640
857750
838339
548429
839713
428567
704284
929898
457459
74502
230549
486769
158650
208732
390839
732046
761459
737865
208623
524267
349278
953057
669455
13084
789981
325803
421696
546606
966008
775316
515005
434045
271999
418417
656942
738840
503152
844610
277866
249013
962674
378674
535742
621439
917390
504668
962252
207399
614328
359325
422231
514543
582290
617148
904339
78921
824415
81183
381218
12129
866809
238681
725052
369984
507613
295755
243107
445925
283921
240953
413985
337308
31174
504325
42081
926297
56809
450869
879592
89054
544594
152631
279865
201072
383
617655
92033
404442
671165
238537
787284
71749
814620
45532
392218
525367
162002
64498
120263
443139
720712
266537
246873
466352
983526
202558
244190
641184
365277
805308
985038
705584
881013
445573
633731
796061
138648
128843
910546
233375
516112
817981
998581
369420
754929
269896
846083
808636
967527
722915
753582
117661
356749
51085
144217
298009
294433
982472
777514
388334
141022
392516
661451
974800
124178
707328
957601
144955
329083
756725
689752
826202
172534
233223
389052
753910
530681
861058
747689
471365
531692
722592
946460
222796
402279
215930
766160
378317
3326
926504
479614
980919
520266
793408
913800
92281
930040
40060
389872
569224
874677
292590
389261
872707
541842
46228
84607
94118
107265
655177
984637
974829
814965
679940
212098
998862
759738
682954
56082
171754
663623
624071
863085
760925
508540
478802
867679
784243
621610
249323
467533
66844
107588
197074
493719
968820
558847
734407
182370
683742
914833
984199
476940
361862
104051
76968
389613
643476
77300
946130
503423
204588
788519
332835
272932
645352
899745
270255
843624
275045
886870
173446
116308
302189
724624
818384
60009
735148
519360
660591
827720
872881
114219
585984
666553
138376
73252
226345
846903
914301
682397
137256
42751
380642
902093
736780
345600
339940
110680
175477
850621
439666
575526
91014
394157
807646
255629
605504
93522
708657
514429
606864
40907
381472
769616
769088
509340
809222
579070
95967
239535
529151
745478
642178
827705
997993
342927
794288
464708
6960
434548
744967
938802
853152
704349
342250
261426
377556
979751
680091
878179
945145
842829
663707
70287
958628
220310
432092
430369
135150
134971
16192
191646
410909
820456
402428
699494
93462
650914
649064
18673
578799
992799
203980
41843
552959
636869
748160
968578
5062
463990
472683
959929
487690
390350
561518
520321
14893
294476
285498
799239
883074
281053
913637
282024
821937
942884
66887
707800
730757
891002
894870
626407
605883
32204
428668
121058
726897
395093
604801
929719
650263
401880
927506
386199
582161
395605
299258
395131
598742
895842
799325
92031
576533
189054
463297
923477
794779
892356
55175
282142
258253
390839
179510
993018
481542
982386
720657
645130
781538
617319
30402
138654
499654
113172
245548
732764
345754
650914
977977
672242
585491
578872
247220
687137
475855
261625
72651
607858
384844
134424
251091
648300
166502
804111
318116
346192
421527
664817
532215
152668
279406
769100
448566
907031
59728
139765
584832
659555
129907
798074
851067
135360
924769
796085
902041
466014
82253
652800
155257
697970
321129
143145
149099
808326
295190
479355
16384
164048
201680
432792
337299
646670
331035
384580
906783
792956
196451
651728
476504
507004
859419
285845
489941
185803
464545
220055
866440
867082
586986
760516
528243
991980
516777
977264
603010
477541
567719
400942
922348
728213
637306
696948
138916
260750
538428
731543
333087
968936
340933
32682
891465
409984
126608
917119
731442
336420
66338
349861
478430
812337
429300
854607
697728
321145
536566
117809
643612
608698
777853
670319
442934
202715
773658
121235
293454
775170
124449
667613
473817
818180
284443
183600
402366
421805
581056
430904
542190
716487
275923
899264
826081
829101
735866
130093
336971
76787
90237
166066
408568
234965
698616
85870
254962
251400
772242
779859
160022
348749
427633
874727
737910
531743
259003
609433
395269
108411
623347
739242
627262
873442
809165
44459
351515
788878
591191
534886
575675
794366
867721
360366
917841
654384
772183
382108
711636
513804
237576
605570
881205
729049
7901
281837
396911
837703
839289
865696
801918
419100
943159
999272
875982
619840
821921
211408
802234
635401
265911
525867
472546
98913
363265
433908
594743
192197
407471
265683
32852
