138428
540418
978853
794824
677826
133520
336143
776165
279553
671104
738438
494136
972548
133347
735221
636127
135949
169341
609088
385514
92621
714615
647299
730064
74552
269569
654193
597523
452326
43261
565238
237634
942005
299445
406773
42852
590996
981006
218512
19730
848770
235599
71185
92701
622980
476891
255278
179083
818215
211050
480880
509300
780543
113925
347559
947621
608279
99852
822326
134561
877177
769961
906801
829977
261032
794063
69434
497223
973608
992443
501135
689430
168799
676707
649526
223934
397047
794084
301492
797827
164719
731431
810730
626578
521944
269088
266718
26868
136314
382959
609250
715608
436177
884822
673813
261760
600494
107883
98512
956469
142070
215768
986815
537003
71812
784505
998155
282029
997103
68180
661884
983318
488563
954120
437815
633373
12785
9158
254190
926871
917995
857422
832976
580786
361832
216124
33136
576858
598054
770103
409464
258054
291455
897155
267853
986717
976673
756148
575506
785846
742921
945914
593647
221453
387561
521230
434245
56501
854811
387743
947389
849266
631475
746477
715363
716208
657892
442532
968067
131868
30665
616316
452965
761405
658377
878195
87265
622329
650669
189794
127630
848067
121553
145456
770264
735959
537003
986680
849555
893323
969771
150995
984738
631505
921474
376450
648653
619617
723773
377599
760634
222307
740669
898497
152979
637345
921823
696750
667316
533714
624955
696201
847660
815698
906193
525575
614912
390559
147511
869854
721423
580653
583044
58794
479649
396225
568426
4525
271862
690515
754814
182829
31866
947962
119614
420536
736255
714703
81167
369777
237410
878169
649572
643355
324542
424435
562076
695427
84935
255128
398285
911609
754206
480295
106346
23959
223487
868328
804164
908340
740386
600692
504414
452410
22051
510969
207808
581811
834660
388679
842325
946703
910929
60164
902914
114632
13228
734068
935270
204308
469680
200685
400876
676186
762879
780389
727070
335956
391550
858974
464801
313689
15966
512841
514316
12055
685370
324329
118510
837954
265459
222992
163225
253671
252121
884106
404354
174832
709009
848915
671252
675831
234046
478890
821167
740727
521699
662569
864525
217964
695056
138247
322778
368305
502990
669154
773376
803615
847905
948118
759813
458025
319139
572732
231471
11388
659240
912688
142790
411934
172417
994899
334384
695447
75151
687805
805691
209099
435401
379673
529064
737014
769686
46046
917890
204166
858352
599344
982956
255885
83964
419550
808161
669441
998514
744297
799358
670534
372497
934701
951386
695868
350661
203729
16011
531387
307189
753402
835121
364047
786983
953127
730466
4091
999277
633889
998379
894900
837810
404750
924629
161696
884640
857750
838339
80657
926654
645965
601339
118639
273462
74502
230549
137581
158650
197573
390839
732046
761459
214515
208623
524267
796939
953057
669455
188928
789981
325803
204344
546606
966008
775316
515005
669182
271999
648170
656942
141616
503152
841163
277866
416837
962674
378674
643415
621439
917390
265626
793819
315235
949573
344633
422231
514543
582290
617148
472834
899328
824415
81183
381218
12129
866809
238681
278822
369984
507613
295755
98273
445925
283921
240953
413985
337308
31174
504325
173793
926297
752606
450869
879592
276784
544594
152631
384934
201072
383
617655
92033
404442
671165
238537
787284
71749
609524
792370
392218
525367
326538
99477
120263
443139
693585
992295
246873
466352
993528
202558
244190
641184
365277
916544
985038
705584
308972
445573
633731
182340
138648
128843
771465
233375
516112
817981
998581
484913
754929
269896
846083
808636
509754
126036
124120
117661
145732
51085
144217
886820
115834
416566
777514
388334
910891
392516
327888
393221
124178
933910
228293
465234
329083
756725
215452
826202
172534
6861
389052
122946
530681
80657
428641
916357
531692
370367
946460
128928
988163
969196
396317
378317
3326
926504
479614
167850
520266
793408
183807
6717
930040
162451
389872
569224
419290
329271
496061
278313
541842
46228
201868
94118
107265
854164
984637
974829
828104
451286
212098
293534
88317
682954
56082
386807
663623
97415
863085
760925
508540
401889
867679
784243
81144
56140
467533
831495
107588
197074
88851
968820
558847
734407
477976
915535
64201
984199
476940
361862
933400
76968
389613
401483
77300
946130
503423
220049
788519
359847
318067
812184
602948
54821
843624
439092
515185
173446
116308
302189
372510
902287
60009
735148
519360
660591
805247
743910
114219
585984
740897
138376
334176
333004
134089
914301
488863
573947
705171
380642
902093
676782
345600
339940
333501
175477
942226
439666
575526
91014
394157
807646
255629
110491
93522
708657
514429
654746
40907
381472
769616
769088
509340
809222
579070
95967
239535
563382
42453
509862
129700
6486
342927
794288
77673
21850
767850
744967
12103
893726
135390
623193
261426
377556
979751
826507
826893
945145
842829
975638
64541
958628
220310
432092
140149
135150
118085
16192
805698
410909
685555
743563
699494
93462
718534
649064
4436
578799
992799
878417
739002
676607
636869
748160
968578
5062
534742
791134
959929
487690
390350
561518
520321
14893
129147
882872
861286
158616
281053
563927
282024
821937
942884
833937
707800
730757
891002
325287
704348
605883
32204
428668
293853
726897
449946
604801
929719
650263
712243
927506
386199
582161
395605
728697
395131
598742
769286
799325
92031
576533
189054
463297
706852
794779
948981
818524
846035
490916
390839
179510
993018
66348
982386
433398
645130
781538
617319
30402
138654
499654
113172
245548
732764
345754
650914
977977
850927
583776
255490
247220
687137
475855
261625
63845
575057
384844
737287
251091
648300
388104
804111
606844
113887
421527
664817
473421
556504
279406
769100
691548
822550
59728
264268
584832
605470
129907
798074
851067
585010
194064
796085
902041
787028
82253
652800
522516
538696
321129
143145
806625
533807
295190
479355
474110
56507
201680
432792
999392
646670
331035
220195
179362
792956
196451
651728
255368
372105
859419
285845
489941
185803
464545
220055
763781
388596
842280
707081
528243
979365
930809
977264
603010
459431
567719
400942
510121
728213
637306
696948
138916
587429
538428
904068
425073
968936
306840
484222
891465
409984
422776
917119
264198
610596
485586
349861
478430
812337
170403
854607
697728
687267
309556
117809
643612
989774
524035
670319
442934
202715
827684
295340
720318
818728
124449
667613
473817
931941
284443
183600
402366
421805
141747
630157
542190
983418
275923
895786
254061
417620
735866
130093
336971
115659
90237
166066
50055
234965
698616
85870
489932
181309
579079
513185
160022
348749
969550
874727
600263
770869
356558
15708
395269
108411
623347
739242
682290
198346
442418
44459
975188
788878
771195
534886
575675
604850
900500
360366
424352
669344
772183
382108
711636
513804
237576
605570
881205
729049
425730
281837
100653
837703
255611
101378
801918
516797
323313
576639
875982
619840
142775
211408
802234
870075
263947
525867
472546
98913
695629
433908
564264
259540
204497
837610
316653
