320239
715251
460046
685825
560097
286828
482091
398633
971360
527097
635807
474987
765063
213763
404392
289914
109638
4647
451501
601593
259935
693424
813651
686915
381790
410155
193411
920039
234467
43577
368826
494730
634831
434175
998397
34375
597468
191686
661665
827650
747136
265623
257062
832060
868806
119116
525408
653859
233711
984202
656505
970778
453626
821486
196469
466194
353373
792846
719571
710081
623390
204752
733090
640879
783900
976935
75403
405689
787850
638204
417214
432191
861379
584591
40543
4647
906968
969555
453571
511273
922647
702117
787054
144718
109065
202783
175898
360635
254831
750220
924827
753463
774441
248043
164261
127174
367648
735548
432073
679351
471407
646691
447390
276005
203906
447366
995573
160458
203565
384466
344093
63369
86208
97228
652033
819788
679301
808459
679573
591058
186330
662929
200795
295099
375494
201454
159241
289323
41847
407764
193005
418886
502480
469
168545
635065
250334
759337
117691
85250
322603
398741
995834
73155
732826
478206
608330
720122
18106
945424
706651
552383
747176
417741
174197
489604
966457
125863
407495
402000
258812
43770
287612
918045
471842
818477
431429
201339
693137
281936
879165
871964
899529
711254
862179
446579
843293
479990
177546
331987
338128
273391
191635
59520
351548
640229
861379
598475
174197
370007
685651
187090
663097
398633
518380
634902
610466
342641
299665
92480
847714
330502
348154
477125
740187
596801
669068
20555
918042
302137
485078
10766
356057
314137
133773
715188
572386
748682
714165
700631
501636
580028
417185
199900
990215
2216
625745
767255
248882
295696
466433
437047
330375
477862
114091
144529
910346
593256
967008
412338
110046
719562
716555
823643
581957
443970
716935
198380
259935
478364
393935
160396
560411
855348
785219
723282
622084
98046
385945
266658
186516
18341
495063
623138
155928
205804
409690
987882
292709
280268
192548
847374
298780
454927
115280
777818
646210
883540
500418
816614
225711
478364
340442
33274
647257
444462
961766
834985
349187
284242
511391
222521
967728
37788
110355
552722
965677
455311
503642
889850
69543
55214
798253
391885
499935
281217
349911
119848
586678
334425
960002
789032
70926
246480
868610
298780
692287
864490
540187
703035
756529
29012
517625
179902
362473
318760
505285
331044
83898
710783
236718
384841
189958
559070
647257
18194
381646
347054
519058
837161
240013
714290
303342
358825
375567
464479
790027
225986
479193
408932
242546
771792
780218
207182
571783
195117
465371
580273
423178
361776
922589
856803
731483
92310
160523
6201
995739
917726
142279
19647
710202
829545
32658
230201
717544
742810
451467
646210
161568
355042
545270
1751
656026
819704
609230
195755
294618
459341
983088
448064
716555
338465
97511
347969
717985
354921
292570
822354
280268
183814
482222
477125
947185
55800
452250
890636
324881
46923
253160
386792
833945
97880
229172
254831
522357
244389
265295
587300
807949
351474
505479
361165
55859
717544
242682
743845
873214
734877
998610
266562
250454
401721
551542
989530
933880
812230
353016
866946
139946
633040
255147
486813
502794
217192
581730
306601
762890
538733
144842
147587
8049
209749
845518
757147
59520
590780
15568
770498
774904
770808
304372
315514
472056
456144
743723
32947
72142
676832
539408
517859
175229
587304
395516
39879
416306
56108
250941
121838
845219
671224
111831
719571
322603
870178
873536
986479
551227
501972
682024
162534
14321
780218
740187
92523
230201
892792
876540
919901
424102
398200
409771
387194
212018
12463
897336
764056
515452
446223
645869
329712
868528
621946
248723
847612
900173
153403
68446
507729
111049
964953
769122
994224
100749
603291
342407
839725
569588
478364
998794
97542
422670
291281
500099
658599
834155
840980
864175
223431
70121
67399
888359
468694
891095
713788
518205
639983
965664
367751
163956
235140
645007
841450
717985
749958
566960
299904
369022
128514
776828
621082
968003
538082
755392
98046
300758
356383
153297
703220
30902
180566
658837
960761
252185
569130
491933
856183
797505
510719
268642
973322
788003
14001
536427
419658
5985
158499
400019
237620
586678
273818
121472
51275
69035
577462
810965
906787
155166
844715
437683
747664
283647
24525
164946
987912
657539
646540
618934
509517
372752
162534
598348
83571
172489
752299
581811
598733
522678
518205
179264
460046
57502
11153
353702
175091
642690
925878
984411
94254
590238
528210
113679
69283
367952
408851
110602
106924
924347
167042
947306
363937
927005
983982
753879
781156
115515
297412
275763
927933
79125
815310
190857
518035
328753
639376
520930
46824
494525
150614
902855
644555
867207
727010
752651
136325
484544
362818
854407
161156
264415
458447
143390
749970
73155
764295
556150
91282
335817
512437
832862
652882
573925
895492
592259
370986
347331
279597
178832
874888
930837
360515
401677
875794
776652
183993
829616
816868
142354
153090
265279
856860
519813
320298
829616
700409
410046
714129
974441
822354
417986
535838
536236
1844
844001
880920
735346
694149
524021
672989
64897
613932
220473
299958
757899
715073
927167
7253
446866
347331
414559
181528
886661
463882
446362
397889
636752
128755
862410
261851
399815
168954
916769
797631
647942
131488
937780
944356
461236
27250
484146
35500
605082
883669
284993
946328
466433
166720
933410
352844
601109
446415
521750
957165
25227
88293
858580
841510
990363
903614
444462
397199
258812
734115
292526
453626
578933
113043
824711
552722
63241
311966
621873
950783
274887
168035
371534
396523
483400
200663
565644
533681
532606
146244
492067
400495
83964
364263
336720
47550
237972
460941
606794
35959
406731
659565
885524
641853
990215
272032
763180
784574
301779
520982
115644
105835
439888
46923
171488
78164
769988
778640
259935
271674
681737
687003
4821
486817
853902
207818
623870
971360
780251
253901
487141
893777
198380
309716
250334
943580
554051
973402
140871
849700
490138
65012
930623
602981
300038
394854
8216
458380
658837
545400
595033
187488
739653
585435
862449
51805
534087
2423
798606
837579
538745
463723
261851
602391
34135
182722
530110
572618
898703
434175
415654
415940
574070
220151
863763
393384
340024
846889
682986
325865
684884
285583
616430
130377
752884
247866
47146
370331
559472
441681
14354
587714
593441
784318
538082
593441
885963
166314
131118
735434
333254
288392
387114
91703
588420
338465
796721
66354
587625
982992
500099
236718
98764
999518
634831
866946
247404
801280
896128
302137
461830
148551
929753
567400
247866
707996
224365
128348
420541
179508
150614
38738
845033
78132
279463
898703
114091
930729
947704
847612
797400
584087
986366
349911
407064
724507
250026
630356
459661
469312
867983
271730
782930
896128
626622
502365
406517
905576
972813
900898
268859
372010
998210
703220
112562
386572
526892
131711
11153
63116
591422
198131
321392
87659
671212
736555
770348
32923
914798
890921
286037
898263
164162
657065
308444
111870
898133
35383
178907
32947
944132
222359
207818
191093
668459
252459
562140
957165
