501329
503204
992972
462091
734828
259291
588275
32562
763452
476438
866718
578171
275546
7237
285661
922301
591020
238851
101087
514429
474005
638650
494000
942833
434616
184910
285410
67967
178996
890929
664792
143112
788353
594503
893048
824101
743463
755606
388599
939591
339273
87620
981566
134703
987194
760969
780099
577170
293850
537135
276446
648849
426080
211957
989954
39287
236063
361515
594862
676330
476959
645801
878789
172298
399684
731068
57686
754800
790485
343757
128153
369726
483560
997854
609338
577941
695965
361670
206329
442953
626938
477811
292275
522366
267274
622566
52564
957411
170854
529682
233870
813888
279305
609203
259160
194897
488234
193494
850251
820800
234344
465848
484580
880802
337119
371679
806918
527257
649845
238259
807023
862933
495774
268735
440044
137274
118091
2948
884569
40091
420018
846329
383498
721971
366009
814443
362521
380224
523020
972251
815997
18650
222088
369654
475519
149664
363601
258900
513485
475132
510197
428394
563858
799600
794858
658155
36417
510780
201691
973959
825353
359956
818820
229164
82359
351602
846269
400959
783089
765231
947623
334717
533139
982287
204721
88570
424656
915902
860870
516845
976852
918619
426981
114428
279729
956914
542825
292574
300779
692275
770363
439659
683635
524114
230583
180160
102701
32220
515974
245238
403055
222253
716526
543172
535082
289709
917653
580735
169516
19656
149844
391449
195539
649009
852084
879970
284438
351684
926687
215776
923281
879415
728
768800
92112
511500
592511
756270
440614
822830
544557
865049
209535
231208
486151
347061
396546
495260
432724
783765
628445
509495
682944
668820
719623
300505
634561
1917
301165
947243
7934
296163
809619
356212
138686
703482
642275
548352
527917
584768
196540
972622
72085
935682
482455
727160
946503
304960
945987
954443
602115
871208
487451
943583
85577
638784
893036
729150
233777
469645
696254
467038
316212
760643
225113
840315
764429
568126
517280
485991
931978
764779
449071
399296
329607
742048
907416
349856
236386
162974
283899
247550
160520
54267
408562
241063
544168
986100
469106
898985
672069
801175
225506
306098
641711
736885
123324
297360
745779
48798
629179
955745
353035
689971
143596
888792
899367
550557
364591
627319
188069
638479
929469
948065
528579
619057
586950
763251
802891
387568
355781
486911
710685
110026
325944
74224
724689
16859
317880
842960
355630
780694
220351
485183
67440
771407
696848
228671
553936
393954
130019
426307
520828
618012
149271
490411
618438
982154
158766
458093
56755
85919
380934
975964
845671
23095
508070
543095
626403
420071
399635
382141
318636
907438
409874
103187
37889
451159
310408
774714
670169
828279
735876
987006
476799
906670
306644
486109
526485
59793
924797
561950
117722
973599
867901
412642
273039
149846
680345
509664
42930
204634
237586
741053
629000
334305
691156
738312
861034
174887
526334
659052
947217
525281
341535
834872
762045
336610
140678
727862
823757
469690
988652
606668
851852
8942
246166
121970
797319
670205
185226
477298
571835
259208
308844
173265
66336
554322
489358
964840
4178
40888
921091
821132
985313
681931
831711
830461
155697
569309
813008
946442
167918
107827
986431
700224
969464
792552
582239
485293
450006
673151
161707
951598
719658
170288
550747
78441
908289
733400
876049
63861
267718
997605
300280
41793
797286
9208
884642
528058
231886
197964
674661
644230
241890
475483
359248
421853
801827
779611
935058
57813
779055
277047
686369
854485
134510
159632
727556
889700
601419
246972
150774
885954
633816
451170
665995
504567
499826
404938
409170
991583
562905
193785
326575
677905
954432
573518
428420
51824
336684
560734
651698
393881
912057
915130
897553
877879
328684
483143
439068
848598
160968
658083
252110
375828
910707
498292
556387
563367
961853
681517
277016
735224
204716
686239
734065
329056
167717
516520
269487
986783
374641
913182
117624
254983
173621
10332
630545
945871
245984
44773
383448
628654
785834
605150
391277
329346
346032
721660
239439
867106
694261
567476
875150
822026
612471
468745
263704
497020
985461
285572
44806
368478
67263
557033
211752
348401
374046
334847
243543
730968
697701
983664
34992
139726
200353
506155
523694
586136
60388
949036
278290
833978
688689
699568
339382
964608
890477
229628
188649
923358
117968
112682
516203
133023
3081
274263
331815
607089
100862
753635
234258
978334
107688
693791
439156
577418
848354
443009
458551
886152
569907
648865
731095
829185
473209
323861
167821
898498
900304
327408
572952
485275
115141
686326
601436
273658
672310
125427
82407
91753
121093
567205
63550
548951
923141
266422
132338
302699
139754
296423
906377
582068
40700
402278
407185
971137
269518
27834
485726
133695
93605
234633
53460
304486
930910
188868
922884
99762
467859
339570
533284
274287
802911
130812
123473
315762
129974
150922
913938
776446
100705
835555
395957
911081
377676
897297
929796
439516
219934
553817
732623
872438
118662
932347
156668
520710
442853
171754
473620
118601
460680
553553
766019
639825
933544
347465
280966
731161
958428
450383
593817
874575
990857
172675
686706
286909
629048
748552
370225
938550
987374
901073
556814
671547
971833
344706
533616
670675
94145
261918
449267
979311
412200
549254
934575
111826
293156
127624
241482
794714
975542
880802
629627
647095
472100
543201
848061
661778
430442
243136
474408
257790
174031
236663
590030
69410
16756
16953
51236
767198
202220
42844
354770
116713
450399
860864
349678
329928
637589
814434
665650
51031
738946
287812
840337
871100
460947
645364
383391
179642
497663
668651
814698
898896
440098
328005
289076
329618
698815
372743
804710
808049
721798
78291
452084
154513
83069
306550
198156
392844
445141
414762
840998
574482
849944
157397
117107
939937
470017
642961
361887
126413
349780
18243
749754
68575
85540
307967
939143
992256
759033
692834
783656
868223
543860
873723
617874
397074
833081
26178
71689
589829
294247
703209
371936
131067
758748
486665
25583
83790
250187
332217
404624
941741
1852
581808
667404
873368
384083
623661
609432
939915
684183
411760
312550
624829
365047
334655
589233
701118
557961
415092
302641
929907
250399
379458
721154
964307
762588
670875
364187
174003
896627
876320
775346
946218
282309
143992
237625
822220
365704
622063
67565
951808
608858
126795
180018
273091
926922
642395
560226
144824
180719
520457
635237
875662
864531
347341
686985
81158
307046
900035
949666
567068
131187
369496
655970
688491
486873
727320
602187
81686
782901
326248
728754
458760
923580
135880
693491
14088
338861
783656
485618
945128
707365
122809
803575
347480
978162
754361
63565
845022
267058
360307
837974
813393
213845
976294
61471
372652
471161
127346
842888
81912
770751
361887
232159
56920
492987
67508
307374
34968
784438
155452
3630
885026
762257
728678
854270
873506
344394
834952
663088
296661
387300
509792
927897
846266
648686
235731
13336
889700
846621
980181
130661
77283
597268
929833
963597
149309
984128
919518
544976
790163
883722
858779
707528
65789
