501329
903548
511707
614449
734828
259291
588275
32562
763452
476438
866718
578171
275546
7237
285661
922301
591020
238851
866340
514429
7470
853347
205049
942833
434616
184910
285410
67967
178996
381007
664792
143112
788353
594503
893048
824101
743463
755606
388599
939591
339273
87620
981566
134703
987194
760969
780099
932614
293850
537135
276446
648849
426080
211957
989954
229193
236063
361515
594862
676330
476959
645801
995183
172298
399684
731068
57686
754800
790485
343757
128153
30682
483560
342605
609338
577941
695965
344240
751267
442953
626938
429946
921026
522366
119830
440894
52564
957411
170854
529682
233870
516490
814834
609203
650563
443581
488234
193494
850251
238565
234344
465848
509412
880802
177008
371679
806918
527257
649845
238259
807023
862933
495774
268735
440044
137274
118091
2948
884569
40091
420018
806945
383498
721971
366009
814443
362521
380224
523020
324869
815997
18650
222088
369654
495544
152247
363601
258900
513485
475132
510197
428394
521197
799600
794858
658155
36417
510780
201691
973959
825353
359956
818820
229164
82359
351602
514880
400959
469878
765231
947623
239533
533139
982287
204721
670425
424656
328001
860870
892208
976852
918619
426981
114428
279729
956914
675356
292574
300779
692275
770363
439659
683635
524114
230583
484808
102701
195585
515974
245238
403055
222253
716526
543172
535082
289709
917653
580735
169516
19656
939640
391449
195539
649009
852084
879970
798449
351684
926687
215776
923281
879415
728
768800
92112
511500
592511
756270
440614
822830
544557
832807
209535
231208
486151
347061
396546
495260
432724
783765
628445
509495
682944
668820
719623
300505
634561
1917
301165
947243
7934
418396
910101
356212
298102
703482
642275
548352
527917
584768
129452
972622
72085
935682
482455
727160
49436
304960
945987
954443
602115
871208
487451
943583
85577
955458
893036
729150
233777
250
696254
467038
316212
158964
964731
840315
764429
353216
517280
485991
931978
130419
375475
795826
329607
742048
162898
349856
236386
162974
283899
247550
160520
54267
408562
241063
544168
986100
469106
898985
672069
801175
225506
306098
844972
736885
123324
297360
745779
48798
280929
955745
70367
689971
143596
888792
899367
550557
144646
563704
460002
638479
160148
948065
528579
619057
586950
763251
802891
387568
355781
486911
710685
203560
325944
74224
724689
16859
317880
842960
355630
87623
637125
485183
741741
771407
371715
671920
553936
393954
130019
426307
520828
652823
149271
490411
618438
982154
703793
458093
90008
85919
380934
975964
845671
53753
508070
868732
626403
420071
399635
382141
318636
907438
876988
103187
37889
451159
310408
774714
670169
427542
735876
430341
476799
943994
450315
486109
526485
59793
924797
561950
117722
973599
262410
412642
273039
149846
680345
509664
42930
204634
237586
741053
629000
334305
691156
738312
861034
174887
511600
659052
71896
956785
984407
594156
814971
336610
140678
24351
823757
469690
988652
606668
851852
8942
246166
121970
797319
384072
561981
477298
571835
259208
308844
991805
66336
63503
489358
964840
455026
40888
721708
821132
985313
681931
831711
929147
581986
569309
813008
946442
167918
760446
986431
700224
969464
792552
582239
485293
450006
673151
149810
552515
719658
101013
550747
78441
596748
733400
876049
63861
476048
746329
300280
41793
797286
9208
884642
528058
231886
197964
674661
644230
241890
475483
639814
436061
801827
779611
491996
57813
9820
277047
490215
854485
134510
454993
727556
889700
601419
810580
150774
885954
633816
451170
105887
504567
499826
404938
115464
433355
772647
193785
326575
677905
954432
573518
52947
51824
336684
322474
47756
393881
912057
915130
897553
877879
328684
483143
439068
848598
160968
658083
252110
171352
910707
498292
556387
563367
961853
681517
277016
735224
204716
686239
734065
329056
149165
705526
269487
986783
374641
913182
117624
237843
173621
10332
630545
945871
245984
44773
383448
823410
231719
605150
391277
329346
346032
721660
239439
867106
694261
567476
672796
822026
612471
468745
263704
497020
985461
285572
770944
368478
790918
557033
211752
348401
767444
334847
243543
730968
697701
983664
778524
139726
200353
506155
523694
888792
60388
824706
430480
833978
688689
699568
339382
964608
890477
229628
188649
923358
117968
112682
516203
133023
3081
274263
331815
607089
100862
753635
234258
978334
107688
693791
439156
577418
848354
443009
15449
886152
569907
69548
731095
829185
473209
323861
167821
898498
900304
327408
9215
328324
115141
686326
333221
594336
672310
836045
82407
91753
121093
168522
63550
548951
219245
266422
132338
952619
139754
296423
906377
582068
40700
402278
407185
971137
321115
852394
447497
133695
93605
737784
53460
304486
930910
188868
922884
99762
467859
339570
533284
274287
802911
130812
123473
695107
129974
150922
913938
776446
100705
835555
287409
911081
356892
897297
929796
439516
219934
209652
732623
872438
118662
465196
156668
520710
442853
171754
473620
118601
404335
553553
964238
325181
933544
347465
875888
731161
958428
665758
593817
790853
990857
172675
686706
286909
629048
748552
370225
865407
724406
901073
556814
671547
971833
263503
533616
670675
94145
261918
449267
979311
795795
549254
934575
111826
921349
127624
598639
794714
975542
880802
629627
647095
472100
543201
848061
661778
430442
329653
474408
257790
174031
56463
590030
69410
16756
16953
51236
263499
202220
42844
416525
116713
918369
860864
349678
5762
126993
814434
763923
51031
835818
287812
8476
871100
114792
645364
383391
82492
497663
668651
814698
898896
809929
157902
289076
329618
698815
372743
804710
808049
357326
78291
452084
154513
83069
306550
198156
392844
445141
414762
909854
99164
62231
157397
117107
939937
470017
642961
361887
126413
349780
838009
749754
68575
781880
307967
939143
992256
306786
692834
783656
868223
785592
391419
617874
261849
627813
26178
71689
589829
294247
931066
371936
131067
758748
486665
25583
27825
545828
332217
404624
941741
775606
173686
667404
873368
780058
623661
609432
595999
684183
411760
312550
624829
365047
334655
589233
701118
430096
641531
302641
929907
250399
379458
721154
964307
762588
458929
364187
174003
896627
876320
775346
946218
282309
143992
237625
822220
365704
622063
67565
951808
608858
126795
180018
273091
926922
642395
560226
144824
180719
520457
595665
875662
864531
347341
34111
81158
307046
408167
949666
567068
588592
369496
655970
688491
486873
727320
724297
81686
782901
326248
900686
458760
923580
135880
693491
14088
836086
783656
905516
945128
352412
122809
803575
347480
978162
754361
63565
845022
627401
360307
988571
813393
612220
976294
117859
372652
471161
127346
842888
81912
770751
361887
232159
56920
773044
67508
834484
34968
784438
155452
3630
885026
762257
728678
854270
873506
486197
834952
663088
296661
387300
764745
927897
846266
535850
235731
13336
889700
846621
980181
130661
77283
745370
929833
963597
149309
182783
608815
544976
790163
883722
858779
707528
65789
