501329
503204
992972
462091
734828
259291
588275
32562
747748
476438
273037
578171
516311
7237
285661
922301
570000
923083
161562
236283
712818
708034
627357
52063
612001
38544
285410
294692
178996
890929
899933
617748
938799
311441
701984
704861
252281
755606
388599
217099
661672
638917
981566
743305
295358
957842
716453
577170
293850
144296
276446
648849
426080
63481
989954
39287
236063
361515
167348
676330
857750
557438
268858
443251
399684
731068
57686
44459
790485
138865
128153
369726
349857
997854
609338
577941
695965
665870
54956
474907
838686
455449
292275
522366
799507
622566
52564
814873
63438
969986
952531
380133
279305
859181
259160
194897
488234
193494
850251
18537
4315
465848
484580
365851
781466
261174
806918
527257
649845
751482
807023
862933
495774
268735
440044
124618
506671
405522
884569
40091
902471
846329
383498
721971
366009
239244
132202
380224
557305
164194
3059
489416
318728
895516
475519
149664
316166
356553
704176
275316
510197
428394
563858
629405
370534
658155
589513
787809
869010
973959
451807
485928
771887
229164
900649
351602
473466
81461
520075
462395
10750
237011
533139
338838
900418
266508
156555
977908
730837
516845
976852
165031
426981
842163
35436
956914
542825
292574
727713
692275
43086
861043
501360
524114
441238
180160
102701
32220
994352
245238
667718
448153
446858
543172
958458
723904
483199
565271
62805
973792
558775
391449
195539
102315
852084
879970
532129
298209
249773
215776
558606
360861
853220
768800
84294
511500
592511
756270
440614
695739
415151
865049
209535
934887
486151
347061
756333
495260
781800
783765
323081
530024
682944
919106
719623
300505
634561
445665
947282
947243
655761
296163
905663
356212
138686
703482
733894
548352
459344
475970
840934
544392
649793
46794
682944
53166
733595
304960
945987
926850
602115
432725
575910
943583
905150
638784
893036
729150
233777
805283
696254
95734
316212
760643
854614
17678
764429
568126
500537
527406
931978
218919
781874
399296
329607
742048
907416
349856
816227
162974
356211
723904
577917
757588
408562
241063
544168
816809
9463
898985
672069
801175
654321
306098
641711
864889
123324
649392
945354
464731
720757
955745
209712
371746
945280
352425
899367
583712
739113
236813
531587
638479
326630
441837
375202
619057
586950
823248
302102
387568
355781
15261
558945
110026
325944
825937
527748
735597
317880
825245
355630
780694
745723
770304
50003
771407
284249
80935
553936
393954
130019
426307
520828
618012
390173
490411
618438
692534
158766
53775
56755
85919
380934
975964
961324
955139
508070
543095
626403
420071
399635
382141
638694
382143
409874
295186
464886
338255
314310
774714
670169
308126
735876
987006
476799
870994
926775
486109
494582
59793
924797
561950
879850
973599
867901
412642
273039
178814
128057
509664
859352
116066
237586
741053
629000
356140
691156
897100
861034
174887
526334
716079
947217
804501
829089
834872
762045
336610
140678
63579
823757
479804
988652
985266
807023
8942
730348
357366
797319
789956
410839
523272
590493
259208
646759
173265
44079
554322
643933
964840
4178
669613
75450
821132
985313
905696
831711
74507
379750
569309
813008
74030
167918
518920
955622
524333
985349
792552
582239
123242
745078
79916
88058
538266
719658
693487
550747
78441
908289
733400
299989
63861
627698
997605
611449
41793
967158
116791
884642
528058
552813
470421
674661
666274
241890
475483
773105
421853
518667
779611
914057
57813
779055
717912
160406
757531
134510
700072
727556
656312
938549
566101
302864
321985
565429
451170
185320
504567
499826
404938
360234
991583
869029
193785
326575
677905
954432
320731
722171
404304
336684
935474
942738
393881
912057
500321
840763
877879
328684
609389
314277
958908
264924
502682
124866
850252
910707
225218
965954
922524
961853
681517
305777
475047
204716
68201
200194
329056
355836
516520
82269
156883
374641
850080
117624
988080
261259
10332
615100
13432
56719
955135
383448
512867
152069
605150
391277
612065
729459
721660
239439
867106
694261
641075
875150
214501
612471
468745
263704
497020
52683
37901
44806
923478
67263
557033
105182
620684
374046
253826
120964
730968
575029
983664
34992
139726
200353
506155
523694
352425
60388
949036
278290
300895
688689
225191
335025
964608
207412
229628
188649
923358
117968
112682
516203
133023
3081
274263
331815
288700
100862
490245
994435
371088
107688
693791
439156
625358
292372
450333
566369
886152
280253
648865
731095
829185
454723
323861
179240
898498
160628
329369
572952
485275
115141
172272
601436
273658
672310
125427
400556
345658
121093
913121
125828
371288
476297
582567
132338
182843
139754
296423
906377
63603
641362
402278
561418
227043
269518
27834
786704
12608
411475
600849
425076
304486
930910
188868
59685
330866
467859
339570
533284
329478
945557
782671
123473
315762
164787
314699
913938
776446
100705
835555
730978
911081
849473
897297
411386
190520
219934
55257
732623
220603
421015
135301
156668
520710
50144
268850
789487
118601
195420
553553
766019
639825
70142
347465
686490
731161
958428
679059
593817
99282
960746
172675
675732
286909
629048
95025
370225
938550
358899
41021
556814
125389
750240
953909
290777
958351
94145
261918
449267
718287
412200
549254
934575
184812
518851
234285
241482
794714
975542
754976
629627
545906
669201
519961
848061
661778
49756
350834
474408
257790
660114
236663
53182
69410
536783
16953
51236
767198
202220
455652
354770
116713
124258
860864
349678
625783
211611
553530
665650
51031
738946
287812
765612
871100
460947
589244
383391
179642
497663
631879
814698
274163
900778
328005
129403
329618
102082
372743
116563
808049
721798
78291
280075
154513
955622
325555
198156
9029
445141
414762
840998
108045
188317
203844
117107
939937
466786
620144
963000
126413
349780
18243
749754
68575
129722
307967
94947
48426
886224
692834
783656
868223
543860
896929
617874
768121
833081
26178
436217
959842
644584
129653
322990
913020
200285
701858
460720
83790
250187
332217
407390
538519
683288
581808
186851
873368
384083
815928
464074
245845
684183
132109
370611
847604
33723
334655
589233
507647
557961
627639
463429
929907
116645
443246
721154
826425
983378
670875
353240
451817
621545
762543
775346
144960
282309
37324
237625
822220
365704
726075
242493
429322
608858
126795
180018
273091
926922
642395
560226
144824
680463
391615
635237
769981
755836
347341
646323
562886
670166
883134
880908
888865
131187
940132
655970
905459
486873
727320
602187
81686
782901
876108
433373
458760
923580
135880
529682
193654
338861
783656
508187
945128
985545
286403
88845
708151
121717
754361
63565
298220
267058
360307
837974
813393
213845
911605
61471
372652
471161
127346
842888
81912
770751
736450
59025
56920
384537
310062
354551
268449
784438
155452
470747
885026
714532
728678
518502
126832
344394
706281
407602
340633
294579
509792
107399
433939
648686
742263
13336
817715
846621
980181
130661
837930
895698
473099
44561
363443
784833
799645
544976
790163
73933
858779
707528
459963
