501329
503204
992972
462091
734828
259291
588275
32562
763452
476438
651514
578171
275546
7237
285661
922301
591020
258239
161562
514429
474005
708034
494000
942833
612001
184910
285410
67967
178996
890929
664792
143112
788353
594503
893048
824101
743463
755606
388599
939591
339273
87620
981566
743305
987194
760969
780099
577170
293850
504786
276446
648849
426080
211957
989954
39287
236063
361515
594862
676330
502541
645801
886522
172298
399684
731068
57686
44459
790485
343757
128153
369726
483560
997854
609338
577941
695965
361670
206329
442953
626938
477811
292275
522366
267274
622566
52564
957411
116144
529682
233870
813888
279305
609203
259160
194897
488234
193494
850251
820800
234344
465848
484580
470918
337119
788378
806918
527257
649845
751482
807023
862933
495774
268735
440044
137274
118091
2948
884569
40091
420018
846329
383498
721971
366009
798853
362521
380224
523020
972251
3059
18650
318728
369654
475519
149664
363601
258900
950656
475132
510197
428394
563858
799600
794858
658155
36417
510780
201691
973959
825353
359956
771887
229164
82359
351602
846269
415604
783089
765231
947623
334717
533139
338838
204721
88570
424656
928808
860870
516845
976852
918619
426981
114428
279729
956914
542825
292574
300779
692275
43086
439659
501360
524114
230583
180160
102701
32220
515974
245238
403055
762898
716526
543172
535082
289709
917653
580735
94761
19656
149844
391449
195539
102315
852084
879970
532129
298209
926687
215776
923281
879415
1162
768800
92112
511500
592511
756270
440614
822830
544557
865049
209535
231208
486151
347061
396546
495260
432724
783765
676412
509495
682944
668820
719623
300505
634561
1917
947282
947243
7934
296163
809619
356212
138686
703482
642275
548352
527917
584768
151219
957792
72085
46794
482455
727160
733595
304960
945987
926850
602115
871208
487451
943583
355778
638784
893036
729150
233777
805283
696254
467038
316212
760643
225113
840315
764429
568126
517280
485991
931978
764779
516313
399296
329607
742048
907416
349856
236386
162974
283899
247550
160520
54267
408562
241063
544168
816809
469106
898985
672069
801175
225506
306098
641711
736885
123324
297360
745779
295928
629179
955745
353035
689971
945280
586136
899367
583712
364591
627319
188069
638479
929469
948065
528579
619057
586950
763251
802891
387568
355781
486911
710685
110026
325944
74224
527748
16859
317880
825245
355630
780694
220351
485183
67440
771407
696848
228671
553936
393954
130019
426307
520828
618012
689262
490411
618438
982154
158766
458093
56755
85919
380934
975964
845671
23095
508070
543095
626403
420071
399635
382141
318636
907438
409874
295186
37889
451159
597063
774714
670169
454472
735876
987006
476799
485250
98604
486109
575169
59793
924797
561950
684363
973599
867901
412642
273039
149846
128057
509664
42930
204634
237586
741053
629000
334305
691156
738312
861034
174887
526334
995208
947217
525281
508304
834872
762045
336610
140678
183728
823757
469690
988652
985266
851852
8942
246166
121970
797319
670205
185226
477298
571835
259208
308844
173265
66336
554322
489358
964840
4178
40888
75450
821132
985313
681931
831711
830461
379750
569309
813008
946442
167918
712948
986431
700224
969464
792552
582239
485293
450006
673151
161707
538266
719658
170288
550747
78441
908289
733400
299989
63861
627698
997605
300280
41793
797286
9208
884642
528058
231886
470421
674661
666274
241890
475483
773105
421853
801827
779611
935058
57813
779055
277047
160406
854485
134510
700072
727556
889700
601419
566101
150774
62194
633816
451170
665995
504567
499826
404938
360234
991583
562905
193785
326575
677905
954432
573518
722171
51824
336684
560734
651698
393881
912057
915130
897553
877879
328684
483143
439068
848598
719546
658083
252110
375828
910707
498292
556387
563367
961853
681517
277016
475047
204716
686239
734065
329056
355836
516520
269487
986783
374641
913182
117624
254983
173621
10332
630545
945871
245984
44773
383448
512867
785834
605150
391277
329346
729459
721660
239439
867106
694261
567476
875150
822026
612471
468745
263704
497020
985461
610670
44806
923478
67263
557033
211752
348401
374046
334847
243543
730968
575029
983664
34992
139726
200353
506155
523694
586136
60388
949036
278290
111633
688689
699568
339382
964608
890477
229628
188649
923358
117968
112682
516203
133023
3081
274263
331815
607089
100862
753635
994435
978334
107688
693791
439156
577418
292372
450333
458551
886152
569907
648865
731095
829185
473209
323861
3167
898498
160628
362378
572952
485275
115141
686326
601436
273658
672310
125427
82407
91753
121093
567205
63550
548951
923141
266422
132338
302699
139754
296423
906377
582068
40700
402278
407185
971137
269518
27834
485726
12608
411475
600849
53460
304486
930910
188868
59685
99762
467859
339570
533284
274287
802911
130812
123473
315762
129974
314699
913938
776446
100705
835555
395957
911081
377676
897297
929796
439516
219934
553817
732623
872438
421015
932347
156668
520710
442853
171754
473620
118601
460680
553553
766019
639825
933544
347465
771629
731161
958428
450383
593817
874575
405352
172675
686706
286909
629048
748552
370225
938550
987374
922916
556814
125389
971833
344706
211779
958351
94145
261918
449267
718287
412200
549254
934575
111826
293156
410253
241482
794714
975542
880802
629627
647095
472100
519961
848061
661778
430442
243136
474408
257790
660114
236663
590030
69410
16756
16953
51236
767198
202220
696307
354770
116713
450399
860864
349678
329928
637589
553530
665650
51031
738946
287812
840337
871100
460947
645364
383391
179642
497663
668651
814698
898896
565815
328005
56317
329618
698815
372743
804710
808049
721798
78291
280075
154513
83069
306550
198156
9029
445141
414762
840998
574482
849944
157397
117107
939937
470017
689545
361887
126413
349780
18243
749754
68575
85540
307967
939143
992256
759033
692834
783656
868223
543860
873723
617874
397074
833081
26178
71689
589829
294247
408400
372407
131067
104640
486665
25583
83790
250187
332217
407390
941741
1852
581808
667404
873368
384083
623661
609432
939915
684183
225266
312550
382867
365047
334655
589233
507647
557961
415092
463429
929907
250399
658357
721154
964307
983378
670875
364187
174003
621545
762543
775346
946218
282309
143992
237625
822220
365704
622063
67565
429322
608858
126795
180018
273091
926922
642395
560226
144824
180719
520457
635237
875662
958928
347341
646323
81158
481333
900035
949666
888865
131187
940132
655970
688491
486873
727320
602187
81686
782901
326248
728754
458760
923580
135880
693491
14088
338861
783656
84152
945128
707365
122809
88845
347480
978162
754361
63565
845022
267058
360307
837974
813393
213845
976294
61471
372652
471161
127346
842888
81912
770751
736450
232159
56920
384537
67508
307374
34968
784438
155452
175719
885026
762257
728678
854270
788012
344394
834952
663088
296661
387300
509792
927897
215983
648686
235731
13336
889700
846621
980181
130661
77283
597268
929833
963597
149309
984128
799645
544976
790163
883722
858779
707528
65789
