479971
903548
282733
714961
454872
809640
333830
393525
37549
323541
677821
767708
286797
769072
616240
532486
701952
115301
2988
244931
377513
940766
426878
600811
966683
245034
118808
604885
28679
800543
794886
889628
922025
490290
561334
649501
313607
688159
879198
187790
722082
349258
916303
83795
80380
790438
386258
913092
877934
838348
672578
899097
426080
932320
376387
444918
681737
94442
1962
549610
747425
921013
806933
36643
244421
476989
273404
295800
546568
562450
482573
473160
349857
476110
772735
322864
694826
908445
341588
152227
946702
429946
535284
732230
257814
441992
714655
774302
297778
653214
952531
594162
273849
742735
197759
731938
522432
370219
644685
952800
234344
465848
320492
472757
401859
177593
82735
581784
376960
491805
620856
965244
574538
412731
373064
543720
739434
977138
441396
360902
535330
925832
932776
445463
358950
252921
289248
786545
976353
386689
602915
265777
968847
373215
904044
900265
476211
128097
950656
82123
85958
507736
766297
213938
638434
438416
480817
681409
321304
357296
496801
242635
315822
733432
900649
296701
865683
535584
975501
964502
133419
128765
534014
605682
801128
709075
614397
393429
363229
516845
903661
795862
405327
906412
590699
152561
220574
44194
835868
440210
227819
436059
105741
840674
394857
928410
249083
371087
564568
745143
106983
943507
11010
858989
669826
160100
615029
969598
532886
353670
214183
880921
413792
312780
94736
858812
209374
932095
529991
221382
55673
200026
639741
528306
514874
511500
860639
471067
731865
788513
377844
277956
22900
568693
992661
902550
852982
192355
295589
50284
156749
67453
726232
975298
739992
267375
634561
150133
644699
779096
58440
296163
668932
876311
718875
708815
952871
400719
458473
746054
805862
7672
711421
132656
726232
896288
979905
58137
347056
644354
46741
596935
59990
717822
149166
702090
664729
704574
233777
104542
52350
194848
898699
815337
183190
784297
46741
948301
377423
104197
385403
566088
828921
635691
964074
94442
765094
699237
419071
804586
730879
160100
798703
54267
702686
869445
890099
373071
912992
326827
582579
740118
938260
772019
641711
901041
123324
94736
654910
705278
345792
560394
864065
430217
258955
659630
7403
588241
614397
17926
289666
208924
27188
15197
137788
226915
745840
633048
131758
231312
257700
261886
872461
448730
933092
846474
807841
16859
96019
565747
58709
743851
536661
714718
446834
855165
863135
345118
278476
38818
429140
833735
330819
960733
819636
35285
991036
643134
969355
520088
642742
530431
147595
785898
474855
955139
647766
588842
603908
918503
226316
5415
231312
412281
140721
601420
749413
445019
920510
152
431493
565357
205564
729254
286963
296082
978227
774299
546790
624459
853302
896997
107626
898379
673325
386106
240338
993802
392014
487676
397044
294288
296597
617671
398861
728342
382871
540651
565896
1819
219602
485985
798014
50390
197099
472688
439878
296701
837961
49527
713818
204642
700293
425671
620856
757767
614952
910658
839226
968160
956920
139292
566695
988257
78306
640317
455454
551664
609243
448494
26624
76597
862950
6684
227848
506672
596324
637845
833089
431227
621575
597524
233814
210190
473907
301737
969464
63107
177034
719017
692755
9881
32462
58709
84357
882836
44194
346208
595288
562894
969356
180074
127324
52597
323143
756831
730983
701858
144438
868568
960246
382979
465301
501042
24871
689608
165486
456775
518667
602235
149166
441872
779055
277047
495931
647804
732263
451407
322877
612913
355409
288998
956108
88146
306826
710678
793683
857016
65385
584644
560083
792666
421126
205382
957942
677905
502384
968847
349049
78618
400071
679001
242500
382946
865655
579075
638082
975075
735520
137459
817768
749871
690197
131698
822728
375828
926952
858336
66262
306360
903661
598138
137560
55348
920389
277062
200194
161703
23504
528986
107469
430642
492009
336212
226316
498936
227848
328285
349696
467398
929285
791329
976103
25647
231719
996141
736101
30643
660706
323349
491177
434321
215975
303351
147733
764755
94511
847857
100490
861993
410527
305505
249788
250197
790918
282779
80684
883884
316462
994800
346964
163901
854904
445463
441543
914238
501846
984528
961972
659630
284015
65820
552541
517109
679750
356726
86376
286024
901041
846250
81983
847821
757342
601686
645980
26413
998175
616043
435260
227750
131968
779491
785559
20786
236964
583367
565097
119708
799870
654840
7597
296082
963450
167001
213154
54526
281093
944382
179240
605119
830661
327408
4681
219762
412731
528272
863187
268891
456121
993918
78618
48086
156219
262181
255635
183037
476297
243910
535389
667515
334139
156972
568287
817014
166185
15300
42603
392935
182359
356941
199992
596221
68459
440139
771851
304486
931084
605688
251853
888037
271117
472977
533284
88196
271535
181638
43713
3959
718707
366549
698014
238690
711857
947595
760107
43139
232451
407163
409808
403182
169773
318068
917896
817390
118662
953634
455805
728743
62656
848147
532432
515635
692381
466541
766019
128650
520294
814495
280966
389610
958428
763908
261093
70708
391288
405315
539919
482585
616043
918699
649365
973985
256941
266372
845784
853005
160567
838009
129910
984171
594162
598089
802825
237083
881281
668011
100428
754261
344890
392608
604761
656762
395665
472757
188355
363311
176490
905426
959656
849679
472332
350834
474408
994387
699093
255635
333073
543580
461188
566768
144757
266570
236924
847274
105849
485793
790362
594294
977132
774069
559812
162984
301644
156238
736101
217416
49241
463889
835806
163943
234073
900937
4471
177593
560655
22887
557766
670768
810080
524203
472209
372743
432325
569564
49527
110954
254516
273627
473907
986453
977712
411536
323834
723453
463495
949109
232083
560358
431033
276398
658608
834600
339917
371289
349780
838009
129068
855126
307639
491069
442912
196458
424661
26728
751266
128227
349857
640251
329331
29984
864879
89948
25788
530183
611470
673325
371936
491649
200285
701858
573510
925495
485985
252707
616217
270722
775606
70867
682067
873368
611524
684505
365683
251679
947485
348228
520531
8034
299700
84357
446363
240193
298173
505714
384111
183822
190054
363236
404534
993918
102707
961508
805013
150045
70093
606786
833331
986929
124154
292226
169403
471075
429558
41607
187917
193024
916835
931818
596061
813300
614952
950453
714288
714655
212107
304600
390334
852456
871406
329291
236800
707528
293289
408167
43105
10066
212681
369496
856859
252915
975298
458613
851507
14589
816451
843903
695659
346558
975501
441709
653214
423778
10124
751266
15197
527353
825476
482686
550352
921960
914143
828097
406762
123946
165628
575859
988571
682067
653451
510553
733509
139356
471161
655743
403720
634926
968676
339917
760746
604069
695000
709721
402331
564799
652387
846200
3630
122243
686057
649741
744174
476989
344394
482394
407602
250633
364791
904106
414893
271346
710147
591747
865782
612913
611246
166326
628446
512847
330558
111076
380211
551333
195272
157813
852961
229544
448535
981566
707528
96633
