935328
488555
772131
366533
988133
178803
875437
83354
232214
934521
660831
362096
733911
80671
720934
373699
72614
418276
330319
381562
283518
24932
473145
232376
706931
823247
864259
954389
310465
347841
73354
701299
627471
611449
413788
851090
356643
566755
507231
822009
102793
346966
696149
347276
166484
906687
577743
231130
231350
56166
109338
519384
800184
448242
2110
316716
98209
997434
166338
219727
347698
403953
823804
217033
75982
616927
493399
165923
666667
765227
435810
978162
817046
604112
258329
175296
438629
76248
532658
790010
354170
914212
94989
118340
679633
723864
513424
284437
88647
608083
555401
231665
235950
912135
820752
483202
808938
540873
459054
463872
869302
774012
346474
562222
43948
679006
9355
242633
217545
124623
579420
951327
178493
185307
775083
447495
746917
637425
870709
703578
571055
464297
730130
303602
844792
290388
614370
621703
117741
968813
451602
234397
459761
439005
722907
613882
236480
107491
4016
831007
177225
720630
519746
774092
408452
187617
74598
715275
252796
282486
885567
491718
520481
775939
731204
953157
921082
670811
763861
464149
409670
127976
770360
456218
413272
381421
975092
675290
772764
359589
178846
492355
381199
862015
179223
133586
888520
778843
660978
71811
182271
921297
162055
906419
883839
508247
602795
451560
714006
802241
251273
534880
547985
919700
274805
331683
516203
834478
471737
178133
490813
642884
292635
718403
427630
237766
34992
915944
521076
651928
299090
897547
996434
794058
506117
897143
718084
371312
974790
188797
607365
910165
840432
607266
342568
649452
92629
97633
704741
201041
361561
525434
275844
465682
228770
987904
728208
811940
44278
423383
987279
770020
415494
584870
159169
414734
716850
791971
799691
466385
113802
564562
365549
332639
282956
815599
107311
181473
17786
417943
305542
547302
647982
570393
774949
291527
516608
695542
406008
647145
354466
282797
726707
336446
881258
608351
767888
123588
522814
835604
569506
475218
31972
456945
895613
860911
962266
779230
525357
570709
751500
197731
588006
211181
405134
843162
814718
431000
588430
377060
539599
16474
891268
865313
29896
682340
101746
71232
937375
115769
161534
400010
314428
296459
217215
785956
781340
934845
307086
929559
776981
887601
600529
253629
95596
461625
658875
461923
273452
829318
45779
291541
552475
954639
579038
756506
975418
38576
452848
283717
645653
249148
698249
189525
827070
605641
430338
950719
130315
997434
65773
790132
479372
298246
906474
900486
776505
683200
14267
688528
623518
651335
332483
767888
846857
993147
512084
641857
743376
4888
661127
842405
270142
78124
833777
629810
240043
54207
195899
109992
541997
711239
465957
298059
638420
317638
540873
792239
433058
326700
158032
970475
365804
502111
103399
348298
496000
8387
217709
10219
197644
369961
192035
69214
41548
623859
654448
687240
679977
751505
23314
7943
199808
635572
67867
654017
525295
136124
115479
860659
964748
676206
566006
244294
229311
236568
42431
911750
569886
64653
939470
185758
342891
870394
787690
456945
39835
463076
754354
257493
223652
78269
831125
814861
933057
199185
722593
763911
136393
718565
104088
816749
708025
908568
443565
284267
443832
972672
372697
502726
522946
563561
984943
462309
35578
334919
207287
525462
506160
682822
71232
999907
117669
537306
257647
363660
217329
811285
269349
441703
159186
766645
965353
596448
299064
259339
358197
974630
973563
542950
212786
858056
725154
277221
500027
249487
119998
649929
401659
469502
293642
260567
898218
237054
675490
44824
456072
607005
796459
462744
514571
17589
627311
433281
835048
307430
841809
563561
95446
920927
214172
448577
774228
798990
526378
63375
120504
643216
461866
341006
587127
640693
742217
445722
550272
294886
832152
898062
57076
991981
248463
30402
626384
350806
673186
589689
267009
259411
558632
145957
507803
577755
608286
94093
292110
368488
914280
522254
638649
326096
681197
515231
309268
273733
590518
544407
932107
62541
768354
254168
891774
649712
155226
33639
260752
167312
841178
278867
184367
292354
784808
51178
576901
861381
973637
990002
169769
615991
447018
827728
433565
292076
716151
754991
145377
226334
293305
817257
848985
552331
421986
218179
122990
398127
73582
144120
582659
141299
20649
631386
930023
820875
957916
350440
237321
202510
275249
100067
275249
559606
460228
894030
191361
449132
177911
996114
29902
846292
486115
446048
169509
756294
145857
759315
243168
138136
409167
131637
390496
658204
745780
10826
701820
467178
141095
848851
28243
467475
842899
103794
617807
840320
38858
296208
367851
818927
658113
981618
390237
28791
503472
442826
326172
604835
943694
492896
627667
57795
452524
340997
398244
722345
342131
883269
571298
437613
789357
125160
447974
870772
663302
87030
964847
216150
81013
66947
379884
21688
782036
190067
72401
5347
332256
675513
741138
166376
442451
85046
302797
553293
45242
677626
196317
705698
770200
24892
793209
757857
439632
358410
417937
11434
934088
154551
209045
761682
367792
928478
465509
963956
46697
631718
855516
474736
609748
474904
986474
642534
402021
105078
731218
60197
661019
504842
393056
105329
594488
115448
915694
149029
721549
986190
280513
436847
399140
319860
371728
86762
622496
583884
813808
309952
575529
410241
755107
608278
221112
529326
386509
199043
929601
12751
496573
180955
713589
824996
747847
557489
69696
592713
178094
277891
480291
840670
6456
338518
873997
174820
451969
387699
352935
909822
528277
642448
693393
422010
544407
421483
65331
557499
588637
596461
776677
54125
997644
396944
613763
664340
418679
967007
598352
987904
444830
391346
850759
631768
392161
717874
519746
28791
226686
415625
383659
398388
227143
70721
769001
685667
27390
170102
269349
238376
199779
445347
873295
997671
49230
418679
480671
356157
228415
221628
977909
829176
235200
704490
681516
349657
912861
306410
912051
941092
411776
151254
189343
644262
28882
614778
99562
831007
886092
341603
669572
741976
204613
971016
430698
117297
18580
108225
494311
386927
992631
386608
818305
804435
644005
617394
388213
406452
73192
587935
980294
963020
365848
712076
814568
110418
523620
280232
843871
802241
441144
277918
938910
210415
749277
529901
664470
734532
473918
661427
698079
636916
26434
22951
765033
438629
658804
392403
813665
270642
65027
753890
851388
22369
539790
832918
572505
999976
300377
545220
357558
305194
839704
247595
731069
392799
885615
278993
49750
312081
235274
321239
501286
847470
661329
727022
665802
65773
67445
812691
581352
807780
599494
85197
56824
988669
484262
409667
737114
109809
448655
852664
359369
652703
465563
643479
574593
184669
209074
862421
617389
161654
746070
964860
986885
728357
325868
534003
95083
709445
363608
949995
859165
870881
724636
893203
691935
230244
995904
170310
638713
923066
752286
320140
734426
615120
521074
274444
887400
530595
507163
758973
320069
811108
249674
630106
988560
888098
763249
512336
580961
494311
539178
982743
151088
675053
214680
845722
