513166
968170
772131
366533
988133
178803
875437
83354
17615
934521
660831
362096
733911
836635
39085
373699
72614
418276
704549
381562
564190
24932
473145
919480
706931
823247
639329
954389
310465
332155
73354
701299
880730
633811
893669
909752
356643
269677
507231
822009
946399
346966
696149
439100
166484
906687
577743
231130
231350
56166
890757
519384
800184
448242
2110
316716
98209
997434
802577
219727
347698
357593
357026
217033
75982
616927
493399
143832
666667
996367
509615
978162
817046
604112
258329
175296
287199
76248
532658
790010
354170
914212
94989
118340
679633
723864
955209
284437
427688
608083
555401
231665
235950
912135
820752
413767
808938
540873
459054
463872
869302
121261
346474
562222
43948
679006
9355
242633
688399
124623
387919
951327
178493
52079
775083
447495
746917
637425
828458
703578
968304
916012
730130
303602
235825
290388
471363
621703
117741
968813
451602
234397
459761
439005
722907
128679
921553
107491
528023
831007
136650
459648
519746
180406
161875
319433
995925
715275
252796
282486
641402
491718
520481
775939
731204
953157
642377
670811
763861
464149
409670
127976
770360
456218
413272
381421
975092
698353
772764
359589
178846
492355
346334
862015
179223
133586
852054
778843
660978
14269
408240
719977
162055
162756
883839
508247
602795
451560
714006
802241
96699
534880
547985
919700
218684
331683
516203
834478
471737
263695
490813
642884
900674
718403
427630
192035
34992
915944
521076
651928
299090
897547
996434
794058
506117
897143
718084
371312
61190
188797
914729
910165
840432
494747
301304
649452
317822
97633
276877
201041
361561
428382
887469
465682
932785
987904
728208
811940
44278
423383
987279
287661
291324
584870
83900
138494
716850
791971
857511
625674
113802
121476
365549
332639
977495
815599
123008
316307
17786
17904
305542
547302
966107
570393
774949
291527
516608
695542
8939
647145
354466
282797
726707
862087
881258
119688
767888
794790
199317
835604
569506
475218
875940
456945
910856
860911
14935
889377
525357
99823
751500
693732
655739
211181
405134
849312
814718
431000
588430
377060
539599
754275
891268
865313
29896
682340
101746
71232
884834
12751
225900
584695
314428
296459
983893
158836
781340
934845
307086
929559
546041
887601
235200
253629
95596
935582
658875
461923
273452
829318
45779
291541
552475
954639
579038
684303
975418
38576
953872
283717
645653
547244
726143
189525
827070
605641
430338
950719
704490
997434
65773
149569
4358
337636
906474
72652
776505
683200
14267
688528
792563
651335
549299
767888
846857
593603
512084
641857
743376
617324
661127
842405
654635
78124
833777
629810
240043
54207
838580
109992
541997
711239
465957
298059
638420
864894
292017
792239
433058
744382
638347
970475
365804
502111
971693
348298
496000
8387
217709
845535
966953
705473
192035
69214
41548
971079
889220
687240
679977
751505
23314
7943
551824
953819
211732
786696
525295
136124
810706
258496
964748
394528
566006
244294
229311
236568
42431
176110
569886
64653
939470
91741
143936
870394
787690
456945
271777
210591
667444
257493
223652
78269
831125
814861
933057
199185
722593
763911
136393
718565
104088
504378
708025
908568
443565
284267
443832
799035
372697
502726
139942
563561
559548
911043
35578
334919
323
525462
506160
682822
71232
999907
305878
537306
257647
834141
71529
811285
269349
158757
582728
766645
965353
596448
299064
259339
358197
974630
973563
542950
13783
173295
725154
277221
500027
675943
119998
849596
811774
693779
293642
690801
898218
513781
675490
44824
707879
438636
768158
462744
514571
17589
627311
433281
221572
307430
664974
563561
639816
501132
214172
448577
774228
798990
541574
63375
278914
643216
461866
341006
599798
640693
240399
445722
550272
294886
832152
898062
683632
991981
248463
30402
626384
350806
673186
589689
987927
259411
867197
145957
507803
577755
238393
183171
292110
368488
49091
522254
638649
326096
681197
515231
776857
273733
590518
544407
638196
62541
768354
254168
891774
649712
155226
33639
260752
167312
841178
278867
184367
292354
784808
51178
576901
861381
973637
990002
169769
260954
54421
827728
433565
292076
716151
754991
749495
226334
293305
817257
848985
270030
365691
218179
122990
398127
73582
144120
940145
798081
517288
631386
930023
820875
957916
350440
237321
321165
275249
297980
275249
994261
460228
896011
256180
449132
771045
560223
29902
277028
486115
446048
169509
756294
145857
468101
366128
138136
409167
131637
390496
490938
745780
10826
931674
806525
141095
617603
28243
467475
842899
103794
617807
840320
38858
296208
367851
792832
658113
329470
390237
15475
503472
305171
13233
604835
943694
492896
627667
57795
452524
340997
398244
722345
342131
236813
571298
437613
789357
35843
447974
878459
663302
749495
822099
216150
270121
66947
379884
792448
806429
190067
72401
29353
332256
675513
741138
166376
442451
85046
302797
10162
45242
677626
196317
705698
770200
24892
793209
757857
439632
9703
354939
11434
174174
154551
340072
761682
182193
429021
465509
963956
46697
999780
855516
474736
609748
474904
986474
244429
94362
735842
731218
60197
661019
504842
393056
105329
594488
115448
6005
149029
721549
180321
280513
190323
399140
319860
158572
86762
113929
583884
813808
309952
575529
410241
755107
608278
221112
529326
386509
199043
929601
12751
496573
180955
713589
824996
747847
621971
69696
592713
178094
277891
480291
840670
6456
655719
557462
174820
291865
387699
649939
909822
249709
642448
532851
290388
544407
421483
65331
557499
588637
596461
776677
54125
997644
396944
613763
664340
418679
967007
598352
987904
444830
794210
688443
268054
151885
717874
519746
28791
578270
463562
383659
398388
227143
370932
898400
685667
51908
170102
269349
88161
209965
533675
873295
997671
49230
418679
804195
356157
228415
221628
259962
829176
235200
704490
681516
349657
912861
306410
808273
941092
411776
151254
189343
644262
28882
98003
669516
831007
886092
905664
669572
741976
892246
971016
430698
117297
18580
108225
494311
386927
992631
386608
462154
804435
644005
617394
388213
406452
73192
587935
980294
963020
924944
712076
814568
166007
523620
280232
843871
802241
441144
277918
645741
210415
749277
408284
664470
734532
473918
62046
698079
636916
443994
565591
361074
287199
658804
131254
135230
37474
65027
753890
851388
22369
539790
832918
572505
999976
300377
545220
357558
305194
839704
634451
731069
392799
885615
278993
49750
312081
235274
950806
825596
847470
661329
727022
665802
65773
67445
113776
581352
927751
492819
219417
976872
655789
241768
409667
737114
927148
427491
852664
411191
652703
152653
221593
35572
184669
209074
862421
364747
161654
746070
964860
986885
728357
851782
87838
810653
349987
363608
57498
859165
870881
724636
893203
278550
230244
579224
170310
473787
599047
752286
320140
734426
615120
521074
274444
740249
530595
313633
758973
320069
923125
752366
630106
988560
362375
133241
512336
580961
494311
539178
326068
151088
675053
214680
845722
