513166
968170
772131
366533
988133
178803
211986
684875
17615
934521
42312
362096
976786
892619
457983
373699
989349
418276
119636
381562
253391
24932
473145
666179
706931
823247
695340
954389
310465
5336
73354
701299
847303
633811
893669
142412
356643
269677
507231
822009
946399
944877
696149
966840
166484
906687
577743
231130
289824
56166
528511
793388
397937
448242
578696
316716
506160
739246
802577
903473
347698
357593
357026
217033
201
616927
932439
708871
666667
996367
509615
123611
817046
50167
258329
565861
977129
76248
532658
790010
354170
914212
94989
888848
553213
335517
762511
284437
427688
608083
555401
231665
496367
912135
938558
413767
845422
65451
459054
463872
869302
121261
930448
562222
43948
667685
9355
729003
688399
124623
387919
951327
178493
566709
154986
894106
746917
363661
826365
703578
264025
793026
87487
303602
126895
290388
471363
621703
877207
319243
497032
234397
459761
439005
92688
128679
921553
156872
528023
831007
136650
459648
519746
180406
161875
319433
890065
715275
252796
282486
641402
491718
422159
775939
721549
953157
753341
670811
522415
84022
409670
39440
770360
445164
413272
970924
975092
698353
886762
359589
520921
188044
346334
533850
19707
133586
852054
546378
660978
14269
408240
719977
162055
273268
744826
859717
278464
677224
558845
802241
96699
534880
547985
919700
481277
879778
516203
834478
695049
263695
233605
873524
412046
204593
427630
192035
859974
870836
521076
651928
299090
897547
614122
794058
506117
897143
420265
371312
361184
188797
914729
761925
840432
493284
301304
921139
606154
643056
276877
201041
361561
428382
756206
465682
932785
589114
728208
811940
445635
423383
914513
287661
69639
584870
826037
611201
716850
59575
387259
552616
72503
91284
915093
359348
977495
815599
123008
316307
17786
17904
985190
431756
966107
570393
883976
291527
516608
292190
8939
647145
354466
282797
799982
862087
881258
290696
767888
588255
199317
787481
569506
583383
875940
456945
462932
784111
933475
889377
32944
99823
829357
693732
989029
604443
310970
849312
814718
907681
897598
377060
539599
754275
891268
865313
29896
495711
101746
71232
563968
12751
225900
933820
404914
234313
983893
158836
781340
934845
518318
598125
546041
906705
235200
253629
95596
523401
658875
159865
229367
829318
286404
618083
552475
954639
887712
684303
975418
131810
953872
721749
645653
525786
726143
192292
822500
327451
430338
899897
704490
997434
583023
149569
612832
212280
289691
87300
776505
683200
14267
688528
623201
651335
549299
767888
846857
333073
512084
238686
743376
617324
451284
842405
880225
78124
833777
629810
240043
54207
838580
109992
963652
711239
790840
298059
68318
864894
292017
792239
433058
276567
638347
970475
365804
823493
971693
589251
496000
8387
217709
845535
966953
705473
192035
69214
433576
600452
238760
687240
679977
723239
23314
920168
622495
953819
168986
786696
525295
136124
810706
258496
964748
394528
566006
244294
791194
236568
42431
387829
70052
64653
939470
226069
449952
870394
225969
456945
254636
210591
667444
257493
223652
157158
831125
282653
984259
199185
722593
369077
92815
463805
456766
504378
708025
908568
443565
400045
443832
799035
296209
175092
466925
563561
320654
866532
894663
723940
323
461022
983957
682822
71232
999907
305878
274963
993629
834141
328823
980488
118908
741752
728857
932694
965353
596448
299064
360524
358197
974630
703520
542950
13783
173295
725154
202789
140113
675943
355712
497883
235430
833955
340165
690801
898218
638443
675490
44824
707879
723071
768158
462744
514571
17589
233509
433281
659141
307430
914284
563561
758229
501132
214172
448577
774228
883300
541574
65392
278914
826603
461866
852473
599798
31339
240399
445722
550272
294886
441485
222551
683632
41027
248463
30402
748332
342667
463385
589689
987927
69639
398164
145957
507803
918787
335055
183171
292110
368488
49091
329620
638649
317631
681197
342411
790842
273733
590518
637585
16446
62541
768354
254168
701240
649712
155226
33639
260752
167312
841178
722117
184367
292354
784808
838747
576901
861381
973637
990002
169769
178453
54421
292172
433565
292076
526956
754991
749495
226334
293305
817257
848985
270030
365691
965681
122990
398127
73582
144120
940145
798081
517288
631386
930023
820875
637735
848947
279431
968306
275249
307470
579830
994261
460228
896011
256180
449132
217974
560223
29902
277028
486115
331829
169509
884434
145857
95212
366128
138136
522756
777019
390496
541183
745780
10826
947117
122816
141095
617603
28243
724301
842899
103794
617807
258870
38858
516003
66804
130637
774047
329470
390237
15475
981483
305171
197559
604835
124161
492896
572400
760268
452524
340997
398244
722345
342131
236813
944405
567969
789357
118645
447974
475280
375134
749495
822099
216150
389051
66947
939266
792448
906062
101568
72401
938979
332256
675513
741138
166376
442451
85046
302797
494435
87678
677626
196317
705698
770200
24892
650725
757857
439632
204133
354939
11434
174174
154551
425258
761682
502798
429021
465509
963956
46697
999780
855516
467748
936789
474904
495355
591388
94362
735842
856425
60197
661019
504842
94908
105329
550515
34965
6005
313607
721549
707657
726959
190323
678514
781340
158572
86762
113929
583884
414400
309952
575529
695393
755107
608278
221112
848653
386509
199043
929601
12751
255024
180955
820278
824996
747847
752083
556162
484248
178094
350900
480291
439386
490053
945186
143665
174820
962960
387699
649939
909822
266173
642448
819233
672987
637585
898862
65331
557499
84704
596461
776677
510416
997644
396944
613763
342664
873214
967007
524922
589114
444830
794210
64888
268054
151885
717874
519746
15475
110775
377635
551911
282684
227143
122216
502479
311178
93716
281476
118908
175571
226134
533675
873295
5188
49230
873214
804195
411843
71964
221628
310012
829176
235200
704490
24155
349657
912861
306410
445734
941092
411776
352501
189343
810765
28882
98003
517503
831007
886092
905664
669572
741976
642762
971016
489641
117297
18580
702315
526131
386927
992631
386608
462154
804435
644005
617394
388213
406452
73192
587935
980294
565938
924944
25735
814568
166007
46862
280232
843871
802241
441144
453689
645741
673432
749277
408284
619854
147236
473918
700382
698079
177454
443994
488402
727797
977129
828667
131254
231251
37474
65027
753890
851388
552265
539790
832918
768058
723771
569174
256914
268929
305194
839704
927466
731069
392799
414762
491942
908103
312081
888224
950806
825596
847470
601714
682621
665802
873860
64223
113776
581352
609284
304143
219417
976872
346140
241768
409667
737114
481881
290191
852664
411191
311140
152653
541688
35572
184669
209074
862421
245238
161654
746070
964860
143853
728357
851782
293669
512542
349987
891272
57498
127493
945609
724636
893203
278550
230019
720395
170310
473787
775072
752286
56794
734426
615120
340216
274444
740249
530595
313633
758973
694306
235810
472964
737652
174859
362375
133241
114583
523735
526131
539178
326068
151088
871802
294278
845722
