345596
989039
9061
366533
974855
511711
32656
684875
24933
215904
985272
439970
733911
103442
381898
327142
839617
418276
987155
322834
835378
902135
156466
610909
706931
659695
754944
126080
815805
347841
299188
882744
879829
611449
413788
851090
356643
123375
507231
688925
102793
346966
611508
607052
281116
572163
748685
95877
780488
957521
109338
648441
800184
216213
2110
316716
351347
537656
356498
289330
945004
638866
122171
53322
53846
616927
833697
324183
36929
942175
509615
742704
763116
604112
967311
448912
186271
486928
652849
776468
814208
349939
866594
474705
679633
899121
916777
685010
88647
869577
767434
781175
235950
345289
199272
483202
808938
540873
591693
902059
869302
121261
620319
562222
368167
595257
347652
953986
836924
187460
387919
951327
740004
185307
775083
270716
779528
363661
828458
7652
33198
845574
604641
661532
938205
279864
804987
771871
117741
11271
352910
234397
920012
607505
606415
869752
806545
530675
548117
30644
546876
149594
204370
156149
161875
483292
606988
715275
495744
282486
885567
487149
139170
280226
19095
953157
642377
857803
827501
676704
561235
24321
748703
454993
413272
300282
30158
698353
526380
672874
951540
492355
937578
443743
183658
133586
10152
272518
804043
891612
182271
292221
43613
789345
803606
508247
423851
369049
620182
802241
96699
614933
622156
376615
218684
391990
516203
526151
282664
604981
654021
905107
652738
857699
321887
814453
859974
644642
521076
446072
299090
691644
996434
542367
953979
881401
329065
588805
259165
188797
914729
383898
641718
494747
301304
649452
123542
651720
405680
964442
887044
394226
673471
465682
986293
987904
673685
986828
488490
290213
987279
796604
259411
940420
928323
661346
685436
481535
935946
768378
757161
564562
365549
474840
205808
81144
123008
181473
372198
350845
115021
186975
948975
570393
469874
909993
516608
209766
670428
907292
731430
170660
87199
825273
347241
82679
767888
794790
199317
103537
283688
778480
875940
871834
916345
806286
557054
724437
601099
431080
674577
693732
820239
370801
675977
494628
508866
134956
475877
308617
584686
907139
266439
27403
48836
523046
633539
788229
689883
850292
312813
400010
411992
25726
983893
374593
319860
905698
327502
188514
620658
5700
974244
698198
95596
812989
804110
142902
542868
777281
808956
644320
871011
42077
572465
756506
799712
433447
587659
593603
770428
645083
916676
399027
827070
68624
956508
989712
704490
537656
873860
790132
740694
351469
275573
866630
691290
314980
360341
932022
623518
582063
332483
767888
771998
593603
10808
641857
563257
330098
451284
977890
961147
658405
833777
629810
418748
374455
838580
300940
288915
711239
373815
256963
156795
715829
415502
792239
548649
117406
69668
970475
17963
282484
971693
376500
660483
511840
217709
650960
795005
11393
814453
658623
315167
311566
654448
216593
341877
497907
576118
620353
940042
494287
67867
654017
488893
879715
916777
622514
975370
580427
996122
315740
694244
416807
203090
786731
988849
538364
163949
797506
442292
562216
787690
871834
912696
958685
355163
561651
828254
83273
566132
471852
933057
19223
510991
473978
19539
722501
482913
95801
562222
426924
204110
251607
147616
561439
346297
681937
718323
212932
508677
7652
736519
369040
983982
3726
351347
682822
788229
713275
333873
776011
857550
675054
534051
79098
269349
357204
582728
11730
691143
622461
406266
99680
624941
499922
564000
223642
288663
644679
708201
516195
522439
853701
964084
540974
180665
833955
486843
789466
898218
12769
144477
586934
214743
438636
768158
843715
514571
587676
749478
720786
764773
913946
664974
212932
536611
920927
214172
478463
154565
271413
541574
63375
921723
304054
638588
854800
340345
257751
75093
836924
550272
194834
996729
898062
868070
991981
436945
229032
626384
777980
758800
546271
144858
259411
683291
145957
507803
918787
380441
121928
913716
368488
914280
315003
897666
329177
328337
983877
2355
98522
590518
355752
932107
849587
151579
254168
819096
316065
291280
973745
250797
873084
148064
278867
851963
75338
52531
357284
496230
207505
672803
793453
169769
85322
593845
725441
78927
292076
892681
705013
972557
226334
293305
985784
329065
552331
969837
131214
750457
561235
871153
656069
466598
830671
461844
398387
383304
776444
913946
994638
332678
145916
275249
344982
275249
559606
149157
991099
191361
363288
982463
913383
937216
759433
486115
888031
304179
334170
423481
221076
369871
732647
409167
811410
82213
658204
846397
903932
900574
448970
69301
392273
656153
966239
476867
162065
31890
859454
771740
483183
367851
792832
476655
213675
895362
28791
503472
669158
245813
604835
733397
492896
627667
943536
797397
326439
646442
249283
348078
60962
134058
857876
556633
55842
447974
870772
440208
972557
299638
68311
81013
547430
918825
21688
863849
411311
771746
29353
632764
382361
252652
570834
442451
378491
577501
553293
550443
344872
490985
796083
704631
264976
577804
841004
92576
9703
400128
12508
911729
126313
292625
158465
407846
357291
465509
963956
378635
157319
855516
57615
21469
970691
57946
479397
748213
531400
368793
587856
437561
789029
144477
177817
51216
20554
6005
351469
19095
986190
689237
419592
678514
319860
963004
244435
622496
583884
813808
908693
628113
227513
73037
71768
155895
682990
835843
370105
929601
850292
496573
882955
713589
735587
796471
557489
758951
592713
178094
277891
439305
439386
866796
729852
557462
133907
214337
467987
762435
43350
266173
637047
693393
279864
355752
764075
404947
306083
588637
37042
776677
551539
997644
50226
948917
199469
928370
939473
360190
987904
71829
790317
950319
122302
392161
26020
204370
28791
118662
610554
334170
71949
288925
268214
686379
685667
518087
329466
269349
229684
226134
95801
633929
477070
49230
928370
523644
356157
748879
997606
259962
829176
974244
704490
24155
87190
192528
306410
195665
941092
411776
437074
257007
845422
874306
614778
335017
30644
369661
905664
461844
731447
892246
607476
556928
734646
18580
985466
494311
299649
252520
340771
23074
502352
185982
746908
388213
368167
715469
572163
651422
619187
930634
66492
236631
724437
523620
609806
757199
802241
940741
403279
423017
71268
527806
146475
752150
691809
535288
140985
929966
636916
783370
71967
170208
186271
527509
55610
270702
900657
324556
753890
234687
327087
823621
691994
329065
821749
976583
555395
357558
118652
775107
927466
731069
181703
423224
650282
49750
142390
768342
950806
442017
376835
958696
682621
249614
873860
67445
454993
363327
544017
492819
322841
454780
845497
122007
315852
240010
273941
796154
212911
383304
808771
465563
221593
138974
482865
674324
634668
585003
916347
45951
156748
137653
517948
985029
541940
423527
704305
363608
948736
840019
960360
369661
604196
220299
399884
196196
900976
351904
112672
752286
558714
734426
7295
521074
12347
56270
530595
840686
783490
320069
923125
752366
225418
791242
888098
763249
961192
401802
494311
714523
685107
717315
558726
375111
44678
