436709
897041
549161
661341
714977
140213
27725
713404
393115
507165
663468
31209
344472
310495
149629
93221
882149
892510
374216
184020
215266
106627
998527
829408
755117
445218
865403
392860
711794
443493
226018
827704
737243
443816
987080
386052
61882
642649
474708
541173
482210
303081
543198
518894
876371
377137
587729
732873
830190
259021
590932
333522
787564
657125
345301
991787
727189
333529
337053
221556
259507
812170
157765
116657
949514
92467
226541
933120
874381
498683
929499
627322
584245
404909
547569
694039
1767
587865
315077
985280
70826
414027
309685
713946
488217
123970
544161
159573
826711
84619
799203
602658
802599
117925
912989
960721
308112
222093
958138
654975
92433
81802
553629
292296
181108
512624
391966
201891
960975
456294
529403
383752
927939
827540
79362
816072
267601
834948
814727
722779
994117
664013
265542
555457
928149
201281
368696
879122
959660
57217
15528
218438
649940
277567
510063
142071
894532
129359
473290
542707
521390
224219
908881
735277
706392
969256
991227
908686
120500
408436
394602
382639
848257
427184
423336
48233
300631
629646
843702
760725
500063
532020
733003
936321
966815
827946
968692
996265
373802
33119
803552
841895
451721
577419
122896
538975
771976
214536
997410
191182
183593
724975
360719
832591
383951
776970
954811
586708
453396
823107
561220
3888
654930
836903
619215
839484
364815
990699
733003
35656
305007
502393
811538
594991
385100
506411
191341
806865
384917
360865
792236
74974
209119
102304
512716
82180
797880
615722
336707
33822
10228
245303
155105
426167
570235
111933
420107
649536
523372
151826
47630
398408
251036
752948
264024
493525
2570
834061
716760
252888
209258
568156
920247
136603
202882
580560
173678
137272
738899
397190
21906
24542
353355
730495
541821
520870
607256
439043
546463
558935
573499
593772
276691
743143
345258
564857
893958
575934
734393
64773
711537
245761
143600
96060
365415
518812
216705
421044
374587
948294
688917
939017
809286
738062
226353
515938
838987
222589
32670
354934
735277
308514
356213
814306
254016
649103
639200
129412
69431
527309
650456
971649
80026
54822
572673
899218
319560
695886
511168
817504
969543
516908
178571
117567
602205
158866
194479
704645
361153
602414
669018
182270
341100
135505
610007
192205
894608
115305
137770
788653
35905
476474
528085
836697
46077
757342
354051
798474
48901
67225
276518
892239
914980
9645
332301
995817
871982
118025
267920
223228
677648
119335
351800
928149
715872
749218
761020
960721
541821
273390
446966
21885
447855
477575
209859
540957
221603
133137
597330
747361
532470
526892
648067
142385
169033
516723
962925
322033
754028
672258
914620
596849
456512
916718
432756
560687
627169
378748
38764
398118
693489
253566
936175
677672
154207
704101
694205
319976
300659
195774
12891
341100
262709
706629
772705
426174
680810
603288
87415
76043
696482
660016
256630
686913
602759
236191
897072
110901
718618
350521
30770
745578
120873
562015
453669
64667
199092
623299
147457
118505
225146
449347
985165
136293
76016
237741
785547
778978
591267
597991
512100
532984
194613
5826
76556
89583
898095
175095
909688
569197
630706
542707
64023
306484
835555
104526
674577
170467
411947
586044
338158
858750
191975
20168
538324
477072
353725
808967
630155
477610
398875
335167
69291
136332
783746
920133
83303
363665
115514
291660
976235
335631
825273
634408
178214
356477
629506
644862
394677
512794
644725
39192
698397
798659
469669
312347
943402
414817
113671
880884
340804
108015
490812
424603
644862
497547
769335
225727
578312
162716
712126
446059
25156
444052
535383
740016
790062
135953
480501
213189
160934
286451
932950
200145
40748
34876
803552
778393
41696
258820
267601
447182
817541
227204
309192
722532
249491
635960
792859
590007
674746
435915
195291
951546
69263
74252
604961
886865
257089
341907
53419
979584
692690
774863
677223
482792
841409
674033
267479
275365
551443
470883
658031
390753
786252
96044
569190
758574
398446
71766
399783
135173
840914
197459
813745
890379
494585
25319
964571
946305
704579
186172
682840
408761
552564
500898
181567
487401
601780
133974
333920
640961
298513
906219
964091
28829
578067
227760
915498
949165
32186
115440
98929
642560
133215
929835
422854
672391
513166
102657
834539
923040
84607
533401
869857
655122
20401
341744
288783
973039
749777
534588
434323
171130
394805
843550
679959
224820
450921
67849
303081
201939
464154
567434
837614
954761
457885
653553
140267
730492
598710
78144
287237
257756
809982
830538
259045
278208
391452
71892
360770
772105
190406
975700
843782
896546
913435
562550
882765
516822
48780
567024
410402
799506
252078
918596
451049
622350
539163
497388
679606
29962
16761
98022
397595
451228
647740
799881
376679
54657
782223
873302
340496
934932
376236
204554
950334
54796
993397
622711
678247
443872
10279
407248
64579
18971
93656
16944
305007
785419
598252
992822
413567
402196
225146
767171
983894
664401
581808
540637
266752
58093
987398
11713
854681
957699
570402
706939
14249
869513
725692
288700
446429
433575
24693
867392
469476
235605
729335
263459
196566
390102
456617
928220
235979
353355
425992
407196
638817
959898
489837
66421
473275
590761
519538
682840
907407
783334
364759
969794
822301
815541
997566
407241
903516
392849
931535
368490
442480
587841
714716
509412
224575
413525
495391
266752
702611
606184
22817
792859
107718
947987
316759
998712
120760
283600
630602
12358
917333
705362
620416
924272
276895
30370
386975
227063
205190
180835
662461
275001
12358
770424
849423
371036
574648
643443
466798
83303
494845
16776
518723
358459
203243
199560
999792
140913
836923
413517
732316
381097
249892
305098
759295
539803
918576
196566
863742
535786
15823
475211
184881
634220
414051
737714
564974
569425
988082
630915
572471
883795
153643
533533
493487
158988
18431
523481
55783
124589
800686
333522
771796
365415
271400
546334
471567
954310
56631
585397
590366
76360
964300
340804
19677
976780
59732
456687
299455
456425
544457
818702
259000
244252
998155
475606
287125
583491
269655
150138
935861
177388
329007
811158
414023
777994
880111
625988
326342
238435
278951
399686
789085
549063
843500
947512
719537
633333
691128
558949
115117
904089
82826
265358
263710
482093
800017
849423
550625
293830
440451
993726
429137
182338
559117
473275
306292
380231
995160
490733
519767
674018
471924
451537
376492
151899
457752
994301
793888
965298
866866
804682
281024
194776
307401
813053
171949
712678
459649
607914
62335
105502
20483
630706
198278
347525
644781
489668
872751
281166
294873
955911
458817
385956
119418
999607
114999
484935
391966
28581
865516
256656
174250
542402
812248
610644
173176
484816
797361
708652
134722
566215
304610
99958
588511
72652
836746
442237
436151
478950
585496
884112
724182
814991
414023
986937
146064
226353
937754
767483
988384
136332
664458
234515
129620
447855
366530
64667
15678
670146
841239
99510
456687
310033
858516
689205
627901
441165
603802
586693
453784
343827
