531453
897041
549161
192028
714977
290668
354906
713404
393115
507165
663468
516206
344472
310495
149629
575187
882149
892510
470317
184020
215266
106627
998527
829408
755117
445218
865403
392860
711794
443493
281614
827704
737243
443816
139820
386052
61882
642649
778978
541173
482210
77504
543198
518894
226385
377137
587729
732873
830190
259021
590932
333522
566929
657125
345301
991787
727189
333529
337053
221556
259507
211078
157765
236837
761742
92467
226541
933120
874381
498683
929499
627322
584245
404909
547569
694039
1767
587865
315077
436041
70826
414027
309685
713946
488217
123970
544161
159573
265365
84619
530869
602658
802599
117925
912989
960721
308112
956949
958138
202493
81808
81802
553629
292296
181108
512624
668510
201891
858318
456294
330833
383752
927939
827540
79362
874298
267601
834948
814727
722779
640083
128660
265542
555457
928149
794087
368696
276677
447398
416646
816175
218438
649940
277567
724230
142071
894532
701053
473290
542707
521390
376970
908881
343546
706392
969256
991227
908686
120500
408436
368518
382639
848257
435797
423336
140012
100871
629646
843702
760725
500063
535215
85380
936321
804239
910687
968692
996265
373802
33119
732914
841895
451721
942191
122896
3038
771976
214536
997410
191182
183593
352014
73707
554182
515486
776970
954811
586708
896227
823107
561220
3888
654930
836903
619215
839484
817503
903129
3778
915397
335950
502393
811538
594991
385100
506411
191341
806865
859584
523853
492290
74974
209119
102304
512716
45521
797880
615722
336707
496831
10228
245303
155105
426167
570235
111933
296334
649536
523372
151826
905623
613449
251036
752948
264024
878844
2570
834061
716760
252888
490094
568156
920247
136603
202882
580560
50091
137272
738899
397190
21906
24542
816121
730495
539821
41528
607256
697859
546463
558935
573499
487816
276691
943711
345258
755036
893958
575934
734393
64773
108235
505455
143600
96060
365415
518812
216705
421044
374587
948294
688917
939017
809286
738062
252121
515938
838987
222589
32670
354934
735277
788604
356213
814306
754461
649103
639200
802892
69431
527309
316868
971649
80026
54822
223737
899218
448778
221135
511168
112222
969543
897082
178571
117567
602205
158866
194479
704645
97870
602414
669018
182270
341100
916790
610007
192205
894608
115305
137770
44090
183788
372714
528085
375242
46077
757342
556864
798474
413
67225
157320
33646
128216
9645
945883
568386
871982
118025
267920
863187
677648
119335
351800
928149
960375
749218
761020
293696
539821
273390
117968
21885
447855
477575
731797
540957
221603
230402
597330
747361
532470
526892
648067
142385
169033
516723
962925
322033
754028
402505
205089
485166
456512
916718
694179
794740
627169
276213
38764
398118
938580
253566
889336
115629
154207
704101
940782
319976
861130
195774
12891
341100
262709
706629
772705
546975
680810
603288
115568
76043
730850
660016
256630
686913
602759
236191
124350
110901
718618
350521
30770
745578
120873
562015
458156
347350
988885
623299
147457
118505
225146
449347
985165
136293
51470
237741
785547
778978
591267
336701
512100
532984
37347
5826
320830
686393
898095
175095
447575
569197
630706
542707
64023
333773
372615
539727
674577
170467
411947
586044
638210
858750
191975
20168
538324
701313
353725
881633
630155
477610
398875
736845
69291
641905
783746
920133
83303
363665
228699
291660
976235
335631
825273
634408
30055
356477
629506
403566
394677
512794
644725
39192
698397
798659
469669
570368
687715
414817
113671
414990
340804
47484
490812
424603
644862
408576
769335
225727
107389
162716
950683
446059
19478
444052
890423
740016
413808
135953
480501
213189
160934
169382
932950
200145
40748
34876
266535
437596
172053
204557
267601
447182
560664
227204
309192
207718
576707
635960
792859
590007
674746
435915
195291
717156
103584
151007
279227
886865
257089
665558
53419
979584
692690
406257
677223
482792
166501
525630
323743
275365
551443
470883
483777
601503
781139
96044
569190
960402
398446
71766
542645
135173
840914
555506
632231
890379
494585
25319
964571
946305
938154
186172
682840
408761
552564
500898
181567
487401
272073
491279
333920
899944
24148
906219
652898
28829
776945
227760
713690
949165
415924
526657
98929
642560
133215
892989
478688
609012
428358
696710
330463
923040
84607
533401
869857
655122
20401
341744
288783
717003
749777
392174
434323
171130
448247
843550
679959
920163
450921
67849
77504
201939
464154
567434
837614
954761
457885
653553
140267
936777
861095
951207
287237
565393
299643
830538
259045
278208
321563
71892
593894
772105
190406
514941
843782
896546
170343
562550
914147
516822
678277
567024
219840
799506
252078
982459
451049
622350
539163
497388
679606
29962
510146
435808
341101
451228
647740
799881
376679
641390
782223
167408
340496
934932
146327
204554
950334
54796
993397
155389
678247
443872
163660
407248
64579
578743
93656
162806
335950
72504
598252
992822
413567
402196
225146
767171
983894
664401
581808
164403
266752
58093
987398
11713
854681
860176
570402
706939
14249
869513
725692
288700
446429
433575
280398
867392
990588
888908
729335
263459
877083
390102
402877
928220
746561
816121
425992
910998
638817
959898
489837
240926
473275
590761
519538
682840
907407
783334
364759
969794
822301
280550
997566
381526
903516
392849
495864
368490
442480
587841
714716
509412
224575
413525
898108
266752
702611
977019
22817
792859
859872
947987
316759
998712
120760
760834
630602
12358
59612
705362
604235
924272
587070
30370
386975
227063
204688
180835
662461
474887
12358
770424
849423
371036
574648
643443
726268
83303
494845
992454
518723
358459
744014
199560
999792
140913
836923
724073
977909
809814
249892
305098
759295
539803
918576
877083
863742
906694
850964
475211
184881
60207
414051
737714
227686
569425
894883
882149
236592
883795
153643
533533
493487
496835
962943
628391
55783
124589
800686
333522
352899
365415
64019
546334
471567
954310
56631
585397
590366
76360
964300
340804
19677
976780
59732
217381
299455
456425
777290
818702
259000
244252
998155
475606
497823
583491
338810
879516
935861
177388
329007
811158
414023
777994
880111
625988
326342
238435
569314
399686
179389
108840
843500
553581
719537
633333
691128
558949
157916
53503
664614
265358
159358
482093
118420
849423
550625
293830
440451
993726
429137
182338
559117
473275
306292
792480
489564
933644
519767
403178
471924
451537
376492
151899
686075
994301
364688
206436
866866
804682
281024
194776
307401
813053
171949
823504
459649
607914
62335
873815
20483
630706
198278
347525
750630
434484
872751
281166
294873
955911
458817
385956
119418
999607
711279
484935
668510
28581
865516
940441
174250
542402
545438
610644
74360
484816
797361
708652
953541
566215
305213
29270
588511
491077
836746
581808
436151
478950
585496
623380
724182
641543
414023
986937
986077
252121
937754
767483
457635
641905
118847
234515
650449
633015
366530
347350
15678
670146
841239
99510
217381
310033
113182
636025
627901
441165
603802
586693
453784
343827
