436709
897041
549161
661341
714977
792361
27725
713404
393115
507165
501737
649458
344472
310495
149629
93221
630915
892510
318231
184020
52424
106627
998527
829408
755117
445218
865403
392860
711794
443493
72382
827704
737243
443816
987080
386052
260285
642649
474708
541173
482210
303081
543198
518894
876371
377137
587729
732873
830190
259021
590932
333522
982352
153036
345301
991787
727189
333529
183829
221556
295902
833955
157765
116657
949514
92467
226541
419682
439168
843651
929499
627322
874893
404909
547569
694039
1767
587865
315077
985280
70826
400504
309685
713946
488217
123970
544161
159573
826711
84619
635414
602658
802599
862896
186252
960721
308112
395300
958138
654975
92433
81802
553629
766589
181108
512624
391966
201891
960975
456294
529403
119664
927939
493620
393416
44453
267601
834948
773758
722779
994117
83569
265542
555457
928149
201281
368696
879122
50491
962178
15528
218438
649940
277567
510063
142071
894532
242663
473290
542707
521390
835071
908881
735277
309165
964372
718994
908686
120500
201023
394602
382639
848257
427184
423336
48233
300631
629646
843702
760725
500063
532020
733003
936321
966815
500067
968692
996265
373802
33119
803552
841895
451721
187813
122896
538975
671616
435566
213678
191182
183593
565767
360719
271271
956619
776970
540832
845265
686132
823107
653478
475907
139907
836903
490964
839484
364815
990699
733003
481915
305007
502393
811538
594991
385100
506411
191341
806865
526616
360865
792236
74974
209119
102304
512716
82180
797880
852252
336707
54313
10228
245303
155105
426167
570235
111933
420107
649536
523372
151826
329003
398408
460688
752948
264024
493525
2570
834061
716760
252888
209258
568156
277935
136603
649876
580560
173678
137272
262644
893886
21906
24542
353355
730495
820278
520870
378567
439043
11486
558935
179899
593772
276691
743143
345258
333334
893958
575934
734393
64773
950215
245761
143600
96060
365415
518812
216705
421044
374587
147034
688917
939017
459344
738062
226353
515938
838987
222589
32670
354934
735277
308514
747025
849330
115467
649103
639200
129412
69431
527309
650456
971649
80026
54822
572673
899218
633418
695886
511168
432459
969543
516908
178571
117567
602205
306630
194479
704645
361153
602414
669018
182270
341100
135505
610007
257131
894608
215211
127213
241790
35905
476474
528085
404569
46077
757342
354051
798474
157319
67225
276518
892239
914517
9645
332301
995817
841619
118025
267920
345382
677648
119335
351800
928149
715872
749218
761020
960721
820278
273390
446966
21885
447855
477575
209859
258387
221603
337045
597330
747361
532470
526892
648067
142385
169033
406423
962925
322033
754028
583806
456613
596849
456512
916718
432756
560687
703550
378748
38764
398118
693489
50289
936175
325314
845033
663772
694205
319976
300659
32303
12891
341100
262709
706629
772705
761397
680810
603288
87415
76043
696482
660016
633702
686913
602759
764507
271529
110901
718618
350521
30770
492204
120873
64266
761700
269068
526208
623299
147457
684680
222511
345895
985165
136293
324508
490964
785547
778978
306753
870682
512100
532984
194613
5826
76556
89583
898095
175095
909688
751133
630706
542707
930283
306484
835555
104526
228671
422189
411947
586044
338158
858750
191975
20168
538324
765123
353725
808967
630155
477610
327437
731581
69291
136332
783746
920133
83303
363665
4384
291660
976235
335631
219878
634408
178214
356477
629506
644862
871959
512794
644725
39192
698397
798659
170888
312347
943402
414817
934276
880884
340804
108015
490812
424603
644862
497547
769335
225727
578312
162716
712126
446059
25156
444052
628443
740016
790062
135953
949526
213189
160934
299739
932950
200145
40748
34876
803552
338904
41696
258820
267601
447182
817541
227204
309192
431801
249491
635960
792859
590007
674746
435915
621578
951546
69263
604782
604961
886865
257089
341907
53419
979584
117673
774863
309197
482792
933849
674033
267479
275365
551443
470883
130977
390753
786252
96044
569190
758574
828578
71766
399783
135173
840914
197459
813745
890379
494585
25319
269342
560891
704579
186172
540349
408761
552564
500898
950201
487401
599720
133974
333920
968266
298513
906219
964091
28829
58233
384142
915498
949165
32186
208071
98929
642560
133215
929835
422854
672391
947035
102657
834539
923040
68944
533401
869857
655122
20401
341744
288783
973039
781341
128910
282328
171130
843984
72265
679959
224820
450921
67849
303081
201939
424238
567434
837614
954761
457885
486499
934433
730492
598710
78144
287237
109540
809982
293726
259045
278208
391452
499979
360770
772105
190406
975700
807699
896546
913435
562550
882765
516822
197730
567024
410402
799506
213544
918596
451049
622350
539163
497388
679606
29962
16761
98022
397595
451228
776743
799881
376679
54657
782223
873302
340496
934932
693389
204554
296040
54796
993397
622711
678247
443872
10279
911361
64579
18971
719583
522937
305007
829800
598252
992822
413567
905625
222511
767171
983894
664401
581808
215854
266752
58093
354185
11713
854681
957699
570402
706939
14249
869513
725692
288700
446429
433575
24693
867392
583210
235605
729335
263459
196566
719592
456617
432167
235979
414222
425992
407196
638817
959898
489837
66421
473275
590761
519538
540349
907407
783334
364759
969794
822301
815541
997566
407241
903516
392849
45216
368490
442480
587841
714716
509412
224575
413525
495391
266752
702611
606184
22817
792859
712956
947987
316759
998712
668656
283600
630602
12358
917333
705362
620416
632126
276895
30370
582246
227063
932207
266071
662461
275001
12358
770424
3491
65062
574648
643443
466798
83303
494845
55229
518723
358459
203243
995674
71340
140913
836923
413517
732316
994032
249892
305098
759295
539803
918576
196566
863742
146710
15823
475211
472953
634220
414051
737714
759820
569425
204239
630915
572471
883795
366058
533533
493487
158988
18431
523481
55783
727229
382096
333522
771796
365415
271400
546334
471567
593927
56631
585397
590366
76360
964300
340804
19677
976780
59732
456687
299455
456425
544457
818702
50317
203210
998155
475606
224801
583491
269655
150138
249177
177388
329007
245256
877736
777994
880111
625988
326342
238435
278951
399686
789085
549063
902509
120278
719537
494841
691128
558949
115117
904089
82826
666311
263710
482093
800017
356438
550625
293830
440451
993726
429137
182338
559117
473275
520513
380231
995160
229966
519767
674018
704395
815934
376492
151899
457752
994301
793888
965298
411535
804682
281024
194776
307401
465654
171949
712678
459649
607914
62335
105502
406423
630706
198278
347525
644781
489668
872751
281166
294873
955911
458817
385956
119418
999607
114999
484935
391966
28581
839202
256656
174250
542402
732236
664686
173176
484816
797361
708652
134722
566215
304610
99958
588511
72652
836746
442237
436151
478950
585496
884112
724182
814991
414023
986937
146064
226353
986247
767483
988384
136332
664458
234515
129620
447855
366530
269068
15678
960069
841239
99510
456687
310033
749608
689205
627901
792664
603802
586693
453784
343827
