707715
537448
912692
282264
440830
106903
452280
523612
8140
507165
675591
56707
344472
750955
840133
427460
258280
834280
976128
586545
233141
588143
991541
829408
257541
554196
924003
811281
98122
408489
55112
428399
249111
56753
527117
720918
260285
573524
228955
911123
600080
634335
862413
293591
846162
927543
587729
571703
996916
82525
131943
483998
982352
276368
196875
482281
483025
450330
465288
842751
739807
345108
870475
715064
512740
92467
221542
54495
697654
663431
904921
853537
947667
974977
241567
846860
491957
587865
539764
62057
720006
128146
818052
1435
410468
133833
958329
599176
218280
175453
231050
351945
184571
12260
578542
298813
76010
870290
194685
798358
179873
906836
553629
196236
735691
693951
336145
586504
237201
829750
799871
391612
927939
996873
358117
105115
557394
681983
425788
722779
529018
41347
658310
346839
472450
201281
906146
886277
281065
744364
171383
341430
710435
277567
121287
645139
349939
129359
218748
323196
495174
2732
416398
30154
333284
819307
631073
174930
680454
669200
47670
382639
89538
193642
507165
953891
68482
819658
843702
857746
785653
587477
689341
720538
104841
235301
308900
820778
753568
131029
522388
869925
635300
577419
218280
794949
306241
570837
773283
623382
950782
697195
78716
225902
746771
94617
956890
129929
253167
809487
953266
888212
238122
331395
619215
57702
573295
135988
689341
481915
474648
620695
475372
511542
704449
801052
235513
447033
714083
500905
942861
615041
927691
102304
483005
845754
839003
985533
446343
394904
780682
245303
648986
514508
499791
111933
642240
649536
100497
964219
238373
414061
16204
656618
283842
765521
900913
568863
716760
444003
38600
237812
242792
136603
691401
794560
61375
110374
374587
639630
231881
905224
414222
776465
474212
859669
378567
315860
89401
444805
856788
986378
811553
667475
937272
144902
741967
188839
271513
893325
821371
829607
769400
96060
811772
750777
324962
601431
460717
918361
209140
565896
913600
738062
292062
951457
520566
830519
525995
691802
30154
560707
747025
214875
991758
848299
716620
129412
153288
422171
991097
830009
693614
280938
74228
364718
377365
991083
378763
28331
131634
649285
800086
203973
681853
747466
414863
665089
407425
815141
669018
953445
644964
916790
610007
192205
203122
632837
793946
788653
403046
372714
977302
738567
107056
757342
690594
669676
48901
67225
559273
146262
914980
398848
769290
406206
150844
430427
267920
863187
519219
119335
806412
472450
270181
49658
668871
298813
474212
452823
605500
937037
106391
322406
209859
585534
890186
910531
73452
517562
532470
672312
444309
397112
87108
622775
20184
474681
879133
683429
892558
224753
148816
47049
803318
523181
660837
556938
363368
58489
754640
208558
337522
683602
154207
604871
564901
879178
916999
205341
467785
644964
140138
462585
734408
426174
680810
496265
119373
8471
510907
588440
481861
171536
602759
453784
507668
110901
397270
691967
446824
51387
536458
64266
557390
640697
988885
618168
291593
684680
642448
181080
721727
992218
118153
619215
432530
228955
306753
363405
523863
309985
586601
677899
983120
584469
617793
444309
294062
284740
970228
323196
821598
846092
199878
901663
669575
961015
553268
423255
292605
884914
554117
716003
65147
765123
673403
389607
827681
293353
51654
731581
313568
136332
601226
10718
966728
59513
979494
808958
767637
150320
593614
47282
585426
564535
315590
470951
785988
235851
333746
740208
167661
864380
311718
590854
345834
463365
526844
340739
738759
837747
778119
424603
470951
101395
328916
879593
46874
635888
869709
945612
990825
332805
561640
676386
790062
26371
869833
871932
325487
753243
89233
307513
306804
675591
522388
680802
470605
204557
557394
164753
660160
923004
238695
120297
249491
70163
515301
667075
342005
298106
182840
715950
865166
119423
173707
829716
257089
292177
397522
955395
988190
877848
558936
464661
752376
270480
410939
67707
709358
237779
548507
460518
449027
96044
208655
877603
618995
114240
399783
221337
962647
560207
625559
956879
456313
670999
954138
487550
552115
819970
497834
150320
796197
158440
181567
505392
22136
584655
283308
207031
767828
905322
965723
474701
90529
855494
915498
450874
242752
208071
686461
377376
505914
900683
478688
672391
428358
531220
741461
524084
515531
989173
241889
655122
20401
712682
521432
895107
749777
392174
372273
171130
245670
229829
525403
346074
38902
390720
634335
11728
85057
599997
468781
954761
866104
29744
55506
765816
314164
965220
773336
878485
664982
409998
127499
61944
883201
595985
339335
305592
326911
819359
311415
613093
759540
91382
82652
69118
601378
913418
456188
874122
213544
918596
488392
910169
756288
59032
679606
29962
9597
98022
589043
987864
887193
333184
416062
278057
10219
841397
612303
397869
179215
648033
477084
433889
212239
558550
688057
344285
432484
65787
361797
49831
468210
538804
474648
90160
112034
193252
413567
424579
642448
334259
228935
66468
149406
302511
415282
746432
585882
242362
694907
599176
752482
151513
747659
392176
14733
753614
513055
851211
831633
113425
145659
693861
327765
191464
216330
308555
829755
33891
558745
414222
528872
755423
814248
720491
470670
374126
980890
931586
663788
497834
187982
783334
555025
969794
229133
815541
770414
665825
354047
225672
959619
570203
37809
141598
684339
37425
846882
286520
816516
415282
702611
287282
723167
515301
323097
893036
579357
855784
453230
258256
412072
817983
287342
191464
466327
632126
888863
216027
625711
19608
204688
943461
910428
828233
817983
632620
201832
368059
802018
877985
544930
966728
95552
216313
383905
388001
179519
693789
239396
829707
53469
427286
691764
942034
979718
545921
64581
259991
736466
216330
520736
191070
699499
475211
928946
898173
272495
774977
59679
990360
17642
258280
572471
69742
264705
533533
493487
602151
5012
992218
440764
750695
722120
483998
771796
811772
578446
823247
505582
295392
478538
999676
218227
147039
863617
738759
149735
520685
746223
123346
415459
847529
265072
454934
955779
324572
655616
75145
503041
583491
234808
777483
935861
177388
329007
673377
72469
343954
870613
527448
102171
238435
526721
159534
595925
261527
680962
102909
410770
262756
691128
558949
244864
57354
998283
482281
120391
362309
923477
201832
367618
360863
770334
729212
928112
182338
411031
980890
520513
909843
522743
400403
160657
864255
944320
536708
49785
151899
626919
511463
61052
259651
411535
49331
364447
89712
869833
70531
171949
314908
64038
364447
131215
667006
622775
970228
416360
67627
655077
844362
425870
253478
294873
775168
361877
48133
158968
594710
886631
484935
336145
95176
839202
256656
154731
340967
812248
465303
904762
58823
830423
832393
532780
56076
477906
622907
904016
669719
136430
149406
340020
950485
589333
810201
798075
770111
72469
66050
132943
292062
604698
333746
422506
136332
81358
981431
650449
106391
759798
640697
240348
812577
405924
46794
123346
310033
334237
967340
396377
833885
167595
586693
692408
248914
