504867
688622
288633
69903
570819
850941
848488
523230
698135
755555
69733
915234
814702
203637
166788
357002
817310
691034
60550
986535
483213
792430
610898
650513
451064
147024
411330
640610
770254
915094
299435
588150
179104
611193
663278
590487
111012
105847
674105
184198
66671
692816
525611
535847
438531
413602
122073
141528
930134
310304
727892
615625
999788
25823
474542
214318
838615
355048
186787
625792
736692
970060
177562
129118
248001
219329
726192
485373
696783
184929
127225
470469
490886
222024
23083
709183
8736
785875
296381
1023
600410
586060
437180
784666
854482
966571
699069
444972
806988
676022
911189
358283
540729
903396
548643
161564
494454
939880
172792
367918
917872
746619
150787
49390
920425
185483
301603
766221
801068
399580
544991
973796
964703
267428
458924
589856
2570
307661
323275
790922
893211
80715
85332
942478
824808
683486
67377
800738
667892
62297
706557
903787
607212
729327
313603
713124
491436
510713
117732
226091
572544
828542
17821
574242
125251
933659
248207
131098
236265
203637
475431
988528
198909
615221
770038
758705
113878
353506
972144
814640
887917
790204
607046
56288
395440
39149
633275
682146
3549
750284
200143
285106
348277
513270
933529
586060
514578
463797
257418
760155
358611
215336
381396
795153
482312
511860
313056
409660
521971
18426
574300
156698
359593
781997
115176
56562
377166
644979
728974
669519
597317
352675
445451
950724
642780
497724
49988
286131
837897
252388
154495
840684
720845
550583
764884
290735
147157
513921
601054
865946
32477
211084
607458
225026
900496
197460
814621
605321
831214
402342
274641
271823
71766
625792
713999
856123
268349
331005
818277
104032
661929
821093
865635
985772
73757
989714
727737
568446
894252
482312
183156
782329
154382
588708
6908
60472
589335
226457
445729
672185
340483
30839
899746
288671
231549
796466
620449
532791
305740
875641
206454
657934
258921
396152
204941
839159
768331
660736
221610
611023
453544
113266
459055
61134
801304
785083
825093
611673
262448
189708
187833
502593
449951
910884
482813
48478
768161
991038
781113
772140
378653
565987
213597
901874
695664
237277
187319
83442
813540
881933
865424
511279
648118
622694
283317
760242
394368
818797
127504
190370
870861
6106
980260
325641
222789
766817
595706
630940
260487
54406
281628
768590
470613
541515
853310
570332
400880
683457
616570
901746
639523
526718
897663
882770
796656
65587
549268
177143
739694
179796
481866
218059
515302
352743
474960
846845
812102
496202
94745
727585
232217
663496
245782
503514
425294
821361
655437
780139
744873
920003
757305
253304
655393
240322
74850
611065
301868
290162
127743
460592
984102
734521
818277
523158
633403
903453
798008
634642
393332
511383
517759
493703
720258
557096
573019
111114
539423
607887
418815
103087
370333
80232
230344
855717
224091
440180
327758
133733
540923
857769
213729
150476
720704
331837
986703
73800
823888
625256
961816
919008
426880
729347
764425
427580
411648
590888
875631
973133
300240
366404
701584
798008
346426
657518
374957
889199
58219
480008
906093
324816
206831
658180
270357
497844
589856
154311
464869
999686
792213
75020
854563
642225
243693
802134
354703
489416
238606
766486
667396
478737
467358
865946
207646
486773
843840
738247
55665
630897
146016
366386
389423
731144
764024
177267
352675
532347
548077
705230
965515
129133
772304
345590
213073
261652
118806
64643
259058
35367
558065
210464
849262
269123
746336
772135
778453
871804
89368
373331
149837
764762
190037
126091
104187
588239
180197
37696
91020
186618
358239
838209
457618
17252
523823
581244
226869
346812
82432
377486
937469
309581
827108
100207
707525
457002
517995
507173
86498
354885
255653
778453
97621
242212
498301
566027
10988
307397
45664
76956
694971
273578
945568
163577
937104
297607
177184
999966
445220
982065
825031
988230
623840
180590
458408
401843
814640
576309
582789
676252
530276
763323
846470
772296
474703
3567
798535
319085
966495
165270
624263
154382
604513
639028
973362
63922
357051
627842
472529
188758
884487
511266
259014
364792
839894
699668
475022
683479
529782
604902
429252
514930
758742
785718
589335
553228
100160
91454
528297
154612
228583
318540
903597
884959
164956
808301
40410
339998
656894
593007
499160
417907
38657
856101
604110
485697
316715
869305
49294
797117
233133
63883
739393
656121
700047
203797
895041
295242
580207
293653
203972
368052
856691
780639
886741
256986
200766
499972
753822
687142
989479
335368
850230
658287
534366
843645
371079
167485
974760
322147
162827
656518
513895
403007
548577
645225
331005
662606
441829
666747
851890
625677
849293
228583
885454
425328
70354
159543
243114
832860
301601
828111
764213
136016
910884
432098
265461
134269
97211
600681
34761
76751
404709
624818
373718
404753
159214
707048
5081
706405
678613
34107
425267
21867
588162
424498
573796
801068
391052
74848
863543
867355
635014
477345
776111
891456
525276
165883
819437
209818
441049
601714
354036
8512
768756
898531
654735
618153
585773
32542
913796
84594
941537
884313
44654
132665
966673
168626
320151
476276
32321
517797
824336
521087
269891
176057
360452
650048
528017
676642
857404
780367
663892
568052
919939
82171
251356
561486
434487
998703
985630
505274
991152
893109
588012
560298
50042
285142
35155
899605
718841
824487
336451
246320
153710
22406
730693
728120
604575
904264
193253
409719
822407
114944
507173
560701
372055
304554
665493
470154
50257
294577
743012
329967
967560
371308
441059
483057
933900
259845
691364
672490
586238
483442
141037
521971
206204
498425
623445
756129
708637
802210
243841
229642
249604
953685
697831
529232
779422
67853
35955
464447
733409
543501
899401
859857
114885
927090
64011
60205
910650
991055
805336
420559
951152
256527
682933
288422
742204
933553
804755
191499
747721
202180
33887
463302
679431
327876
209450
718506
445842
873675
517797
872455
441829
892002
666574
778816
808709
390085
769202
745592
160598
185214
577780
886460
167094
423475
646495
550534
62297
796991
867418
568446
11584
146718
83748
101408
387319
802134
366587
872127
200854
529545
965515
770175
274092
958312
318615
860964
315035
735229
488971
953024
305034
996547
227226
93392
534196
412558
525175
19642
989163
631005
271767
237097
783403
739349
633728
447072
886741
299574
80902
444827
470040
136016
23318
519148
454426
266898
89783
94745
196890
225693
85440
932714
529398
800583
406684
145283
582302
957653
260706
439215
458864
359053
57400
586638
512270
953024
455298
598360
997283
791542
120376
103806
221480
189528
189213
725199
555896
480444
947082
867611
473992
62569
347544
580197
273599
887917
157117
85341
818406
218264
102737
295094
876325
800145
228475
155534
758242
681372
872545
777507
60249
987952
524443
122258
268349
845426
380855
900496
127743
613430
668978
598663
784422
748185
845638
217457
12077
945252
813765
873304
784838
843414
613497
177861
695713
498964
109130
513895
980596
557885
103806
111112
306439
341375
416003
832914
72454
790434
