504867
133908
984666
69903
570819
842078
848488
523230
476291
755555
39577
915234
971999
537570
166788
357002
817310
691034
60550
986535
575210
792430
610898
650513
451064
496918
411330
640610
770254
915094
299435
588150
179104
611193
663278
661148
111012
402523
674105
184198
66671
204461
525611
535847
247286
413602
122073
141528
862193
944970
727892
615625
340021
25823
474542
214318
838615
475446
186787
277041
736692
970060
177562
129118
248001
219329
726192
905781
868699
184929
127225
470469
490886
222024
23083
709183
874098
661248
238644
1023
600410
586060
437180
784666
272479
966571
699069
608575
806988
236461
119144
358283
540729
903396
779053
917841
162040
939880
172792
367918
917872
554853
150787
49390
920425
185483
162575
997563
801068
375369
544991
177678
964703
267428
458924
868473
2570
876480
323275
790922
893211
80715
85332
942478
342408
683486
746387
800738
667892
62297
706557
816185
389689
729327
313603
713124
249665
510713
117732
226091
572544
828542
688236
574242
125251
731366
248207
131098
236265
203637
475431
988528
198909
615221
770038
758705
113878
346079
972144
429532
887917
489985
607046
56288
395440
39149
810792
313345
3549
456854
200143
285106
881086
513270
933529
586060
956042
463797
257418
760155
358611
215336
968350
795153
482312
511860
791384
703226
521971
661412
574300
156698
359593
781997
586465
791982
377166
56222
686142
755741
597317
352675
699803
950724
648063
729688
49988
286131
837897
252388
765474
840684
720845
550583
764884
351588
147157
301460
601054
865946
32477
211084
427932
225026
900496
197460
814621
605321
775099
402342
274641
271823
648915
277041
713999
856123
268349
331005
818277
104032
661929
973767
865635
985772
73757
989714
727737
568446
894252
482312
183156
314719
987171
588708
6908
162397
589335
226457
445729
672185
340483
759833
979839
288671
974988
44981
620449
532791
305740
875641
206454
657934
624210
396152
204941
839159
768331
919004
221610
611023
453544
466086
459055
61134
801304
785083
825093
611673
718337
922735
872449
774236
449951
910884
482813
48478
768161
284220
781113
772140
378653
565987
213597
822234
695664
237277
187319
83442
801487
16676
865424
511279
79753
622694
283317
760242
400519
818797
77215
975138
870861
6106
107063
954083
492566
766817
359386
307129
646906
54406
903163
768590
264716
541515
853310
570332
662888
683457
616570
901746
639523
526718
713529
882770
796656
65587
549268
177143
461467
179796
624825
218059
703866
352743
474960
846845
812102
729118
855244
727585
232217
663496
245782
503514
425294
821361
536421
780139
469386
920003
757305
253304
655393
240322
74850
611065
301868
290162
127743
460592
698255
734521
594514
523158
633403
903453
330016
507366
114083
511383
517759
493703
720258
557096
573019
111114
539423
607887
418815
103087
370333
80232
1264
620034
224091
795513
327758
133733
540923
857769
213729
107785
720704
331837
986703
73800
462450
625256
961816
856650
460040
729347
416191
321360
411648
590888
875631
973133
300240
633951
701584
287231
346426
657518
374957
889199
58219
480008
906093
324816
830760
474681
270357
535281
868473
154311
464869
999686
792213
75020
854563
642225
243693
802134
354703
489416
238606
435111
667396
478737
68156
865946
207646
486773
843840
952239
55665
630897
392536
366386
389423
731144
167962
177267
352675
532347
617063
705230
965515
129133
772304
215918
213073
396831
118806
966495
686988
35367
766729
210464
849262
458098
146796
863767
661635
871804
273536
791622
149837
764762
190037
126091
104187
588239
443317
37696
91020
186618
818030
838209
126114
17252
460040
581244
226869
346812
845728
377486
937469
309581
827108
100207
707525
457002
105132
424863
86498
354885
255653
661635
97621
637390
498301
566027
10988
307397
122910
76956
694971
733991
945568
163577
937104
394279
177184
999966
445220
982065
191984
988230
623840
144508
227697
401843
429532
576309
582789
676252
530276
763323
846470
772296
474703
400474
798535
319085
966495
165270
624263
987171
604513
100282
983848
539474
357051
109270
472529
188758
884487
511266
863335
364792
70750
699668
475022
683479
529782
604902
571440
800595
891971
549871
589335
553228
883927
91454
528297
154612
228583
318540
903597
884959
164956
808301
40410
93276
656894
593007
499160
417907
607477
856101
604110
485697
757065
869305
913375
797117
52641
63883
390551
656121
700047
494116
895041
295242
580207
293653
203972
953873
491825
780639
886741
256986
825238
499972
753822
52664
989479
523648
850230
658287
534366
468249
98287
167485
974760
864842
162827
656518
881657
403007
548577
645225
331005
662606
441829
666747
653836
770480
849293
228583
885454
425328
70354
949152
243114
832860
301601
828111
764213
233032
209377
432098
265461
134269
97211
600681
503005
76751
404709
624818
373718
404753
251987
750657
381557
706405
378423
34107
425267
460930
245782
424498
573796
801068
391052
74848
264191
867355
635014
90009
776111
891456
525276
484290
819437
209818
441049
601714
354036
805763
768756
898531
654735
618153
892705
32542
913796
84594
755990
937526
44654
439897
316746
168626
373731
476276
167109
517797
824336
521087
269891
190428
360452
650048
744456
676642
857404
951742
734656
807507
919939
82171
251356
640052
434487
591619
462153
505274
582472
55630
588012
883754
291383
285142
35155
899605
718841
200633
336451
246320
153710
22406
333798
728120
604575
57725
193253
409719
822407
114944
424863
560701
183278
304554
665493
470154
50257
294577
743012
103005
687608
371308
441059
60247
933900
259845
691364
672490
606719
483442
141037
521971
206204
498425
193642
756129
708637
240632
243841
229642
183666
619607
697831
529232
383526
67853
35955
464447
733409
543501
899401
21712
577636
927090
64011
60205
910650
553629
800343
264960
951152
256527
682933
288422
742204
933553
804755
191499
747721
202180
33887
463302
679431
496423
209450
718506
445842
873675
517797
437796
441829
892002
666574
778816
808709
390085
810601
745592
160598
185214
577780
886460
252465
857824
116161
550534
62297
796991
867418
95994
11584
808440
11483
477682
387319
802134
366587
872127
200854
529545
965515
780831
274092
958312
318615
544678
315035
735229
347100
953024
305034
996547
827946
307310
733325
486673
633719
937434
989163
631005
271767
237097
607410
739349
633728
797177
886741
299574
80902
444827
470040
233032
23318
519148
454426
266898
89783
855244
196890
225693
613444
932714
529398
6984
334864
145283
611759
957653
260706
184194
458864
359053
57400
586638
512270
953024
455298
598360
350996
791542
294104
910242
221480
189528
209830
944970
555896
308696
483805
581127
473992
205600
96433
389212
273599
887917
788654
11092
670286
218264
102737
295094
876325
800145
196942
155534
203284
681372
872545
777507
941053
987952
524443
122258
268349
845426
380855
900496
127743
613430
774498
785002
784422
748185
845638
414867
12077
90760
795513
873304
784838
843414
613497
177861
695713
498964
398792
881657
980596
543250
103806
111112
306439
347929
416003
832914
72454
790434
