159155
18352
166807
144561
699848
842078
314500
523230
698135
532800
964731
915234
971999
203637
166788
357002
817310
265164
60550
251043
153553
679482
610898
583154
451064
322358
894139
405637
770254
298568
299435
588150
972454
826962
663278
894788
111012
453980
674105
950577
704129
204461
17549
49829
545904
796031
122073
141528
862193
723578
727892
615625
340021
288657
474542
107223
838615
597841
458800
277041
736692
970060
263434
16505
986385
543061
726192
769578
465909
226457
741196
470469
384480
222024
23083
709183
874098
661248
238644
1023
600410
586060
437180
784666
272479
852059
699069
698745
501705
534959
471717
358283
740462
78903
846877
574329
162040
939880
172792
367918
917872
493306
150787
49390
920425
336116
79825
824072
738105
399580
797191
297652
319983
361469
977233
300537
2570
401567
859943
535267
893211
80715
94702
130785
342408
818920
421782
800738
222070
372675
706557
310661
436351
437431
949964
713124
203083
336600
117732
981543
51348
828542
17821
473826
768942
904700
146782
318540
518217
203637
475431
177021
238450
615221
170149
771158
213335
267852
972144
429532
522322
154100
248016
288690
395440
333696
810792
313345
3549
971677
200143
285106
881086
513270
933529
586060
956042
525210
257418
760155
83172
947627
508325
795153
954801
388626
791384
703226
521971
661412
911356
156698
656218
942485
586465
56562
61971
243889
705654
669519
597317
807291
203821
950724
648063
729688
480538
524176
683712
633730
765474
840684
720845
550583
389366
543254
216893
713252
601054
865946
227111
211084
548396
819672
900496
197460
814621
605321
775099
711586
165547
271823
310565
277041
117253
275397
268349
93255
567299
104032
362625
662155
457044
985772
632967
989714
758855
227058
894252
954801
184927
314719
987171
847250
271656
568017
694826
226457
762548
672185
340483
759833
182251
288671
193545
362428
620449
642314
305740
114944
32500
876603
243590
396152
204941
839159
742077
506351
933101
611023
332819
466086
453693
61134
801304
331986
184818
499262
262448
598447
747866
422245
449951
209377
86498
48478
349799
652233
573872
283006
351774
471271
213597
822234
173744
237277
424498
202910
584829
16676
607354
146491
670799
767086
502473
760242
100908
197108
833744
558973
560102
146375
420336
954083
492566
766817
774557
616759
670641
245807
357594
768590
713146
541515
853310
130390
662888
56827
616570
770744
939938
526718
713529
969431
796656
730627
549268
373171
140902
179796
349292
678996
515302
828892
31199
120358
954269
729118
539784
836007
232217
154358
588371
412669
810899
996165
536421
995411
50990
859709
455193
247380
998893
478439
74850
904899
301868
290162
127743
226054
698255
734521
567299
79627
633403
79817
330016
467727
114083
35050
517759
656461
720258
236049
573019
111114
323954
289644
544719
103087
274607
80232
1264
620034
224091
642636
327758
280233
693824
307392
579318
150476
672944
781649
986703
73800
823888
249755
961816
451694
426880
729347
243293
321360
411648
25801
972187
859395
695713
751689
518905
330016
727598
795527
126252
889199
58219
126409
490615
564827
353199
658180
326895
497844
300537
154311
464869
850947
792213
595323
854563
800167
783978
376027
54220
994459
238606
227199
667396
117708
765474
865946
403610
388441
843840
952239
722447
630897
392536
366386
750367
731144
858150
484856
807291
483767
617063
618094
111468
129133
772304
681798
301339
396831
350176
966495
309558
35367
766729
210464
270347
458098
50686
306047
661635
871804
138011
791622
492465
543387
664719
861005
782877
588239
180197
218230
367613
186618
402810
691876
598751
137540
426880
484838
823901
537088
604782
483604
937469
617880
377528
166866
895531
457002
105132
424863
86498
354885
862555
661635
948475
637390
630574
204545
10988
307397
871885
76956
716463
878401
945568
163577
164285
297607
270566
999966
445220
982065
56156
7515
623840
180590
227697
255628
429532
403234
582789
397863
858798
763323
846470
335723
928899
400474
798535
319085
966495
165270
624263
987171
745165
100282
973362
539474
469671
812406
66336
175939
337130
152669
863335
48652
468429
822311
475022
683479
503900
604902
571440
543249
891971
549871
694826
553228
100160
91454
737477
892793
758661
318540
820878
884959
164956
808301
731119
528801
932709
593007
101522
375998
607477
856101
443624
974251
697145
724725
809571
808832
52641
63883
280245
154857
504250
203797
895041
295242
915579
293653
491926
953873
856691
780639
634890
720745
825238
142334
753822
52664
989479
523648
453046
658287
534366
535267
98287
939174
794017
861790
162827
656518
881657
403007
548577
44526
93255
115870
441829
666747
653836
770480
849293
758661
337768
692784
70354
949152
35155
191775
301601
828111
717780
233032
209377
432098
265461
870373
698848
600681
503005
37514
896741
498167
987504
894264
470780
707048
381557
706405
378423
34107
349314
357594
588371
424498
573796
738105
455454
74848
153246
315655
635014
29030
776111
112922
525276
66649
830102
209818
669359
679980
354036
805763
768756
906930
654735
176850
255667
32542
810451
84594
302459
937526
44654
865773
316746
168626
66320
978643
32321
84836
560439
521087
282986
842151
360452
365618
744456
917872
857404
308150
83734
807507
919939
89092
251356
99774
985772
942333
462153
505274
804264
55630
588012
533075
291383
347432
35155
503551
718841
755654
874283
925677
383328
789572
730693
406520
241278
891778
193253
409719
393096
114944
424863
812454
183278
453693
665493
470154
50257
294577
436792
144425
896211
371308
178500
475846
723502
135594
691364
672490
586238
58150
141037
521971
206204
465845
623445
918351
149974
240632
957557
531966
183666
428286
659637
529232
383526
796776
488904
847031
733409
20029
642047
214404
911735
891835
64011
60205
154045
553629
800343
847656
951152
264235
682933
904571
963611
933553
662317
855673
747721
318413
33887
463302
108491
496423
56129
346939
177460
931013
84836
872455
441829
949676
666574
871709
808709
492024
724066
619763
160598
185214
86629
282194
447665
857824
116161
279869
372675
398622
432694
227058
156698
808440
83748
477682
85410
376027
32335
872127
200854
247239
111468
225455
320634
958312
318615
808749
98194
183076
636046
953024
597594
651087
7628
307310
733325
486673
633719
937434
989163
822397
105865
79542
783403
739349
216169
447072
634890
299574
561407
444827
470040
233032
68607
605598
454426
903328
89783
539784
196890
59857
85440
932714
495306
6984
225099
728620
336289
660112
533065
418979
458864
631316
8479
776425
900523
953024
120186
986685
492571
782521
668865
516558
936597
524849
905718
723578
555896
480444
714649
372683
473992
205600
96433
389212
956653
522322
788654
132608
240974
237185
638087
295094
876325
51805
739715
155534
203284
116735
632294
574526
709974
987952
319971
122258
268349
625757
50726
900496
127743
672325
587083
321988
650798
748185
845638
367345
362798
821622
642636
873304
994636
813635
613322
177861
695713
498964
398792
881657
54917
543250
516558
111112
199389
347929
912868
832914
72454
339024
