48820
546357
6964
726348
891928
91795
323991
75753
811000
416756
38102
158894
309075
984693
458421
465054
592330
483730
810089
794511
853199
668544
425647
893923
383824
518653
76658
666623
139746
985106
726773
879029
444675
968284
441630
266557
642346
16435
83294
383148
444966
371205
985793
588118
790069
977205
924061
564730
473130
113693
148873
807782
342733
462480
233362
691043
859781
467430
807097
122169
169508
487023
724969
114382
943138
237489
304662
826631
520757
699284
46588
579450
227391
140376
199652
660952
928700
564029
940955
495894
542504
170959
41114
80964
75948
590901
475023
790167
987677
602899
126505
298351
15514
558859
292091
689622
297962
469290
640022
34463
605311
306990
596705
700570
578853
273311
335890
393930
654940
104560
74915
227113
748806
870082
405152
669178
36996
65406
863390
841992
383370
116031
763037
818993
43580
513604
299718
116406
785229
511952
390816
184770
782583
146168
526722
57365
408396
790167
18124
626656
941928
59684
735511
494908
392155
502237
112417
8499
495401
283461
975654
475254
261867
482449
49550
900427
627670
598401
678954
275282
703699
170959
47728
40082
57901
562034
700959
940690
956694
916020
100164
372018
735449
690109
137912
608802
255554
32650
813560
468826
565109
737007
728435
596273
502453
8848
738823
380317
392934
367838
624456
641384
812462
950350
222591
578391
495290
933397
159077
172078
143848
464836
975420
135161
663520
566935
8328
354003
359538
655154
42950
858921
813566
496956
629838
177932
351969
323866
674227
691614
445074
65945
984197
623456
983150
814782
782834
282891
880230
695933
714796
405951
477295
857787
98775
520402
485922
368484
421798
547638
993903
946453
40584
471033
838901
944064
688119
158013
312234
11879
718055
697089
204104
642695
191626
559392
44910
896856
597983
745196
645241
23231
670602
737454
174419
14422
837847
388506
697089
272550
221329
94859
49494
520034
622921
361989
267868
85381
832377
797715
273961
64900
928640
267349
241352
947953
34093
665344
627942
258513
292877
249819
171970
301381
558054
628539
907213
666623
491301
966635
730228
451361
635587
244633
792370
669288
200951
778990
627942
577472
157746
469820
465862
574584
120942
372653
724757
421162
119786
674741
690760
108997
339703
674667
788140
723759
462420
458336
36313
728273
656532
73033
727960
988036
55241
149242
647067
300964
858921
64415
226415
281278
484185
166277
587123
528289
197736
303354
893214
212278
743072
738518
150213
44729
203112
21090
984277
770281
678954
201881
285304
360128
290789
650927
736441
598845
697283
141749
483770
363751
505551
784153
502177
684012
234675
623816
499691
30320
357630
598163
17670
745628
40627
857388
641878
988408
550185
922919
686498
953574
405264
424553
197858
955216
780438
748086
541938
199249
299618
642695
838518
328888
333079
439922
357866
433437
659632
122216
590901
376250
414401
15843
367758
904760
6329
965604
889182
460051
985833
608763
807254
510637
294267
38456
575562
247456
336175
298351
665243
887444
635589
265670
822512
490970
746540
768607
371191
47905
341488
219610
133448
536452
206623
606963
533402
820601
699256
958733
50804
859260
984852
270416
847914
573545
729354
247479
558509
865085
31547
469532
961814
567255
657454
797993
608833
508266
353294
498549
255534
626700
154782
588288
567777
561413
615925
222938
65945
848367
516499
295110
470505
526263
713786
207935
639474
980557
84026
60938
543491
42347
876114
735919
150359
106680
86725
883257
42997
293319
480539
162259
595994
965491
457393
795865
717191
414212
678143
709499
899067
393706
10060
942470
279379
763168
230878
221106
489313
376137
622464
692071
290789
772834
500254
506426
165009
618909
216631
204971
675283
81201
285929
502362
997803
315758
787664
482757
963903
994460
578391
677725
65839
269087
41612
286306
713047
231910
986156
842082
800517
74915
335239
810601
415512
593870
127561
565109
989507
837556
544546
218972
277987
213128
387517
28229
716361
951293
145149
237801
599070
13556
592341
674715
220790
665204
795682
199384
409344
970411
47901
142841
912574
698083
980380
324941
869829
902445
390263
392155
532655
142237
199615
303308
303145
830850
142593
845052
628674
425977
395339
850052
740629
82663
351566
283110
303724
788488
105201
269896
853190
613779
900387
644380
717477
413066
967477
433644
37124
897957
296914
693416
723715
668544
262815
344903
947924
190939
404604
179968
551941
449907
899933
295265
741420
717477
362121
917389
79952
743694
842552
666961
101872
541295
192875
796427
439537
294691
292553
749424
80477
772960
684173
311862
982472
101584
950003
225678
464271
614168
735919
996775
266045
123581
212832
812094
752875
774008
822512
578568
247456
923335
840860
985240
914911
927894
246973
13774
317755
117767
722465
468365
418772
290106
692268
345558
85276
682006
629869
207908
853309
993311
730183
182531
338381
892254
727974
396340
205406
58318
667754
971691
205745
805076
940832
531304
523446
664897
187284
469576
211368
209285
728435
184770
536452
58318
735247
3065
535649
553411
238295
996384
811872
36313
246320
951342
107566
149366
385404
30369
384179
68039
876247
487714
266513
154646
996169
798679
729414
865534
911191
241827
586109
82081
685689
745677
425285
410571
911100
991151
666124
486583
143121
583158
668938
198706
573945
815184
844348
345117
258344
737692
833150
528020
196829
505256
530049
845056
236194
660955
568459
267868
923335
367838
621780
434411
992259
69110
179407
532717
654409
24781
333914
618655
627617
37422
28121
388141
776022
535729
671083
700669
68804
482757
574210
899978
142675
377840
715303
421985
976453
266291
270718
18640
109711
762806
252951
725509
180220
647283
413599
999341
224230
342937
818622
527572
103049
716361
231464
22884
914911
56730
860388
863390
996775
232444
926925
222081
135074
829539
350385
264916
625792
660755
907612
339147
339990
156137
896514
630618
923028
378907
215530
374066
473250
212694
651733
277899
290196
277046
412850
512612
395127
447846
624754
954953
160633
599499
996169
37875
157506
828260
710158
419415
129428
395339
106174
987989
167652
455146
306192
354796
3426
389913
401586
634551
846195
377898
528289
605311
86050
422215
808490
517702
465862
726145
74495
557784
282813
891429
348737
601244
651723
686485
410094
270416
949675
654702
40584
140536
131331
494942
734763
425647
386652
93976
123385
957470
56714
205742
180207
593645
847855
990143
498549
71235
203885
409374
592199
59599
272104
448996
537356
447764
611095
550822
40527
745677
404723
131416
768778
695512
83294
404723
896317
10002
890729
469419
310177
993889
631564
784985
993903
677372
562047
29018
592498
284320
111898
933503
29018
216789
395595
761743
818235
521316
826464
713019
780841
980040
676112
400995
591375
110488
330057
363450
256849
617492
757755
79710
965766
291383
876310
14633
564890
668470
89736
137667
89773
797643
876024
826845
150644
994754
899288
257918
912383
100376
651723
749220
534954
493511
971282
607312
718303
475326
185152
928532
558152
278491
17301
371070
