48820
546357
6964
726348
891928
772700
323991
601581
811000
416756
38102
31388
309075
984693
458421
465054
592330
483730
810089
79444
289008
668544
52587
893923
383824
518653
76658
110882
139746
985106
726773
879029
731395
968284
441630
746183
642346
16435
83294
383148
444966
371205
692080
385205
790069
977205
924061
564730
473130
113693
403568
807782
350140
590604
313356
691043
859781
169262
807097
122169
169508
487023
724969
765546
943138
237489
304662
826631
520757
561654
46588
814135
227391
140376
753730
660952
928700
564029
940955
495894
542504
170959
397607
80964
75948
590901
728050
790167
987677
602899
126505
298351
375203
489861
292091
689622
240937
66265
190571
34463
586550
306990
596705
813257
578853
273311
335890
393930
654940
374039
686180
227113
748806
870082
405152
6445
36996
65406
451680
841992
938757
175501
121180
444881
43580
960359
299718
116406
785229
511952
390816
771057
782583
146168
554812
57365
408396
790167
18124
626656
941928
249795
735511
494908
601821
131597
269760
8499
651568
386408
975654
475254
261867
757140
49550
900427
627670
598401
678954
275282
703699
170959
47728
781078
33803
562034
700959
940690
836350
916020
100164
201198
735449
690109
298138
453276
255554
32650
864738
468826
565109
737007
728435
404793
559465
8848
38066
380317
392934
336293
624456
641384
812462
950350
222591
578391
495290
933397
159077
172078
143848
58932
975420
135161
741880
566935
315039
731098
255111
655154
158675
858921
66755
496956
629838
177932
351969
323866
611675
691614
492059
65945
854769
405280
983150
796068
782834
282891
880230
695933
714796
865299
441371
857787
98775
520402
369798
476091
356719
547638
573482
660745
40584
546967
838901
944064
311214
50394
312234
11879
718055
697089
204104
642695
38368
559392
960775
747870
597983
745196
645241
23231
670602
737454
836612
14422
837847
388506
697089
272550
39437
94859
49494
923368
622921
361989
267868
366209
581652
797715
149547
64900
928640
267349
341283
226223
115467
665344
627942
126253
292877
841821
67106
301381
363732
204416
907213
110882
606048
966635
278489
451361
635587
160364
792370
548820
200951
778990
627942
788844
157746
469820
31875
574584
120942
798960
941482
61251
998784
674741
690760
983930
339703
674667
539412
723759
462420
458336
36313
728273
656532
65739
727960
988036
727196
149242
647067
300964
858921
64415
226415
281278
484185
560758
587123
421154
582634
303354
893214
522047
330942
462683
150213
614656
203112
21090
984277
770281
678954
201881
285304
175695
954520
650927
736441
546247
697283
82837
483770
941223
505551
784153
502177
684012
234675
623816
499691
30320
357630
730164
17670
230159
40627
455536
657809
988408
550185
922919
686498
953574
541051
294689
197858
975073
212805
183058
450426
199249
967155
642695
838518
328888
333079
439922
357866
433437
659632
122216
590901
376250
556048
15843
367758
904760
6329
97209
889182
643272
438398
181525
807254
510637
717377
38456
575562
247456
336175
298351
567366
549113
555657
265670
822512
490970
649809
768607
277488
47905
341488
219610
652510
536452
558280
606963
533402
820601
699256
175986
202053
859260
984852
270416
847914
573545
908422
247479
558509
679937
31547
469532
961814
567255
657454
797993
608833
508266
353294
911860
706184
626700
154782
456347
567777
45147
615925
222938
65945
848367
643278
295110
402715
526263
440495
207935
639474
980557
84026
60938
107859
42347
430344
735919
150359
106680
86725
654901
42997
293319
480539
482390
809604
965491
457393
795865
717191
414212
755595
167422
899067
393706
10060
942470
279379
763168
230878
221106
489313
376137
622464
291620
954520
915276
438918
506426
165009
618909
216631
204971
190652
81201
285929
502362
997803
315758
281723
482757
963903
465030
578391
677725
415616
269087
87524
286306
713047
231910
405737
955908
800517
686180
642266
810601
805001
606266
127561
565109
989507
872907
544546
218972
401422
213128
226470
894653
716361
951293
145149
237801
599070
13556
592341
674715
767803
665204
146656
199384
409344
970411
47901
142841
25974
698083
980380
324941
971246
291482
390263
601821
532655
142237
199615
303308
303145
538770
142593
874449
628674
425977
395339
850052
740629
962665
72162
283110
303724
788488
105201
884173
853190
308983
900387
373484
717477
556304
238015
690753
843938
897957
296914
693416
782789
668544
579699
344903
947924
190939
404604
565532
3436
449907
899933
535620
282409
717477
362121
625695
79952
632981
842552
304194
101872
647962
563189
796427
995993
294691
676777
153314
154281
199405
531218
311862
511313
962333
950003
225678
464271
614168
735919
545896
266045
123581
212832
812094
752875
774008
822512
578568
247456
923335
840860
752236
62281
927894
246973
13774
620443
117767
722465
468365
418772
290106
692268
345558
85276
995127
629869
207908
753492
993311
730183
182531
826330
93946
364189
396340
205406
32235
667754
971691
205745
805076
738243
988478
523446
664897
965263
791131
211368
209285
728435
182862
536452
32235
485949
3065
535649
994929
238295
802904
811872
36313
439374
951342
107566
149366
385404
30369
384179
348954
876247
487714
101491
154646
996169
758721
350261
490144
958002
241827
67953
82081
685689
745677
425285
410571
911100
991151
666124
486583
712582
583158
668938
198706
573945
815184
990362
345117
258344
737692
833150
528020
196829
505256
564177
960653
236194
660955
568459
267868
923335
336293
575601
434411
992259
779021
179407
532717
654409
200679
333914
618655
107537
18637
343988
596248
776022
108870
497428
700669
68804
482757
190786
899978
312896
377840
396089
421985
976453
232570
900208
18640
109711
762806
607726
725509
180220
647283
413599
999341
224230
342937
383430
527572
103049
716361
231464
992199
62281
56730
860388
451680
545896
232444
85624
222081
135074
829539
350385
739797
625792
660755
810794
339147
740087
778562
896514
630618
923028
378907
215530
374066
473250
212694
651733
898194
290196
277046
412850
347334
395127
447846
947387
954953
160633
599499
996169
37875
174004
828260
710158
406294
129428
395339
106174
987989
659180
455146
686020
354796
3426
746386
707713
634551
414653
377898
421154
586550
335250
221301
808490
495924
31875
726145
646103
420975
282813
210831
348737
601244
651723
139929
410094
270416
949675
654702
40584
140536
61941
718724
734763
52587
386652
93976
123385
421855
977631
391044
749135
593645
847855
990143
911860
71235
203885
791895
20986
59290
272104
448996
537356
337569
611095
550822
40527
745677
439937
131416
259768
695512
83294
439937
896317
512038
752387
770608
310177
746992
631564
18228
573482
677372
562047
29018
592498
284320
376393
933503
29018
14377
395595
761743
818235
521316
826464
713019
780841
980040
456082
400995
462507
110488
330057
714293
725401
617492
757755
905843
131729
655796
876310
14633
564890
668470
881215
137667
643567
684015
876024
470254
150644
994754
899288
257918
673882
100376
651723
2647
534954
429923
171330
762710
718303
241090
756675
379236
558152
278491
588385
371070
