55190
546357
102484
726348
564431
772700
323991
871511
811000
416756
31618
31388
309075
984693
458421
465054
103145
870202
454250
162859
289008
668544
52587
893923
892062
518653
25615
110882
139746
985106
726773
879029
731395
370381
441630
746183
642346
16435
83294
831628
444966
371205
692080
385205
790069
977205
924061
564730
473130
113693
403568
807782
350140
590604
110052
691043
859781
665077
471724
459632
169508
487023
724969
716354
943138
237489
304662
826631
811968
138215
46588
814135
227391
277310
753730
660952
928700
564029
940955
495894
542504
170959
397607
80964
284214
527315
728050
790167
987677
602899
126505
597689
375203
489861
292091
689622
240937
66265
190571
34463
586550
306990
596705
813257
578853
273311
335890
393930
654940
799834
686180
227113
748806
870082
405152
6445
36996
65406
451680
841992
938757
175501
121180
444881
43580
960359
299718
116406
785229
177598
390816
771057
252670
146168
554812
57365
316850
790167
18124
626656
941928
677771
735511
494908
601821
131597
269760
8499
651568
386408
975654
678228
261867
926148
32290
900427
588003
598401
293086
275282
703699
170959
47728
781078
33803
562034
700959
940690
836350
916020
379563
201198
437990
690109
298138
453276
671179
32650
864738
645180
565109
140120
728435
268787
559465
8848
38066
319956
763615
750303
624456
641384
442418
950350
222591
578391
495290
933397
159077
346011
143848
58932
975420
135161
741880
472993
315039
731098
433103
655154
158675
858921
66755
496956
629838
177932
351969
323866
706644
691614
237391
523324
414774
405280
983150
219750
782834
282891
880230
198095
714796
865299
441371
857787
98775
520402
369798
476091
470290
547638
573482
170387
40584
180529
838901
944064
311214
50394
312234
493265
718055
697089
9183
642695
38368
559392
406346
747870
303008
745196
645241
23231
670602
737454
296982
14422
442279
422921
697089
272550
39437
94859
49494
923368
622921
361989
267868
467037
581652
797715
149547
64900
928640
267349
341283
782643
115467
376395
627942
126253
292877
219710
67106
301381
363732
204416
907213
110882
603283
966635
798607
451361
106505
160364
792370
548820
113419
778990
627942
788844
157746
469820
31875
574584
120942
303466
626342
61251
759174
674741
690760
983930
339703
674667
802244
723759
462420
458336
407445
728273
656532
65739
676125
988036
727196
149242
647067
300964
858921
64415
226415
281278
484185
560758
348314
421154
582634
523750
543791
522047
330942
462683
150213
614656
203112
21090
984277
381230
293086
201881
285304
614924
498081
650927
736441
546247
697283
82837
483770
941223
505551
784153
502177
324700
671381
623816
499691
30320
357630
730164
17670
230159
40627
455536
232091
988408
550185
922919
686498
953574
541051
294689
197858
975073
774653
183058
450426
199249
967155
642695
701306
328888
333079
824481
357866
433437
659632
122216
527315
189002
848067
15843
367758
962116
863071
97209
889182
643272
438398
181525
807254
510637
717377
38456
575562
849412
336175
597689
769945
549113
555657
265670
822512
490970
649809
768607
238797
47905
341488
219610
652510
536452
558280
691872
533402
820601
699256
175986
202053
859260
984852
270416
847914
573545
745806
247479
558509
679937
31547
469532
961814
567255
657454
797993
608833
508266
353294
911860
706184
626700
154782
456347
567777
45147
615925
222938
523324
84833
643278
295110
402715
498082
440495
207935
639474
768454
84026
60938
651147
42347
626313
735919
565072
404443
407831
654901
42997
293319
480539
482390
809604
965491
615839
795865
717191
414212
86426
167422
899067
393706
10060
243204
279379
763168
640924
221106
489313
481353
622464
291620
498081
915276
438918
506426
165009
618909
216631
36805
190652
336770
881577
502362
548953
315758
470169
396022
700285
465030
578391
677725
232449
269087
87524
286306
713047
231910
293534
955908
800517
686180
642266
810601
805001
606266
127561
565109
989507
872907
822579
218972
68611
213128
226470
531617
303997
951293
145149
237801
599070
13556
592341
674715
767803
665204
146656
199384
918601
970411
47901
142841
344901
698083
980380
324941
971246
291482
390263
601821
532655
142237
199615
303308
303145
538770
142593
425905
201011
425977
395339
850052
740629
534242
418699
283110
303724
373722
105201
884173
853190
308983
900387
373484
528232
556304
238015
690753
843938
897957
296914
693416
782789
668544
579699
689949
947924
190939
404604
565532
3436
449907
899933
800837
100540
528232
362121
361821
79952
577062
548391
304194
101872
647962
625741
796427
995993
294691
676777
153314
740493
552257
531218
311862
937687
962333
950003
225678
464271
614168
735919
545896
266045
753153
212832
812094
752875
774008
822512
578568
849412
923335
840860
752236
62281
927894
246973
13774
845015
117767
722465
707860
418772
295936
692268
345558
498120
900692
629869
207908
753492
993311
145737
182531
826330
93946
527746
480572
645970
32235
667754
971691
205745
805076
738243
988478
523446
664897
965263
647255
211368
209285
728435
657934
536452
32235
418623
874520
535649
994929
238295
802904
487361
407445
992693
951342
107566
149366
385404
729405
384179
348954
876247
221823
354739
706214
996169
569644
350261
490144
958002
539197
67953
82081
955292
745677
425285
410571
911100
991151
666124
566832
204652
583158
668938
198706
573945
815184
990362
345117
258344
737692
833150
528020
196829
663056
138433
960653
236194
660955
568459
267868
923335
750303
575601
93845
329047
779021
685810
532717
654409
200679
333914
618655
107537
18637
343988
596248
93898
108870
181422
700669
68804
396022
190786
962127
731864
377840
396089
569308
976453
681832
900208
18640
109711
762806
852075
725509
180220
647283
413599
999341
224230
342937
383430
527572
280730
303997
231464
184467
62281
56730
860388
451680
545896
232444
90890
222081
393750
829539
350385
739797
625792
660755
810794
339147
740087
154797
896514
630618
923028
378907
529481
374066
991482
378663
651733
898194
290196
277046
412850
347334
395127
447846
255542
954953
160633
599499
996169
802052
722502
828260
710158
315033
4274
395339
106174
987989
659180
455146
686020
301311
30155
746386
707713
634551
414653
377898
421154
586550
335250
221301
808490
495924
31875
726145
95
420975
584870
210831
348737
601244
651723
139929
410094
270416
949675
654702
40584
868805
61941
353030
734763
52587
659002
532644
123385
421855
407612
905516
749135
634416
847855
990143
911860
71235
203885
868578
506023
59290
272104
809549
537356
337569
611095
253103
40527
745677
439937
131416
979316
695512
83294
439937
896317
512038
752387
770608
310177
746992
631564
853512
573482
183659
562047
299342
592498
495663
376393
933503
299342
14377
395595
761743
818235
422445
826464
713019
780841
980040
456082
400995
462507
110488
330057
18855
725401
617492
757755
905843
131729
655796
876310
14633
564890
668470
313119
137667
643567
166323
876024
470254
150644
994754
899288
257918
673882
100376
651723
81586
534954
429923
508294
762710
718303
241090
756675
379236
558152
278491
588385
371070
