445930
826517
235444
106245
524069
172747
715844
72442
598264
434926
510156
864132
712319
469860
233686
603067
933872
470663
485021
343444
373322
871470
450381
606711
704636
551748
179064
801734
657938
928199
143673
664375
344757
242558
919263
656916
760348
741327
616886
102847
167704
851838
790983
490620
121121
445813
326692
290629
285993
689099
4993
12758
44429
859288
286517
220293
796078
898356
632637
441563
464713
457594
724833
140601
927324
754321
805814
249609
381716
462927
470036
150025
878793
304294
110473
555193
65358
928677
108038
602033
616563
552500
967326
798034
452387
877588
83278
879024
974440
217081
991382
953035
887056
998791
759852
483075
705474
567322
814924
607966
939999
821398
296166
921541
239690
770967
809788
93408
308123
344979
885721
208543
155537
699131
336130
966995
481721
270988
319384
430370
39610
397470
66766
419126
703494
775582
764413
515491
785229
171832
713734
537930
15352
128652
390503
830202
629529
879024
693954
310278
941928
874935
959329
498869
79492
154449
80345
349676
678083
955721
398116
445961
20528
78631
456114
554836
900524
969127
772680
89341
495534
552500
651061
885070
409675
975621
638473
306437
508909
224547
410823
386656
287795
690109
604314
982031
478541
676489
377831
6948
679469
154365
728435
393343
548903
802645
244915
67517
363635
962069
186375
339092
838178
272649
790260
551120
153216
782875
570394
406402
82591
331632
612832
900397
324799
127171
764123
768894
856837
916752
759727
714485
846903
259432
635761
905713
890303
878916
673454
77942
458720
10704
454303
12573
854094
470785
243874
590335
541506
902570
439048
663961
39289
420551
282077
58535
333382
44748
576517
104265
21119
881243
286192
706010
874763
281623
135988
770225
620873
327521
908184
285306
461611
144732
998885
690597
488258
31772
895761
427717
324534
448994
585698
20288
138233
423238
557980
279126
285306
286908
843358
538069
244081
408958
622921
789689
267868
154225
521904
605822
744752
932267
769389
61422
731616
961571
352481
744550
75411
82477
897645
397470
798884
473608
861432
31859
20115
801734
815148
257135
682444
7902
65871
740659
330678
162834
954823
977553
75411
788844
861490
816576
684959
826481
414779
760400
181654
243634
374976
569135
33213
433650
444429
694128
478521
676569
513491
13755
921722
880929
137053
759855
127944
317754
918825
497458
918410
876714
714485
141500
721424
102966
190980
485621
932242
421154
572900
779689
987253
140832
409628
562590
454860
375902
203112
15203
991838
637875
772680
153920
292236
262285
954520
58915
880441
43789
294665
310598
741516
579892
295594
151950
850216
362684
416651
897911
103646
13363
494014
470709
372090
946199
660155
132320
600671
286194
694236
931942
384662
474929
202650
395900
237877
182886
460571
264306
260676
454576
72671
144732
773482
29010
134394
841417
858664
50228
46947
363994
877588
370660
694133
238317
694313
735125
561562
928106
371103
370497
299613
11040
673736
607398
387207
535815
132830
14689
638293
953035
887392
402869
490685
999385
689979
693378
408005
276589
195641
732786
984914
664513
265579
563689
26635
655088
119120
298675
612525
663312
930592
854164
795259
949828
134390
220549
681980
616119
693667
271599
489539
748635
874877
62489
297868
771499
209385
154042
79509
863692
208758
92094
134023
146541
766959
160839
999957
908022
10704
192044
61817
218042
41710
469874
26454
922391
855607
449196
886339
664290
482060
486558
405097
447218
999512
641372
296370
72023
96434
897598
885560
735643
376221
881334
443703
348410
293675
338731
901222
849769
622043
345170
92100
768106
866007
625874
957932
173207
954096
679634
877568
926697
954520
772834
485360
261742
950032
451454
459165
366140
3675
441131
38897
802353
746977
314526
145699
251003
933644
148274
551120
596045
504321
559655
259605
323844
4780
401881
74835
268874
616467
885721
65630
714442
523213
589062
389063
679469
887503
888522
245174
952675
475587
564176
856970
520268
513231
819574
954471
747073
451354
195347
747980
505169
875055
285924
170748
781140
936681
206718
225447
622467
629180
709773
836307
984502
547431
218773
197411
79492
737399
29364
962994
875009
560347
380195
525184
264796
628674
444485
687632
941021
991094
376142
682379
156836
185833
962255
520141
447776
847215
241377
10079
517752
969192
620079
54683
139299
331118
354434
142230
365919
278583
871470
17936
731721
554320
420962
54414
653701
550358
496152
803178
691053
789618
969192
836146
953087
673193
144917
24412
163412
989120
166045
26800
975953
75382
279308
64632
43195
141789
404271
471749
22891
500765
142101
100464
432451
543652
16244
447218
899500
102748
232260
597122
539559
419452
506610
689979
591090
14689
910733
464872
224140
155735
138139
86015
269493
282886
627748
10900
915654
390166
954307
108452
831404
706485
666768
583227
8918
876926
796990
992862
804463
391071
988509
636650
581409
416841
160456
675307
817141
168456
347837
412018
755190
393657
192648
372813
638421
240647
825459
728435
388866
563689
160456
800476
601453
291092
189446
468829
822503
610952
921722
571650
606685
613917
157468
86394
563199
33025
28974
110401
887892
866322
692752
467683
120583
221638
490144
323716
315351
384986
451518
610461
243098
249436
7406
353131
540457
603203
573002
952826
141842
769553
244335
512242
137804
752071
908060
921705
842151
223017
527508
171731
112131
679297
403803
146539
27452
872169
267868
910733
962069
106963
843346
863628
690482
523922
793527
432836
337465
506882
883220
345726
738444
877891
527311
497535
108870
332859
365151
368304
251003
972684
95174
31948
814097
617377
462005
69865
920741
149751
607550
445084
482716
717394
457029
803270
666767
256903
445345
725060
96271
293773
423409
830929
513231
922899
139983
155735
327195
455495
319384
899500
463281
135168
639422
426380
462321
240661
209467
283744
552038
304277
630239
605605
508494
872489
752387
923028
717086
221227
148193
274002
267052
636325
799342
404032
953287
770925
935172
446071
56188
283393
230668
605210
873355
467683
686074
161567
122738
951364
730044
27922
687632
627471
641069
105299
6324
116074
926105
478413
910087
571551
290095
446064
749283
421154
939999
623096
108323
188149
463137
684959
846047
123331
84340
302545
14244
453992
131243
665981
191030
411927
949828
25656
841156
286192
868805
997861
875434
230735
450381
110859
426658
323251
850641
49750
71340
107069
605425
655519
445721
863692
71235
54032
829804
73610
925374
850765
530044
475492
820864
751448
72571
166734
243098
810626
946754
266948
861351
616886
810626
167967
33080
535255
989797
672845
708950
473602
214776
21119
430692
266427
935271
158435
236715
736346
241832
935271
991648
621147
135749
265621
446892
127353
865190
714369
20499
23245
410047
767986
638902
647830
740846
478232
49217
364068
961026
126321
545210
348954
74140
173322
55701
162072
145380
652847
166323
451493
89856
284907
782390
425994
456095
30609
686037
665981
192838
534954
498991
417573
839308
743712
474333
564680
431600
31121
58163
980491
230617
