463748
588013
357605
499654
46480
655670
484035
341728
978774
577445
993186
553237
543267
93396
750168
785379
92356
141189
781905
289198
192949
68917
60504
207698
314220
879543
919874
711771
550831
535714
63600
160029
926229
412764
475232
376731
288999
738493
255613
977042
627025
656499
358155
157038
978020
995359
77487
565299
903820
745097
325008
794413
853900
652170
740627
469066
262499
334457
212259
914330
963076
967094
772383
209608
357505
498503
824059
291919
547627
322483
51460
966064
327885
630494
861335
442898
584653
564094
987198
168154
994389
825480
224515
83194
475474
730200
467215
356882
3525
2274
35713
641329
737901
450927
27759
460908
357933
957642
389735
165195
505947
916449
314081
896041
805737
35588
406615
726302
634262
504229
819379
269662
965278
526839
65585
80616
20899
593344
440606
329124
567434
568888
177254
322976
367587
261784
290298
310684
427950
155779
776631
309349
580443
800882
335522
556048
728625
726179
370354
825364
710734
14233
307142
145799
788664
707329
565374
812853
560093
313754
266891
962773
740296
438314
207174
106645
997996
866055
308293
293362
745678
11287
16995
319863
21468
794774
986326
644448
985836
852657
640033
570721
176027
789560
92247
809580
546836
891120
589614
329101
898285
962048
307142
406715
676727
165365
370684
772716
593625
316807
220724
41428
855277
279814
839813
674808
538835
722171
412519
870619
143160
623372
732061
405222
846375
52153
480217
847801
877739
986856
220272
757785
462952
547685
193811
379253
384801
868967
129803
198345
859449
816517
883337
553447
490802
467617
822694
149387
592507
608034
724669
323197
722317
803363
98056
211313
861403
560524
763737
855277
783169
804718
210088
842062
748961
924021
890785
792836
223508
4247
89036
287067
207062
971406
763737
975137
22774
353379
709363
195073
876579
547297
26814
892656
314423
75165
346897
676846
505212
940167
704673
827893
22011
367094
715451
878483
768178
789348
644129
280996
973356
636468
86126
9022
623321
381457
343696
127261
222532
337130
738828
160821
364969
420230
309111
121081
939152
569716
253344
509073
977734
699057
786969
186377
656137
731752
395191
43892
90258
421203
17630
577954
783444
232551
576168
909502
700619
435180
262235
902431
86458
731921
37764
826017
425375
312460
135855
884402
527089
714263
728625
314615
434515
898418
275316
733213
544670
627375
954067
54590
94754
664122
517214
917248
630146
327916
257485
434579
407164
159701
684350
424387
598390
257584
197844
566257
310688
948002
588739
439006
988524
824366
773544
479141
998919
655049
425144
105372
377911
205501
225730
556897
707518
191149
867370
871445
628059
157155
288655
974222
207841
287984
283668
865338
40034
182532
602789
299841
207780
335023
196698
822031
303135
595183
212259
619402
907981
9853
744688
980407
571741
940012
933
791961
321040
398666
597211
19437
586249
48955
955981
475122
910363
119459
991425
685082
364120
594731
728577
559406
607753
480181
912135
607753
183650
771852
997693
397911
968427
310063
101038
667452
595183
944282
252630
446595
907906
640056
4188
109212
660035
767499
777699
633861
2565
401967
220724
759027
644831
583103
937208
707768
320831
622783
479289
971636
153520
976754
743610
376602
740722
287010
490262
141945
866145
935378
33244
153018
805013
960072
382630
628463
797982
374066
226461
687592
791927
135855
330524
151431
900746
365407
773376
570438
812181
214832
167121
883889
332096
107024
971636
467761
483623
330164
14312
417199
722171
166273
514207
676727
948981
40822
492622
176109
290780
741030
905950
79103
54546
755224
979474
414177
781132
393858
829335
409219
101022
409514
35927
556510
176270
421812
147526
155323
46041
372572
972308
227685
933125
268249
622
893640
339577
799896
807122
460786
447228
81598
974222
9218
451849
473695
62553
710129
933
787807
303048
331259
579820
824337
124867
53178
378045
372768
822691
833271
476813
99831
674977
726429
977875
802942
91803
690646
362038
469066
742020
426505
813207
554712
481648
999673
986158
499155
959451
138393
60165
832548
726255
57058
952043
461193
836976
784252
517909
811066
527844
2274
386948
832406
475156
821880
505462
278601
23447
450698
524183
275654
851765
55852
452471
308746
304378
741945
226461
612790
393534
130950
215049
819096
867043
993186
766787
897674
326257
913446
617396
676721
608747
126996
571436
230300
617857
149512
269687
377117
913134
203749
64628
446090
201601
292351
208074
583175
321155
111650
60875
2664
560093
757365
301274
890665
263624
475835
45421
218043
969287
993066
233493
336018
886281
98050
316524
824400
952315
279582
660159
87403
82647
554028
738781
927575
456306
385954
447287
940012
785290
796168
716563
42085
825637
965278
177096
91140
962112
816669
797451
998246
324107
976754
714063
658554
906575
686323
303777
223399
393239
234976
21175
781279
197489
89018
638128
634557
939152
948002
406789
778425
116137
48717
724669
370196
934564
304584
560658
719363
822576
401300
186842
454656
124547
487594
564094
291661
191471
217807
828244
836588
485837
181172
1681
841964
707675
89829
371907
929525
477330
413398
831239
547685
703354
503491
566862
673780
562744
908882
379472
916158
310925
653276
423361
41638
143160
583103
884955
686886
17011
892573
556005
719100
910363
532853
214147
579194
569831
942052
95878
286694
419658
798173
314765
192086
442301
731394
121828
741784
897410
593232
145998
808527
960339
793668
372195
766566
231431
722317
64663
567074
604638
259161
495711
712389
462701
532277
410737
256450
923035
474357
322099
42412
111111
714512
593000
154414
717883
376602
40264
833229
91298
711754
430142
554232
948985
747584
459054
471190
395191
781049
774291
116206
943697
391894
861820
394040
920160
567643
286867
425375
180573
73577
995778
492533
600322
465069
567930
662920
442641
902907
720284
63981
845366
730133
998139
810944
574849
397615
55782
693338
961161
675689
713790
153457
49575
348599
304789
351253
957812
100107
282448
519522
220272
601841
889716
888024
176408
984347
397615
630606
874142
937360
627025
969712
118146
765047
603277
935883
994415
384287
845370
208964
992834
834045
334447
853187
176197
291057
307142
757365
516341
990738
909986
767873
559921
393105
671883
839429
798577
293319
661013
17730
826668
216850
337119
154103
276
359228
743354
569831
124866
795299
271097
475054
367607
355110
802278
464273
504721
442524
288825
617647
130278
571416
121101
69220
891774
507385
1668
109245
139637
211079
210318
958981
631699
647640
9440
14312
141836
369636
836767
151565
166385
215601
171097
838902
426896
36915
446788
934476
72096
471597
451654
521542
72295
720400
783967
36913
595220
552785
480745
463748
758325
500662
499046
16190
928785
154248
575329
861695
613301
672009
757006
731172
415314
412917
151664
337957
5441
445783
102023
186266
92833
761198
629540
767026
441987
959205
817742
972006
837546
100751
804477
518421
230995
791702
100781
24953
906451
329818
989892
759323
591593
795924
671341
93922
657411
3831
216
395678
515490
426185
