463748
580005
718021
330434
901069
655670
95080
341728
978774
577445
349153
553237
543267
219685
806609
785379
269888
898053
550588
289198
192949
68917
321155
87831
533342
171436
919874
711771
550831
535714
63600
160029
898877
412764
288106
376731
19817
738493
255613
335275
627025
656499
358155
157038
33305
995359
77487
838065
133143
745097
325008
794413
853900
652170
740627
469066
262499
561372
504014
914330
963076
967094
772383
209608
357505
925005
183638
291919
547627
322483
131117
966064
327885
630494
573887
899081
846205
564094
867771
450774
666783
662464
224515
83194
475474
639622
467215
356882
3525
2274
198476
845419
154863
516190
27759
460908
357933
666268
644035
165195
505947
526571
592539
896041
280006
35588
271754
726302
634262
504229
727373
269662
965278
526839
65585
963347
220817
44200
510392
329124
567434
568888
177254
322976
823625
261784
843007
310684
223410
155779
776631
308454
761817
800882
200338
556048
743351
86811
949799
825364
710734
921119
307142
475377
891172
707329
565374
812853
560093
313754
719848
962773
551804
438314
769068
106645
489035
854639
308293
704725
745678
213071
642128
862592
517491
794774
986326
644448
680247
852657
640033
570721
176027
755246
181041
809580
546836
891120
589614
329101
898285
962048
307142
831427
119417
165365
370684
772716
593625
316807
917974
41428
416696
279814
839813
372285
538835
704980
391623
870619
143160
623372
72056
405222
775956
908914
850174
802236
31900
969295
220272
757785
462952
547685
193811
379253
384801
59950
544712
198345
464028
816517
519453
553447
816011
467617
822694
149387
592507
608034
724669
271097
583139
803363
816873
489838
425533
540892
763737
416696
783169
804718
210088
842062
748961
924021
890785
921177
628928
464121
89036
287067
207062
971406
763737
635068
22774
353379
709363
195073
876579
558353
26814
892656
227275
243345
490181
543304
505212
469521
704673
827893
22011
367094
715451
878483
683495
678724
644129
280996
973356
636468
86126
178627
623321
381457
343696
463401
543271
359121
738828
112333
364969
420230
706787
121081
47514
135454
52568
509073
977734
211796
786969
857764
656137
780598
812922
43892
692034
421203
17630
577954
558415
695421
576168
754777
990226
216145
262235
902431
86458
731921
37764
826017
425375
312460
135855
960056
527089
611463
743351
280006
434515
167028
466098
733213
544670
627375
954067
282149
94754
664122
517214
125886
630146
327916
257485
434579
625817
159701
684350
806518
596672
257584
197844
566257
310688
319353
149020
439006
714100
510711
773544
479141
998919
655049
552507
105372
874717
343255
262518
704108
28814
386206
867370
231334
628059
157155
7547
959675
132605
287984
283668
865338
562596
182532
689620
299841
207780
335023
466844
822031
804211
595183
504014
819320
907981
9853
948188
981508
571741
897375
933
791961
321040
213573
597211
19437
126194
48955
955981
475122
910363
119459
991425
512789
364120
594731
728577
783737
607753
686061
912135
607753
339618
771852
283981
397911
599498
855316
101038
667452
595183
942504
252630
9286
907906
785907
970753
109212
660035
187303
777699
633861
632111
401967
110588
759027
604018
583103
212692
761373
171436
622783
479289
971636
153520
30937
743610
376602
181968
386808
420421
141945
482390
935378
33244
76446
753077
668108
750384
628463
797982
374066
152264
483427
791927
135855
771853
151431
330381
365407
773376
570438
812181
279592
533500
136588
332096
107024
971636
803398
456303
330164
14312
417199
722171
166273
514207
119417
230303
40822
492622
176109
290780
741030
905950
79103
54546
755224
419131
759165
781132
650262
513596
148079
101022
409514
20084
742163
697774
740773
147526
296873
46041
372572
972308
227685
933125
15309
622
401985
339577
799896
800127
460786
54705
81598
959675
9218
221148
62675
62553
351581
933
787807
303048
331259
579820
908784
124867
53178
378045
372768
822691
63003
476813
99831
846315
554175
977875
80018
91803
496018
362038
469066
320763
174410
426389
456748
481648
999673
986158
499155
959451
138393
60165
832548
726255
57058
43484
422932
759805
784252
900348
561072
527844
2274
235452
832406
475156
821880
642915
278601
509291
450698
524183
275654
564272
55852
452471
302284
304378
439753
152264
646158
393534
130950
215049
722608
867043
993186
976533
869375
468368
913446
617396
676721
608747
126996
571436
230300
727413
10693
269687
30100
913134
250210
64628
446090
724042
292351
208074
583175
321155
74869
847517
917653
560093
757365
359078
676054
263624
475835
45421
450572
273682
993066
233493
336018
920766
98050
316524
824400
952315
981110
660159
87403
82647
554028
738781
927575
456306
385954
447287
897375
785290
796168
716563
847334
825637
965278
177096
91140
962112
816669
300672
998246
324107
30937
163519
658554
763102
686323
303777
428291
393239
722606
21175
833961
197489
89018
967251
634557
47514
319353
406789
855885
659758
48717
724669
370196
332817
304584
172327
648125
822576
967462
106708
454656
124547
426405
564094
291661
191471
523829
828244
836588
485837
181172
175498
625138
707675
89829
371907
929525
477330
198812
831239
547685
703354
350664
566862
673780
562744
908882
528080
338687
250577
653276
744178
41638
143160
583103
788471
686886
17011
892573
627048
227377
910363
437927
214147
214232
569831
351442
922230
51494
561920
503797
314765
192086
442301
50785
121828
741784
503797
791571
145998
808527
939243
75280
372195
609275
231431
583139
64663
567074
604638
804469
495711
712389
462701
532277
410737
719009
923035
730313
322099
42412
532423
714512
593000
154414
985106
376602
40264
833229
91298
711754
430142
286932
948985
747584
79404
825678
812922
889741
827145
239638
943697
517221
497386
394040
920160
567643
65057
425375
180573
385651
279447
456130
600322
465069
587243
336607
277062
902907
741784
63981
845366
730133
998139
810944
574849
397615
830212
211547
187344
137094
713790
682224
49575
982602
304789
351253
957812
100107
265170
519522
263390
601841
671290
982442
712250
984347
397615
630606
339927
937360
627025
862231
118146
765047
603277
16801
974308
384287
716063
208964
328327
55927
714137
160925
176197
291057
307142
757365
516341
990738
192163
965812
559921
393105
380237
839429
364149
293319
661013
4447
826668
216850
337119
154103
913580
359228
743354
569831
124866
358861
271097
475054
495584
917729
802278
381371
16459
442524
288825
953749
993993
571416
483216
69220
853832
469861
1668
490250
483270
211079
253409
140870
631699
23830
30915
14312
854669
369636
894024
151565
662120
215601
171097
838902
952790
36915
446788
934476
72096
471597
276727
128917
72295
720400
822920
972428
595220
935977
480745
463748
332682
350639
804808
16190
261263
416630
628219
861695
613301
672009
757006
731172
209867
412917
151664
337957
5441
445783
72747
186266
92833
453505
903803
601634
441987
421152
318833
972006
837546
100751
804477
518421
431820
791702
989153
24953
99902
329818
989892
419871
591593
795924
671341
531198
967711
3831
216
668342
718836
597397
