237573
580005
362706
646466
901069
655670
95080
341728
978774
577445
349153
553237
566488
219685
654031
715475
269888
545624
21068
289198
192949
754958
386842
87831
271988
171436
919874
711771
550831
913134
63600
160029
898877
412764
848535
376731
76049
738493
140556
335275
627025
656499
358155
157038
130353
995359
260558
927870
133143
745097
325008
794413
853900
652170
474306
469066
262499
561372
504014
914330
963076
967094
772383
533823
357505
595838
183638
291919
547627
322483
131117
966064
327885
630494
146287
899081
846205
564094
867771
450774
525168
662464
224515
83194
475474
639622
467215
356882
662708
2274
198476
845419
154863
516190
881341
460908
357933
666268
644035
165195
505947
526571
592539
896041
280006
684293
271754
833962
634262
916144
727373
269662
965278
526839
65585
963347
220817
44200
510392
329124
567434
568888
177254
322976
823625
919936
843007
310684
223410
155779
776631
539253
761817
559471
200338
556048
849293
86811
762016
831475
122759
41428
307142
632431
891172
204724
565374
812853
560093
894495
728077
828928
470668
438314
811904
106645
489035
854639
308293
704725
745678
74906
642128
405643
517491
794774
986326
644448
680247
852657
640033
570721
479368
755246
59685
987964
522282
947137
589614
277505
456397
962048
307142
910848
119417
165365
370684
772716
680458
316807
917974
41428
872270
279814
839813
769579
538835
862157
391623
870619
143160
623372
72056
405222
925496
799760
850174
802236
31900
969295
984207
757785
692502
547685
193811
379253
384801
59950
544712
815611
464028
969700
519453
553447
164298
467617
822694
407308
592507
556997
237565
57784
583139
803363
816873
966860
425533
736553
715631
872270
783169
804718
210088
842062
748961
924021
890785
921177
946894
464121
89036
168103
207062
971406
715631
635068
22774
353379
536626
195073
876579
558353
26814
892656
955998
271383
490181
543304
505212
888812
704673
827893
22011
362861
715451
878483
369219
585715
351061
280996
111809
907792
86126
178627
623321
381457
343696
463401
543271
280798
738828
112333
364969
420230
706787
121081
47514
892003
52568
509073
977734
901716
786969
857764
656137
780598
640975
43892
692034
421203
274409
577954
708446
695421
576168
754777
647127
216145
262235
498769
86458
731921
37764
826017
425375
312460
135855
960056
527089
261657
849293
280006
186288
167028
466098
733213
846063
396348
305239
282149
94754
664122
517214
125886
630146
327916
257485
434579
625817
159701
635363
172338
596672
257584
197844
465559
310688
319353
149020
439006
714100
510711
773544
479141
998919
655049
292599
105372
874717
893614
262518
612633
28814
386206
867370
231334
610554
157155
7547
959675
294864
287984
428920
865338
562596
182532
689620
299841
207780
599490
466844
822031
804211
595183
504014
819320
172912
9853
948188
981508
571741
897375
933
791961
321040
677008
597211
19437
42661
48955
26517
475122
910363
119459
991425
512789
364120
205087
728577
783737
607753
7882
912135
607753
189396
771852
734310
278111
324152
80568
821428
667452
595183
942504
371712
724673
907906
785907
970753
418439
660035
105558
777699
633861
344261
401967
110588
759027
604018
583103
212692
761373
171436
622783
479289
618732
153520
193587
810039
454781
926798
386808
420421
141945
746352
70278
33244
76446
420041
668108
791082
628463
797982
374066
197265
273183
791927
135855
771853
696253
330381
365407
306654
570438
812181
279592
533500
311425
332096
584113
971636
387229
561884
666808
14312
417199
862157
166273
514207
119417
230303
40822
492622
228887
995889
741030
905950
79103
54546
755224
419131
759165
781132
576241
513596
545946
101022
514714
94687
742163
585981
740773
800183
664130
46041
372572
972308
227685
933125
54912
622
401985
339577
799896
562758
460786
54705
81598
959675
609750
221148
748287
62553
351581
933
822634
716616
410959
579820
908784
124867
53178
378045
372768
822691
63003
476813
99831
846315
554175
977875
80018
91803
496018
571562
469066
320763
174410
426389
456748
703069
999673
986158
499155
959451
29195
440485
832548
726255
57058
43484
422932
759805
784252
900348
282749
527844
2274
235452
832406
689595
821880
496862
492058
282520
450698
524183
275654
564272
55852
872489
996081
304378
439753
197265
646158
114744
21571
496108
722608
867043
349153
976533
869375
468368
842500
617396
676721
608747
126996
676874
230300
727413
605070
269687
30100
913134
498182
64628
446090
724042
292351
859521
123299
386842
74869
847517
497409
560093
757365
359078
688585
486616
475835
45421
450572
490355
993066
233493
336018
968494
98050
316524
134113
952315
981110
660159
87403
82647
283628
738781
927575
456306
448670
447287
897375
785290
796168
482524
847334
825637
162314
177096
396152
962112
816669
5596
998246
324107
193587
163519
576404
763102
979277
303777
699048
393239
722606
836926
833961
601238
296952
122497
307765
47514
319353
527946
632076
461806
464405
237565
350455
332817
304584
172327
322736
485336
31261
106708
454656
124547
426405
564094
291661
262553
984700
828244
984105
485837
181172
175498
625138
907737
89829
371907
836578
477330
892270
892487
547685
851101
350664
566862
673780
562744
241816
505897
338687
250577
653276
744178
41638
143160
583103
788471
686886
756646
892573
627048
227377
910363
437927
214147
214232
569831
351442
922230
51494
163874
584235
855638
192086
442301
50785
989661
741784
820490
144067
999707
163437
1330
75280
372195
609275
268247
583139
64663
567074
144955
804469
495711
600410
462701
532277
410737
719009
923035
730313
322099
212795
532423
714512
748462
154414
832361
454781
40264
990568
91298
711754
430142
786915
948985
747584
79404
825678
640975
889741
827145
239638
943697
517221
544169
394040
342038
567643
908075
425375
180573
385651
717414
456130
600322
3738
587243
679504
155301
902907
741784
63981
845366
730133
74737
847912
574849
397615
830212
140556
187344
60839
393936
944995
49575
939664
304789
555293
957812
100107
104585
283021
984207
601841
845789
982442
712250
984347
397615
630606
339927
698856
627025
565551
118146
781275
396890
16801
593327
384287
716063
208964
929668
55927
714137
160925
542911
495882
307142
757365
750964
990738
192163
965812
152688
393105
892426
839429
585671
293319
425162
4447
826668
216850
175471
500607
939250
754078
743354
569831
297766
358861
57784
362954
725588
917729
954729
381371
16459
442524
288825
953749
993993
571416
969698
69220
853832
586000
1668
490250
483270
211079
253409
369560
134113
23830
30915
14312
104780
369636
894024
41100
662120
215601
171097
730944
952790
36915
446788
760321
72096
213417
237172
128917
72295
720400
243504
838221
386795
935977
480745
237573
332682
75779
804808
16190
261263
600739
628219
394222
208673
672009
757006
731172
209867
412917
151664
337957
492216
445783
516328
186266
92833
453505
539261
601634
536195
421152
318833
972006
837546
100751
802277
518421
202558
791702
989153
24953
99902
329818
989892
419871
591593
795924
671341
360066
967711
524788
216
668342
69709
597397
