290677
646586
352979
998638
940951
655670
343129
423956
495481
672648
669373
799722
125945
136014
963339
715475
269888
298194
215798
304909
348603
272580
806531
87831
450211
270937
694616
786591
752131
913134
784732
342465
469613
727898
848535
328382
76049
869728
211547
888972
4830
284224
284600
966071
823321
774750
60545
534668
232227
929308
620723
158866
124140
895680
474306
389588
342936
100631
901306
931709
700294
364335
183655
132488
64711
642128
357477
161340
547627
39168
148757
823429
408285
379762
410904
899081
182580
564094
406004
695801
399011
699490
503840
83194
432566
185079
840755
379406
588555
922970
833433
641329
977195
555995
19607
184390
790415
715979
176947
35470
318966
843431
925931
842686
919045
393108
271754
674278
631462
129578
266195
759269
961773
247670
281264
160469
845770
768117
909309
36678
610413
300976
177254
191766
770213
774610
732847
310684
704645
143252
121821
539253
748297
545793
713958
741264
209287
610855
478943
514635
190573
765110
334078
14613
823998
562819
392049
311478
399499
418304
460131
69835
766353
784732
323360
92306
489035
824868
22560
704725
377034
298197
642128
955986
21468
9887
685902
761036
81275
512683
776063
32164
479368
345201
181041
8217
628071
314903
81238
138431
965180
888780
334078
831427
817557
874749
870299
761498
897084
696453
666822
765110
528914
908852
860710
28461
352436
704980
412519
146488
501491
993654
881553
750289
676012
908914
401908
112955
31900
969295
789613
592120
135679
497016
193811
401299
859607
59950
977587
796401
861702
481961
501781
624269
164298
706124
83096
39760
8100
701647
901907
66310
722317
498182
694701
323698
619092
956688
714340
528914
73502
411538
135808
159780
112955
692359
841586
921177
369093
999469
276350
130267
573294
275660
714340
579573
263977
92059
301713
77324
245926
201494
961107
892656
770098
243612
644267
75756
21267
53658
218296
219688
157676
34385
87576
922686
369219
571301
574623
29506
167810
960129
431626
824882
203137
316027
679839
575096
543271
617404
630812
695926
364969
82602
663734
370958
47514
485473
30590
743712
898093
184935
449969
52378
966273
445753
250467
125870
469569
585329
958332
717199
708446
854961
107721
848770
927246
205622
930239
900146
86458
401857
37764
688979
884182
69086
42875
75676
630812
586595
209287
919045
776980
511578
332157
733213
516820
752154
886928
238685
311619
664122
254043
410640
60900
858985
316563
573025
668229
159701
379655
183472
73502
41917
747685
990514
787779
311186
149020
362607
546856
510711
773544
479141
960437
984590
278890
31817
367293
701612
225730
876722
921706
771738
437746
871445
616179
788160
357127
98562
132605
468635
750565
649151
281621
584174
669632
299841
405088
70081
859948
422497
893677
498357
901306
859827
758431
726717
759666
6464
13189
471364
396992
551425
186062
787986
366188
363252
38169
934510
26517
750405
37017
899392
242753
61632
664993
112179
99529
144296
867328
7882
934223
867328
734755
252429
690623
560924
324152
823265
130488
726902
498357
162683
36665
74883
126393
640056
393348
680844
669295
703766
276933
588130
632111
381034
666822
184390
531263
583103
775400
236474
270937
223598
92917
44057
725914
30937
382291
319308
588080
969915
818744
816928
49391
716416
109894
310079
385688
668108
246264
344274
797982
86679
152264
559774
791927
42875
983043
696253
560074
980359
100665
655726
416305
274354
952287
734707
332096
993486
44057
640207
840744
248206
313735
115024
704980
166273
27106
817557
230303
92548
448234
957200
995889
439457
905950
854097
460367
703804
394723
159215
181565
618054
974105
148079
573037
97388
495384
539212
775168
752726
701594
201512
776212
950269
513149
152713
149236
119802
688200
228686
875153
469484
515748
674338
118117
117957
98562
798780
70115
748287
554109
710129
396992
360949
434593
99872
579820
824337
815079
987006
338843
507331
45361
183632
83825
981489
701090
995263
446964
579800
688200
460112
113358
389588
825216
464849
117602
40291
233896
353468
246994
499155
416305
802356
701022
694370
284953
557303
445904
422932
632038
677658
343270
552958
358084
922970
297468
470795
901389
642160
642915
519940
59706
450698
923321
940946
343758
463042
58831
777524
942396
37691
152264
264873
745129
78325
443131
380408
61428
669373
332861
869375
34131
369912
247374
591944
592536
285888
583738
162980
727413
10693
430486
157839
913134
498182
442175
176405
560630
164457
911173
431634
806531
171282
437791
497409
399499
495048
440951
688585
336074
62182
500355
450572
892071
206833
100388
932927
957480
966421
705613
294557
275068
431517
293702
17772
178910
224750
351061
369268
560962
448670
146614
471364
785290
784445
920976
229033
394742
961773
97241
91140
416884
11378
294359
476155
118412
30937
922398
932844
220938
686323
259926
723866
680959
782430
37431
852162
276281
306398
788979
460921
47514
311186
17746
50052
778258
765404
901907
370196
909289
945565
560658
269050
896040
31261
757505
281681
663455
487594
564094
490544
427095
402825
653889
961776
362529
961194
508210
339109
325365
877420
440418
443210
477330
716606
831239
497016
590088
639709
297573
353682
562744
885213
366727
916158
242367
852996
630924
739893
501491
583103
71857
656607
552888
275159
98395
781338
37017
214054
149725
168066
293245
82031
995603
51494
135435
876094
934732
334565
351656
299354
238957
64730
876094
739260
999707
250746
601101
806119
104194
766566
268247
722317
795137
111964
232258
259161
539084
716625
236638
403343
414205
814801
225566
224897
308753
212795
820998
322472
802441
603622
353412
319308
735186
511115
556249
704809
11429
828060
266348
148378
79404
846298
250467
186742
527224
116206
227144
586789
275184
544231
920160
729646
908075
884182
942035
347200
61214
604916
413083
454161
898047
353499
520104
918110
64730
325110
365683
754490
77406
966935
451504
497684
928139
211547
396626
602734
393936
926781
275222
780493
636822
670820
184335
779626
322698
405721
789613
224962
247637
419358
862590
546216
497684
282842
339927
744339
4830
765329
118146
765047
780728
16801
610120
862056
944523
292594
929668
443055
714137
519984
33045
494685
334078
495048
750964
990738
192163
767873
673819
196611
523821
839429
986206
949309
661013
561088
301756
914948
937543
746601
64098
88683
706614
293245
748395
709688
66310
88725
721643
917729
449738
464273
528916
446818
656434
707567
390353
38618
969698
794722
704565
619628
114559
490250
139637
518075
253409
974597
294557
387615
376582
313735
104780
347900
894024
940034
893363
252036
992255
808501
952790
776672
739023
219394
215354
188744
10269
446082
357492
720400
60792
476246
744269
175812
157398
290677
758325
75779
880747
145228
514956
245186
533667
842139
461856
573908
177835
859774
788208
677356
265938
922677
638571
609903
364718
186266
106077
201242
903803
110157
571148
495531
565501
972006
160779
418055
561313
244756
915126
215245
109033
954710
222116
123206
989892
311913
591593
276162
451112
531198
900879
712545
22058
668342
925646
179212
