826625
439047
960186
687516
181321
446416
742781
446416
823687
304511
300992
571480
296469
446121
436685
756078
575071
992464
585679
128671
314885
735920
931933
23825
689993
29313
359788
295796
581463
501496
898011
144062
146465
245774
917200
417691
241485
334078
149128
632487
5134
126379
351371
61947
478445
457844
312451
472016
137914
382440
184879
103544
605023
930862
741558
100497
670250
569771
651806
588749
282172
676390
420102
409851
142368
186008
132557
863382
583801
987308
567813
517056
862692
642021
274276
578458
925974
371429
589090
964336
825577
929589
637904
792579
439047
495257
660170
18005
93676
560373
493618
424241
340814
870440
802939
360542
301859
60636
992464
405460
412575
71377
312430
853729
372182
305817
173271
722316
450282
41696
491791
893601
730105
698168
620087
798120
904665
584110
425603
244029
60509
552463
296882
225867
501742
675305
827418
629407
64237
24055
915387
559422
807735
856701
927625
55724
349737
209702
548792
430937
161075
739902
209244
616885
394891
213638
999643
907743
153367
645060
131870
362829
829985
809989
41696
244746
555052
401954
977048
130833
897173
672424
818672
814692
479785
410313
194317
686038
727134
426496
85792
863382
20664
193312
657060
74966
672309
483333
340754
282814
320753
613479
944432
918809
152217
150802
104233
188708
254366
789353
575071
298910
234441
455524
126270
661346
999003
116641
867582
846390
336869
706876
12545
155814
106939
152658
984035
53732
94074
930006
963985
886691
513747
507439
624809
753592
987653
174153
227397
323956
127650
401904
410999
707084
730663
779720
92944
15969
398493
250108
616442
759092
705823
151838
226838
542956
253125
426382
356401
205314
355278
375926
950318
339770
960499
444539
13924
264766
441983
584770
257731
8980
493618
367034
211721
772431
135807
853045
426143
184628
83297
439616
61436
246911
756693
96724
83906
530561
529932
459123
292096
338838
87900
57157
979269
301859
46366
129056
487943
716275
325030
760625
723580
513870
762216
926254
140669
573027
757071
950172
54525
954101
966577
940302
162067
353652
730442
452261
500845
630904
25648
350996
774515
338103
992571
818672
807071
317338
915510
855207
528790
403531
289794
247538
204376
457722
571029
600193
897747
659219
425322
407647
502440
638256
132378
934127
597945
526868
270666
910683
844777
307739
468374
796035
155398
521939
481444
737679
651440
88750
391547
976336
151935
340969
339947
541479
271387
684650
650307
500777
844388
801091
2333
304522
853534
314539
272322
200423
887923
827244
40672
684338
575759
906650
198251
567280
866361
427381
827244
480204
197841
532360
600442
569287
303763
803615
43145
887000
386942
172136
315069
920869
456747
955039
696714
9246
42569
585666
20557
909305
187303
602476
770862
63554
278609
431555
37771
405276
850233
180699
224721
895837
933168
181106
759815
843545
141239
680230
249618
836496
683659
807087
684950
15422
732417
272171
627950
758391
732260
431555
502058
960442
144108
872246
796497
158857
380793
808284
935117
258811
74610
483177
758022
606131
10364
664069
261531
399239
633683
697185
839201
319846
38829
693498
743305
968581
367462
901020
309098
966577
509190
223673
226774
431146
156873
736909
321918
952804
457841
771212
884417
275954
188136
188048
325548
796118
137763
353850
961955
303036
973334
325887
91607
635673
476648
519842
12873
227686
287077
240339
369196
789603
427458
611580
988280
564245
579280
339006
316981
239765
40839
170715
874211
473142
844564
709641
560332
132998
840071
410986
654916
139782
928164
488764
353909
257030
911549
230382
672505
883663
743855
343787
173302
262593
626753
825498
254407
8398
57157
971806
203288
806941
800372
678071
509282
415346
462782
692513
312927
519127
110429
760666
729617
989455
884103
570829
889636
520972
417637
130362
615174
124351
760601
356293
205616
662626
730663
145762
849762
388425
715202
696840
419862
669038
935861
82620
75629
481709
291391
549805
693616
954123
435473
770238
206681
220769
621670
874805
24465
311080
818791
290210
164876
739959
903630
308584
689197
202090
686291
409413
904099
564636
568502
922558
286399
310944
178961
895535
325169
249994
607963
370881
797884
841532
82619
893616
26316
690841
163643
553069
138512
889107
492399
741838
770429
887684
388482
931213
59883
635505
972033
560598
172211
2333
434098
974761
35146
615174
268016
242167
569032
829378
638926
936046
164735
59127
616856
958702
733632
335099
498651
80910
73112
885858
725066
260637
20679
719223
108100
190499
429005
152794
773940
498563
239907
100147
460785
728132
783365
860271
697358
995987
211840
106627
379558
927996
718196
266828
537217
38727
191393
908876
643385
308337
25846
258387
223833
564182
897467
301447
812578
205170
405662
740894
435860
690280
166896
774801
800329
83569
457943
499956
825899
898011
390229
475355
685767
969039
707351
733299
50153
166003
259168
194162
679565
200424
305421
601822
60992
638268
129056
579449
443110
286399
347188
261764
394590
419034
461111
670768
61851
871812
316147
668517
791050
663223
963566
116422
34282
53256
536032
593069
698771
690088
627245
871722
850895
829072
84110
729996
331735
457912
282262
231229
990839
391196
647154
733132
670987
494349
362317
976368
874655
853525
801193
596032
824020
666688
893676
364642
788267
495727
559404
307335
722102
260231
689929
893764
794341
320686
422506
522477
640613
922558
153344
757340
208036
702761
424977
222178
32625
675041
976319
950804
721009
293176
245609
505570
858761
901513
582028
854185
971227
755517
412575
711742
61375
741116
429005
400775
979720
759126
278255
517675
269117
974396
954726
765755
55724
185102
529489
321599
213120
675470
40499
42387
827244
578048
596226
240548
747362
975196
820978
425274
861881
755672
335031
92965
359224
385494
222226
267901
836559
938431
989314
625942
565294
763322
835853
638479
614409
122525
687353
681147
576685
559531
830423
357709
836114
999643
691480
741031
405709
847350
813031
690088
509116
17002
694572
577869
851202
8483
896886
151510
623172
21962
357709
76881
65194
169013
336550
675305
612339
503116
403435
499846
425928
364646
453684
543545
573225
481709
427176
190058
812134
649657
624061
135807
248221
809702
992464
57712
84383
738148
150015
905170
349560
886231
521141
416216
447845
298789
529541
894674
71287
946892
7220
27498
694115
396756
499801
59703
924189
400619
940181
92965
604279
4605
962715
757708
185678
267302
133846
109133
435315
252400
572667
395880
844635
933105
217962
993201
171884
193015
824387
53193
453922
323937
27224
134920
602197
325169
238396
517450
368054
286682
298789
266952
59572
564600
304076
484003
336869
472055
172087
808345
566255
821048
182868
645512
937088
520579
635739
531450
519127
595200
904665
869808
96881
74110
744554
138172
284272
640397
837891
301875
416216
769550
82619
333516
794029
25305
131730
690513
964643
989455
781819
759824
959477
547285
67443
110803
730968
812727
363167
586046
189398
390971
128036
978300
273388
748664
323956
476958
292747
630539
443110
958610
171348
284387
