826625
439047
960186
507671
457722
648027
742781
648027
9670
304511
300992
674250
296469
209239
436685
737475
335997
779162
849426
792921
314885
735920
90064
967101
689993
49246
726425
295796
581463
501496
825344
144062
137742
245774
6075
417691
241485
334078
158120
404429
5134
62622
351371
61947
478445
853638
291826
472016
51595
975079
850697
103544
32328
898286
741558
100497
574429
569771
102348
588749
282172
676390
706133
409851
937582
186008
859956
582788
583801
987308
567813
517056
862692
615605
878864
578458
925974
371429
839534
285341
771526
929589
637904
792579
439047
106656
660170
18005
7469
560373
493618
424241
363954
870440
395375
525333
544283
60636
992464
405460
412575
724888
272779
853729
372182
305817
173271
907162
205809
41696
491791
893601
730105
698168
620087
798120
904665
268313
35328
244029
60509
464493
638203
540516
501742
571188
590263
434055
64237
374455
915387
295383
821271
29171
657294
55724
909824
209702
409407
949962
161075
739902
977652
87478
394891
213638
999643
907743
130594
645060
510971
362829
829985
809989
41696
931556
555052
401954
977048
130833
897173
672424
835409
667240
271779
410313
137914
914972
727134
426496
159221
831632
761249
977879
800872
959211
590764
483333
382924
282814
958317
650111
944432
619970
152217
575622
104233
188708
785773
420225
575071
298910
234441
455524
126270
157976
999003
116641
867582
846390
112315
667428
407647
155814
106939
152658
984035
587132
689049
748623
963985
856088
513747
787014
624809
753592
987653
36320
227397
440285
146288
746779
410999
707084
885100
149553
92944
15969
398493
250108
616442
759092
392665
151838
353323
542956
397285
488478
240044
106164
424749
375926
950318
339770
139782
444539
13924
572138
441983
992226
252347
8980
493618
367034
211721
772431
135807
523259
426143
660069
83297
439616
61436
246911
756693
739499
83906
995382
529932
459123
127382
91334
87900
433789
979269
165512
186925
129056
487943
716275
507681
760625
271289
513870
762216
926254
140669
573027
670647
907014
54525
954101
966577
148937
162067
353652
730442
452261
500845
157274
25648
314712
774515
125200
190071
835409
807071
994028
915510
467109
528790
283066
894383
247538
761914
457722
761842
194330
191521
946459
425322
407647
502440
638256
537476
934127
597945
526868
784684
910683
706805
307739
468374
250008
247609
521939
859610
831494
368838
445892
40335
547077
335668
340969
101962
541479
271387
439922
650307
881597
63180
80767
148291
304522
853534
314539
387754
510425
241538
827244
40672
684338
575759
906650
198251
704012
866361
903529
827244
887442
197841
82634
814580
113315
191859
803615
43145
887000
386942
172136
114101
920869
456747
955039
696714
446554
42569
585666
553431
909305
651068
602476
762195
534392
278609
431555
37771
405276
850233
180699
224721
895837
300184
287751
253028
124546
141239
735676
233489
504413
731748
504332
80784
695924
305146
272171
627950
891855
333828
431555
180957
960442
144108
43546
919503
909733
491554
853396
889114
258811
74610
483177
895056
655773
38829
664069
508969
399239
633683
900905
788169
319846
38829
693498
999165
968581
756158
881052
107490
429797
509190
553109
226774
348343
156873
670793
538201
952804
457841
771212
86062
275954
663492
188048
602862
796118
137763
521155
961955
303036
958444
325887
601411
737715
476648
83760
588814
227686
287077
315944
369196
789603
453205
654016
988280
210776
579280
339006
316981
239765
639008
170715
874211
315787
844564
686803
560332
132998
696920
410986
87613
139782
530832
749152
942599
257030
911549
230382
528468
883663
743855
343787
173302
262593
626753
713482
254407
961237
199592
227412
203288
225866
800372
678071
500559
415346
462782
892487
749082
519127
855548
760666
207990
252111
380580
664926
170560
520972
417637
961174
615174
124351
760601
129312
291980
52409
907560
732285
67386
388425
667784
696840
419862
955310
129447
299624
75629
481709
291391
549805
204003
954123
691292
517260
206681
733879
621670
978811
24465
311080
818791
569512
164876
739959
219993
421167
689197
202090
637052
409413
960116
564636
568502
922558
286399
999914
63728
895535
325169
57052
607963
488401
734302
841532
82619
893616
803272
350449
422839
553069
138512
930659
948013
608025
770429
744979
333725
847678
59883
635505
972033
224266
172211
148291
434098
974761
382359
386530
29569
242167
30737
221778
283380
936046
559557
598111
616856
958702
593751
286142
823528
80910
73112
885858
725066
260637
310979
816156
705021
590004
429005
746298
773940
779532
239907
100147
460785
728132
783365
860271
697358
995987
211840
488575
379558
2446
653436
655829
537217
38727
191393
8071
689993
308337
25846
919833
576360
564182
839606
301447
812578
205170
799075
740894
435860
510691
166896
774801
61946
866480
457943
499956
794404
825344
863666
475355
685767
144201
707351
821028
143488
166003
58467
419761
679565
176350
305421
803386
60992
638268
129056
579449
961821
286399
347188
650117
643309
419034
461111
670768
172014
811561
316147
668517
791050
663223
569943
116422
70072
53256
699783
498693
416653
434480
398283
871722
554921
437496
912433
867610
331735
457912
282262
231229
751056
391196
37891
733132
647357
245603
362317
383132
492784
350945
544785
596032
935505
909347
893676
602258
876486
495727
958746
796027
722102
579062
403141
81566
794341
825548
422506
522477
129721
922558
153344
35726
740932
702761
424977
817625
32625
675041
828441
950804
721009
624605
618372
505570
858761
901513
337822
854185
971227
755517
412575
366862
61375
623392
429005
472512
979720
641323
278255
528875
269117
974396
954726
765755
55724
185102
985398
966418
710382
675470
648699
42387
827244
323488
596226
423628
747362
994922
820978
425274
861881
755672
749299
682398
96062
385494
222226
469839
836559
938431
235016
56256
850368
763322
63728
638479
146545
684338
687353
681147
576685
69654
653875
528069
836114
999643
416653
741031
405709
847350
287161
371802
710418
17002
694572
612491
341678
8483
612790
349283
976722
851359
528069
76881
65194
686246
674209
571188
612339
503116
403435
499846
347199
364646
786951
803336
573225
481709
291492
190058
812134
649657
624061
135807
248221
809702
779162
893199
84383
738148
58523
134153
939035
867948
521141
416216
375625
161791
529541
894674
71287
946892
7220
27498
881482
92095
499801
59703
924189
400619
940181
404420
457206
4605
962715
757708
185678
380969
73167
324804
125679
809371
572667
395880
844635
933105
217962
667784
26296
184167
788738
53193
453922
323937
723295
433248
806087
325169
224455
517450
485859
704939
298789
266952
59572
564600
304076
484003
112315
472055
172087
808345
888902
821048
182868
345729
937088
618372
635739
440941
519127
595200
904665
707698
96881
136680
582974
138172
284272
34881
662707
301875
416216
769550
82619
333516
293307
25305
26543
690513
964643
989455
781819
759824
959477
124344
779460
101589
730968
904801
363167
586046
189398
394768
425546
317249
273388
105711
440285
476958
292747
630539
189215
250657
529409
162182
