13493
332286
960186
943387
224452
11546
971190
11546
452470
88332
227594
941178
296469
879682
43250
289511
228692
992464
45528
792921
445003
523490
270370
413454
430679
729427
246655
77354
581463
68595
81236
932177
548186
678077
405968
642577
372827
572703
30121
751179
893468
716790
921101
322217
495625
457844
530470
823236
805321
783132
184879
880344
853935
930862
87558
749572
87456
778824
413273
567724
500253
232802
990529
431255
937582
186008
328807
977634
280803
987308
491762
769684
760868
642021
366086
724020
906972
818634
448283
875444
825577
564164
637904
106661
332286
544753
32408
18005
411501
578997
559061
561486
776448
400678
956130
597871
65798
239334
992464
650817
79294
221766
932736
826052
577535
245826
239610
267118
891412
555108
305031
391682
317853
698168
928442
556478
904665
332992
817206
341863
975608
957309
603991
536483
545329
675305
827418
202014
323128
264064
166901
559422
923054
128745
155708
300883
699854
193220
717313
949962
57985
149558
674513
758291
470684
150376
634003
52053
54732
434778
218723
18490
333827
659972
555108
931556
771546
984008
385515
883663
813382
18115
763932
276765
507589
946764
805321
713392
727134
829390
46613
977634
336504
536165
355518
795217
358007
531872
255371
447241
851078
620462
169538
619970
258148
973115
320684
21168
253283
624169
228692
251984
246675
485325
126270
269939
412049
877656
224176
537435
857893
667125
678738
286224
106939
909282
984035
73035
877052
930006
255765
378487
973725
507439
854345
66102
12080
877397
385582
913174
321829
408360
410999
990547
850811
885856
255975
250901
15933
892582
160028
759092
511938
693723
298750
147792
968627
588376
240044
668693
625784
672323
950318
436985
74113
518926
264210
572883
485352
601775
618505
744225
559061
195913
211721
40769
272704
536165
208002
690864
83297
21665
61436
246911
322390
96724
83906
626958
345850
731531
20077
142816
335466
81379
533228
65798
837901
818634
354465
346252
975072
786118
990529
479409
30189
190427
603202
29822
462441
995325
201111
520675
247616
621206
766071
604054
411614
452261
869839
630904
580907
337259
262412
167980
904988
763932
690529
317338
437757
978707
333827
403531
135776
247538
955103
224452
473541
69530
397480
926255
949248
678738
773922
238147
858762
155218
696288
661089
200035
433628
822504
694631
32305
529347
3264
909336
835014
560398
717655
652548
391547
246909
73035
687811
339947
221904
160349
265997
717933
325212
844388
255847
366095
464288
391051
29425
54705
382650
27465
827244
522951
684338
954483
719302
476412
294569
350879
870089
827244
154461
118079
159147
415610
13034
953344
558583
176898
640959
383073
810672
333363
851440
410218
976039
356812
592858
722613
108430
696682
930336
651068
588080
578791
96194
319183
573471
863448
37210
32434
59602
431340
823236
454787
181106
644482
710051
892821
632982
376843
557695
332285
405399
187892
997841
960908
905481
337613
305929
257927
573471
252728
976975
739827
372035
13262
449030
491554
558192
132222
716687
754881
235421
758022
409308
678660
142641
261531
658663
633683
468514
504277
130054
856527
693498
999165
294783
932789
595822
309098
247616
848873
223673
329400
431146
727363
900563
382415
650547
471031
683381
28368
275954
271462
354832
679029
438841
13869
109991
961955
979868
437137
78231
28599
432696
938470
323484
915435
619184
139120
280939
902830
530817
314563
18791
323994
853155
256502
454993
469263
819985
527344
61400
874211
68896
647569
938218
231934
211263
521917
823831
939577
135116
823109
141650
456293
257030
118240
650478
849311
883663
685540
343787
679238
450331
111877
89391
142039
119897
81379
209242
932287
841475
451466
972438
971619
737370
899406
692513
318714
117690
124328
813003
56437
989455
221400
623795
837895
53322
953290
10251
658578
124351
802306
15859
291980
662626
850811
202001
416536
861795
205417
191878
946646
927487
331301
768248
922242
348702
928442
549805
740857
696881
435473
931179
613533
616818
621670
742012
666525
751925
893811
469020
427215
188522
875246
125180
689197
606018
271482
158805
157122
604655
611396
922558
963271
310944
652116
966168
483376
226775
134841
227092
899959
840935
940802
315900
317651
305605
422839
553069
760045
761547
905105
702476
958834
346049
689038
779820
59883
785337
280980
513714
276225
366095
632310
46178
383433
658578
793441
242167
210650
298800
763106
686081
718704
525006
195105
771721
144883
262149
498651
816526
864786
533969
440378
355957
46566
719223
622088
839237
852581
972124
482508
183966
869593
308992
200427
700176
595880
881659
160259
997792
950654
440148
968287
680030
973851
210272
816478
170729
575396
165343
430679
245887
762888
433432
896755
196255
897467
546255
579403
257061
584309
523870
999533
261030
714450
774801
28227
4417
653910
578388
940261
81236
742693
198911
685767
93338
527801
865567
426474
341913
511442
419761
911091
900592
232058
941706
193981
686560
818634
136301
876352
963271
249165
802690
440948
195893
979028
363818
469051
837442
105165
465366
998315
230893
618136
511994
455139
63789
959868
43933
557146
419065
411879
108994
852214
437496
980981
789965
646895
171921
326498
950770
422664
82615
156619
733132
574348
925949
362317
901288
939306
524761
58424
542209
992673
99976
912924
710761
269586
485325
758610
782486
722102
607608
33612
446668
877108
734532
78425
446625
446197
922558
30108
125161
883123
483715
864732
222178
555543
155189
634481
830218
186017
410866
128469
337614
858761
809941
610764
504093
91093
549158
79294
451186
448813
950654
852581
33529
669069
561381
232453
123224
313251
14195
163292
604869
300883
866912
285104
186380
160866
688961
945700
298056
827244
158456
596226
447541
771367
494637
29865
856377
861881
83452
678405
804284
283242
385494
611325
300315
831040
929980
809687
994652
859306
924767
652116
811506
214318
684338
687353
924713
604054
559531
321031
928757
836114
634003
557146
211132
356795
25506
906308
419065
172018
510226
19930
925716
417781
213555
288939
123205
363181
859774
928757
164235
794865
112341
336550
675305
645196
164581
847946
800434
288152
364646
574542
803336
239695
348702
625525
793558
703024
299817
962251
272704
637244
273947
992464
230436
768675
178443
407505
752716
846766
441428
850450
902806
540567
519511
601435
819486
360829
245572
402923
933873
740556
512289
492760
497438
316840
46504
56777
804284
68349
820595
421134
444820
78907
380969
130793
384859
747807
208657
517138
741630
18115
25620
496545
205417
510448
349946
145939
566453
869865
546967
796885
739592
602197
483376
30915
517450
485859
172151
519511
652124
283829
468569
87105
484003
857893
472055
802583
564261
949233
674971
877073
773463
737136
128469
460944
972285
117690
274156
726083
614304
417737
655297
276500
138172
3530
371623
279299
237062
902806
343695
940802
526577
806190
858685
117258
317315
802361
989455
609406
759824
433457
772442
792497
970500
252408
478011
824121
965849
70419
625631
747985
593195
875516
216001
913174
723647
592918
709670
876352
607024
676637
121343
