607352
936341
968525
829682
118174
299502
179660
624349
870107
475079
783488
408304
137942
824205
116242
139598
648310
612072
450589
537931
218654
256600
54562
228668
431077
276297
933352
592017
403704
750701
873617
521717
191420
768806
851326
70403
801550
685516
461402
355069
201731
743392
899843
937673
152317
282809
656934
472883
663778
7041
346533
786703
955550
305215
187484
488522
492405
443041
381832
181958
567580
915189
476129
757954
400430
330565
263924
891982
674924
933850
42963
266970
378959
637566
673900
542798
559717
475245
806877
541964
196657
901141
63906
938899
835477
159454
265496
359815
232453
772334
784275
696127
44235
456171
85920
216310
851366
172869
942542
393053
915189
983080
110645
702492
389920
719866
184351
483252
724947
971897
771874
34875
588185
811137
922623
632107
103421
426048
795621
482265
922449
887256
165360
677167
378602
677413
247528
862438
705806
53309
243519
69969
871762
66374
142969
617687
986297
853315
527751
922037
370907
95797
911133
677488
324078
550212
772032
558899
356686
19583
626265
717922
798791
52708
443206
665604
182465
548086
150774
224653
804516
103363
419943
11385
242913
916974
798260
346698
65505
881699
49466
877020
297462
933441
645222
351371
147507
484013
159739
698067
860774
345734
398926
942257
628774
25304
898375
581406
977595
933222
436073
60984
534450
615947
702192
132317
684461
415987
486131
74192
463391
592110
24135
634059
503929
917538
678872
801925
148504
801061
664270
449809
389048
411887
406329
429128
925222
21555
208252
334190
70062
412864
858604
71701
875082
483252
88837
517802
30630
388533
218005
941733
729577
612715
170917
574398
567719
642707
860772
322262
604817
460245
688139
634626
392680
466585
776012
783074
194909
870595
886308
53586
877085
661686
449248
761661
391453
484429
915905
58009
423915
138529
576692
379281
653500
779279
736565
620291
387356
708538
296612
778389
516700
206864
535051
393053
639950
740292
224311
384345
189993
97795
381417
836192
546191
195232
933775
581117
629866
581900
774662
662976
26238
798756
292142
268781
457960
169143
530875
213531
500271
528585
684016
154861
617763
386132
202684
768463
77320
852103
33054
120944
453292
219675
818889
221495
299540
381298
942443
899546
640891
152912
922775
169916
521924
296612
852116
650492
717414
821381
212057
506584
424373
262056
516281
261940
228650
101385
249897
618866
725277
792243
851188
989730
1712
3106
864854
818802
174777
192520
556852
218865
21140
18008
447100
999527
797823
401578
877411
314321
142969
398642
379442
752294
934422
618706
6436
184241
938224
498843
6668
590172
748433
508139
496165
544265
32712
36132
809388
591152
508636
198523
317064
529895
421686
22668
855426
361371
519808
172514
776290
616804
45440
452492
628084
860056
889871
195604
139730
604984
860202
246247
716026
672378
180282
670195
237637
327359
893197
118316
30724
810841
859780
172128
903392
899078
179741
827514
476993
404778
773281
50009
885162
826411
456077
376975
365225
240915
414650
348488
979934
119928
21496
749307
44499
187807
601947
509862
804721
713186
432943
107043
283564
730800
837133
651590
641841
661548
228246
452658
295986
119732
27501
38659
863015
909755
740484
966824
166812
168677
213232
999138
636901
694795
702645
975785
811521
555163
346227
895524
990563
959347
996135
237856
139361
964320
687298
894510
154723
352426
477662
685380
764726
934915
730306
696130
149589
272083
196702
583110
259020
4139
551622
923633
878023
22364
463146
798651
135347
371976
789549
134214
976624
479591
61696
826355
619170
580251
725469
270520
925285
787138
838774
242901
614724
540079
669408
503725
209652
727935
597
421880
938952
251929
454521
943840
863482
822108
710219
751589
468931
922327
103656
214772
126298
933444
402578
244863
190073
358356
157816
305546
64179
337073
793751
511901
719122
998294
649882
158201
102536
888123
56425
625929
825652
351539
427571
129913
453036
639475
914685
748459
152014
208369
821096
986540
388808
84877
875085
953447
773521
170010
754106
595563
53791
695458
892559
690112
845736
832095
777064
389175
583247
491202
101652
445277
173163
336313
78702
583138
504234
332855
625038
788021
504482
467935
975768
262995
760094
298794
871266
831225
423998
150749
183822
785990
33452
649356
905697
654479
559178
626809
586666
751047
18354
21195
368848
944381
385467
814122
6355
140740
405960
242136
553187
447842
799559
705858
694795
988547
327677
256412
597531
248852
735933
907988
278781
707970
872034
802487
636749
779563
993132
847258
158097
908200
983376
972162
309093
382496
572352
940267
396626
890132
731808
530466
620683
196461
705033
620563
555895
402685
839795
378345
280275
833402
527794
898765
130165
548860
859182
699579
424807
205764
325740
29807
837270
666495
94655
626942
769291
285232
742936
595705
134441
584872
450602
770399
96234
776937
376690
175184
794113
668869
156156
886051
874492
185932
941590
119164
802006
308245
163800
582690
994304
308766
609640
960839
193203
707048
576756
671341
335568
660394
158995
383039
687138
446206
112069
409407
938590
337245
998452
658183
533922
651431
401925
126912
230741
340149
994994
366527
404994
508202
554954
953131
672812
161535
864616
678271
128844
957939
305721
591780
532879
969877
153288
350315
461806
290839
378758
345093
919771
265537
170030
770394
580530
55192
328340
600839
989997
304349
568615
592258
473475
379887
258909
911448
336306
585296
750351
789176
606675
374584
552831
190074
618430
840054
677397
945967
898692
75418
776470
672604
507859
908946
669342
56835
535687
572770
80187
559178
397103
836477
572657
692827
489322
271433
692945
869352
674315
529755
681792
161407
864392
946518
747637
41460
799709
141350
158374
942644
728604
171130
699046
14317
93362
480188
603113
522533
127956
77329
819759
868833
52410
445781
655848
108784
571809
984128
960774
174718
168903
368042
5049
436572
446672
879008
932081
87957
694040
848281
236310
510589
149759
100716
558779
17442
418075
220437
20077
183143
814408
37696
395496
749964
168811
679721
73353
850163
811022
68169
240881
464369
405951
953490
699020
1078
107372
700369
198170
947327
881876
158794
495703
267327
187995
546624
349003
622604
675461
270161
854914
544603
862210
206036
482169
776388
950850
684678
43594
499869
444753
729777
778648
807857
950007
145278
737596
507267
835755
318194
497569
544572
460508
534612
588854
158589
316545
524584
336206
271860
323544
188331
778094
384984
918317
58934
881483
687804
379627
144680
652737
301751
739444
844472
758748
136760
925437
595241
749574
508467
749694
936659
74504
520055
518081
658375
771958
314997
576431
984275
923461
835791
690138
856976
170539
657100
500870
99375
867467
321991
707042
191102
420885
467501
702395
904652
482920
703903
843234
702211
808872
444279
627200
670296
440378
720904
703056
171104
789293
387196
458227
225479
305589
220852
424807
718523
903805
798588
465591
132385
543546
811290
864532
94655
102
33897
333175
453421
292910
377508
8340
682482
17047
343828
541161
717792
741613
778750
