607352
936341
968525
829682
118174
299502
179660
624349
870107
475079
783488
408304
137942
991511
116242
139598
648310
612072
450589
537931
218654
256600
54562
228668
431077
276297
42556
592017
403704
750701
873617
826337
191420
768806
851326
70403
801550
685516
931660
355069
952479
743392
899843
937673
253932
282809
263215
472883
663778
7041
346533
786703
955550
305215
212922
488522
492405
443041
381832
181958
567580
915189
476129
757954
400430
330565
263924
891982
674924
933850
42963
266970
378959
637566
31379
542798
559717
475245
806877
541964
196657
527389
63906
938899
835477
159454
348383
359815
232453
772334
118270
696127
44235
456171
85920
216310
851366
172869
942542
393053
915189
983080
110645
702492
962461
719866
184351
483252
108561
971897
771874
34875
47999
811137
922623
632107
218871
426048
795621
482265
922449
887256
165360
542715
16979
183129
247528
862438
705806
53309
243519
51042
402081
66374
142969
617687
986297
853315
527751
922037
370907
95797
911133
677488
324078
212272
439793
558899
356686
19583
436683
717922
123941
716169
443206
665604
182465
512269
150774
610121
804516
103363
419943
11385
242913
916974
798260
346698
65505
881699
49466
877020
297462
933441
545115
351371
147507
184728
159739
424629
860774
345734
420024
942257
628774
25304
898375
581406
977595
933222
428911
60984
534450
615947
656083
132317
684461
415987
302214
74192
463391
836484
24135
634059
397043
965232
678872
150644
697088
801061
664270
449809
908225
411887
406329
429128
925222
21555
208252
593452
70062
459391
858604
71701
875082
483252
88837
517802
30630
388533
218005
941733
729577
612715
170917
574398
692755
642707
860772
322262
604817
525511
688139
634626
392680
466585
776012
783074
194909
320091
886308
53586
877085
32476
449248
761661
391453
484429
13141
58009
423915
138529
576692
379281
653500
779279
736565
244387
900373
708538
296612
778389
516700
206864
786741
393053
639950
740292
224311
384345
189993
97795
381417
836192
546191
195232
933775
581117
83330
581900
774662
662976
26238
798756
862491
268781
457960
173191
538616
213531
500271
528585
684016
154861
617763
386132
303637
768463
77320
852103
33054
120944
453292
219675
818889
221495
299540
381298
859708
899546
640891
152912
922775
169916
521924
296612
852116
650492
717414
821381
212057
506584
899131
262056
516281
261940
228650
101385
249897
919729
67458
792243
851188
989730
1712
3106
864854
818802
174777
192520
472182
218865
21140
192609
447100
605139
797823
863571
877411
314321
142969
363015
379442
752294
934422
618706
6436
23184
393683
523560
6668
362318
748433
508139
496165
94673
23761
36132
809388
591152
508636
198523
317064
529895
624421
22668
476837
361371
519808
172514
776290
616804
45440
452492
628084
860056
889871
195604
139730
271700
899361
246247
716026
672378
180282
670195
237637
710882
893197
118316
30724
810841
859780
172128
70014
899078
465343
827514
476993
404778
773281
50009
885162
826411
456077
639160
309056
240915
414650
348488
979934
119928
784965
749307
44499
120642
601947
509862
804721
713186
432943
107043
283564
730800
837133
651590
641841
661548
228246
740028
295986
119732
27501
38659
863015
927341
740484
966824
166812
168677
213232
999138
201142
694795
702645
975785
811521
555163
358344
895524
990563
959347
996135
237856
139361
964320
687298
894510
228287
352426
477662
685380
764726
934915
265311
696130
149589
272083
196702
583110
259020
4139
665107
923633
878023
22364
463146
881724
135347
371976
789549
191250
976624
479591
391713
826355
619170
212453
840253
270520
925285
787138
838774
242901
614724
90593
669408
503725
209652
727935
597
421880
482520
251929
454521
943840
863482
822108
883557
751589
468931
422481
103656
214772
326331
933444
402578
790874
190073
358356
157816
305546
64179
337073
793751
511901
220244
998294
649882
413060
102536
187750
56425
625929
427752
351539
427571
129913
453036
639475
914685
490129
795212
208369
821096
986540
388808
281146
875085
458987
773521
170010
158151
595563
53791
695458
892559
261161
316512
832095
777064
389175
583247
499869
101652
571628
687116
336313
78702
583138
504234
332855
625038
788021
504482
467935
975768
262995
760094
298794
871266
831225
423998
62245
183822
785990
33452
649356
905697
654479
559178
626809
586666
751047
18354
591198
368848
944381
385467
814122
6355
213120
405960
515413
553187
431221
799559
705858
694795
988547
322536
256412
597531
248852
735933
907988
278781
627212
914268
802487
636749
779563
993132
715945
838535
908200
983376
972162
309093
382496
572352
940267
396626
890132
731808
530466
620683
616014
116092
620563
555895
19593
839795
378345
280275
833402
527794
898765
130165
37088
859182
699579
424807
205764
325740
29807
673834
666495
623161
626942
769291
623925
742936
590531
134441
584872
281292
770399
96234
776937
298075
175184
794113
668869
156156
886051
595894
185932
941590
119164
802006
308245
163800
582690
994304
308766
609640
960839
193203
707048
698111
671341
335568
732316
158995
383039
687138
446206
112069
409407
938590
337245
998452
999309
533922
651431
374989
126912
86733
703886
994994
366527
404994
508202
247001
504676
672812
161535
864616
778974
128844
957939
305721
721790
532879
969877
153288
350315
461806
290839
378758
345093
919771
265537
170030
770394
580530
55192
328340
600839
989997
304349
568615
60934
473475
379887
258909
319374
522244
657106
750351
789176
606675
374584
552831
190074
982348
311534
297238
945967
898692
75418
776470
672604
322490
908946
669342
986484
535687
498634
80187
559178
397103
110952
572657
692827
489322
271433
991477
869352
846369
529755
681792
161407
864392
946518
747637
226249
799709
745890
430543
942644
728604
171130
699046
14317
879950
480188
603113
344000
127956
77329
819759
868833
52410
889085
655848
108784
571809
984128
960774
174718
168903
368042
930210
436572
446672
879008
932081
87957
189312
848281
236310
510589
149759
100716
558779
17442
418075
220437
20077
183143
814408
190218
395496
922594
168811
980196
73353
850163
811022
68169
240881
464369
405951
953490
699020
823328
107372
700369
198170
420669
881876
158794
495703
267327
187995
676916
743231
622604
675461
270161
854914
544603
862210
398287
482169
960712
950850
684678
8827
499869
444753
729777
778648
807857
950007
145278
737596
507267
835755
318194
944712
544572
460508
534612
577384
158589
316545
596551
336206
271860
323544
188331
778094
384984
949628
480309
881483
687804
887365
144680
652737
426036
739444
814780
758748
136760
925437
595241
749574
508467
749694
936659
75800
520055
518081
658375
771958
314997
576431
984275
986333
835791
835869
164278
170539
657100
500870
99375
867467
321991
707042
191102
829701
467501
702395
904652
482920
382499
843234
702211
808872
444279
627200
670296
465621
720904
703056
171104
789293
141057
458227
225479
82803
220852
226700
718523
903805
798588
465591
132385
543546
811290
864532
94655
102
33897
366488
453421
727985
295236
8340
682482
17047
343828
541161
717792
741613
778750
