820774
588464
898950
829682
459401
424792
96068
624349
202475
9861
783488
408304
137942
379506
116242
768000
963534
612072
18015
896984
218654
256600
460492
6152
988308
276297
933352
592017
721317
879059
542702
318923
191420
768806
688297
70403
854
685516
743611
355069
201731
358272
899843
608920
152317
846422
692669
472883
663778
7041
830463
786703
955550
716778
187484
919610
492405
5170
381832
181958
622764
915189
476129
757954
153544
330565
263924
891982
674924
933850
42963
266970
378959
637566
673900
542798
559717
669271
806877
541964
196657
901141
63906
841985
835477
620148
265496
359815
700577
248560
784275
696127
44235
456171
85920
197526
851366
675722
942542
393053
915189
983080
687099
702492
389920
719866
302448
483252
724947
971897
771874
34875
690786
407000
922623
495772
103421
109748
795621
482265
395194
279059
165360
677167
378602
677413
247528
351120
936281
53309
243519
69969
574488
66374
681987
617687
986297
871135
527751
922037
370907
200847
158148
677488
324078
550212
334909
191183
522663
805812
626265
978100
798791
52708
443206
679395
182465
954257
816528
35986
804516
103363
700210
11385
785484
916974
798260
346698
65505
648192
484746
877020
191168
320785
645222
351371
147507
484013
601053
698067
860774
345734
561052
942257
195313
894978
898375
581406
977595
933222
436073
274413
534450
242239
702192
132317
684461
221671
486131
74192
770615
592110
24135
339971
503929
917538
321991
801925
990324
19730
664270
641338
447921
894886
406329
429128
329936
21555
208252
334190
70062
412864
326766
972024
875082
483252
558008
249478
3158
388533
218005
941733
18680
612715
335521
574398
379281
642707
42240
322262
53606
460245
575762
634626
392680
115937
776012
646122
690732
135478
767173
53586
239337
661686
449248
761661
391453
484429
915905
58009
940026
138529
576692
379281
653500
482658
879552
620291
387356
511021
788979
778389
516700
206864
464000
393053
954380
740292
125565
899540
189993
581841
488008
836192
546191
195232
872575
857229
629866
592640
774662
662976
26238
645243
815499
589526
67141
622294
530875
213531
500271
528585
684016
17712
390248
386132
202684
768463
77320
852103
267419
919993
322887
219675
818889
221495
299540
381298
942443
899546
416905
152912
581750
264834
92609
296612
852116
777139
717414
821381
212057
506584
424373
262056
331386
261940
848351
157971
226169
407993
988181
792243
851188
989730
1712
3106
864854
818802
174777
455434
728189
136911
996979
176572
529750
999527
797823
401578
553387
314321
907743
928377
379442
752294
934422
618706
6436
184241
740059
498843
843105
787505
672394
508139
496165
544265
973928
997272
809388
591152
508636
198523
317064
368706
467963
22668
721906
858083
298107
871107
776290
563070
45440
452492
696475
824847
90754
936055
139730
604984
860202
246247
47706
152054
180282
972918
237637
399281
893197
118316
30724
810841
592017
172128
554171
899078
179741
295092
607329
404778
773281
50009
27231
826411
456077
376975
365225
240915
205663
348488
979934
119928
151593
585725
42537
346519
601947
509862
601117
713186
432943
148549
283564
595887
249045
651590
641841
661548
228246
452658
295986
119732
27501
876418
359003
885124
740484
966824
166812
883769
61225
972626
818728
799363
366592
975785
909315
555163
933468
14767
990563
51881
996135
237856
701892
964320
687298
894510
487286
352426
477662
364127
764726
128501
996201
317624
926286
272083
196702
583110
259020
4139
551622
923633
11821
22364
702792
88605
135347
371976
652230
134214
976624
479591
286058
826355
73495
580251
818062
270520
892834
787138
838774
242901
614724
540079
701240
72514
209652
727935
847184
69563
200643
251929
454521
65175
863482
822108
134093
751589
468931
922327
103656
214772
126298
164629
827549
244863
190073
358356
157816
305546
64179
337073
793751
222374
719122
998294
649882
158201
102536
455777
56425
625929
168829
852973
544360
129913
453036
639475
732682
400147
152014
208369
407696
986540
388808
376680
875085
94549
773521
170010
754106
704560
141432
695458
892559
690112
846289
504306
180828
802762
583247
491202
101652
445277
187126
336313
78702
583138
549864
332855
625038
554374
504482
965271
595927
262995
521308
35856
871266
828645
423998
150749
183822
785990
679904
964999
158301
654479
559178
844819
586666
944585
993242
610055
400884
944381
385467
53386
427302
613653
367960
242136
813618
530742
354996
455882
694795
988547
468922
251578
597531
148754
871218
907988
736518
10183
758050
187307
348761
779563
993132
107915
158097
908200
983376
972162
175420
32540
572352
940267
396626
595897
731808
530466
620683
996390
152226
982848
98386
402685
236565
378345
280275
833402
483884
694978
735444
548860
659886
131800
903332
273767
928093
29807
837270
666495
94655
626942
847558
923703
448748
574915
660965
584872
46658
770399
96234
776937
265750
812768
829768
668869
156156
886051
215028
185932
941590
119164
571312
308245
163800
582690
994304
902422
609640
55108
463717
754299
853289
671341
335568
660394
985232
810726
687138
828440
547091
409407
938590
158589
915332
658183
533922
651431
687813
822036
230741
551021
994994
366527
944183
508202
968628
370818
643190
161535
864616
678271
904952
957939
169890
775795
532879
969877
153288
350315
461806
290839
378758
345093
919771
265537
248538
770394
580530
261336
328340
600839
75834
304349
520883
40877
473475
379887
161722
749104
336306
585296
198601
789176
334172
374584
958871
190074
618430
840054
677397
626186
898692
500846
776470
451365
507859
908946
669342
56835
535687
572770
80187
559178
397103
836477
572657
412095
5982
424136
692945
316593
746514
529755
80386
665236
864392
946518
747637
814418
799709
428303
158374
942644
728604
790672
699046
14317
307060
480188
603113
332249
127956
242935
819759
943915
52410
456290
655848
112139
571809
984128
126637
309999
168903
368042
5049
213246
446672
238925
932081
87957
24527
71473
835437
807390
149759
497417
558779
17442
926446
220437
20077
183143
814408
534052
395496
99482
168811
139446
73353
850163
811022
169015
240881
464369
71188
953490
699020
766645
107372
700369
198170
114657
618434
158794
495703
3618
998588
462796
997272
27995
836891
270161
854914
544603
693177
180855
574291
213050
243110
684678
461077
491202
272608
729777
778648
807857
950007
145278
274224
507267
289200
934243
497569
544572
619733
770650
588854
158589
60578
43391
336206
842504
327216
188331
778094
149963
9079
250278
581269
687804
764289
196920
652737
981538
739444
94623
290160
153507
925437
595241
263174
508467
749694
936659
930101
111795
696200
658375
884680
314997
363619
984275
990758
835791
332940
856976
170539
714301
500870
99375
867467
321991
707042
497021
679661
667769
702395
904652
482920
906715
82977
729202
808872
31197
444661
670296
322450
720904
703056
171104
789293
874863
219860
225479
834756
491207
3411
560072
166750
798588
852602
132385
454295
121415
864532
94655
831365
850765
404978
453421
158972
377508
8340
682482
17047
579208
116310
521611
904280
555750
