828189
316152
518704
942652
496960
973449
847077
955044
920912
369627
748028
578701
60259
209495
315678
733034
836229
577209
524463
321144
825793
903462
249548
668198
8497
904687
353181
844099
503769
449855
569261
300887
710953
768806
282766
514277
107737
676377
224697
683911
952479
921877
398592
459292
621341
871558
328419
127947
309192
402658
150840
213265
136567
52523
170020
54128
346369
106582
910818
160450
839830
919944
15253
677789
736218
764704
287796
884255
708442
485003
807745
437254
955733
733556
728251
278398
950027
459219
904234
942315
897624
519214
125822
974614
84330
892419
827130
937351
845238
772334
318578
209159
228219
801004
678611
589917
251305
676377
400870
4133
919944
54128
160284
734962
368549
682444
745585
686613
445249
677789
452698
266457
599944
550254
645771
50591
416215
983512
464223
972197
790928
285578
733359
921926
558038
571196
312404
688288
868982
59578
715929
417053
491689
181316
603105
617687
18978
804728
102536
853169
234213
439302
736194
294905
145608
741583
792530
498277
145904
314981
576756
615665
673865
298469
290751
518846
773035
48303
528935
380491
385394
105545
783574
419203
212472
937759
727658
782722
864313
920822
626614
56349
458267
521222
364590
18623
794639
860689
309933
446412
403696
789401
452916
4431
879056
14383
851576
328164
117295
411593
140707
924470
881364
222529
788538
451753
965756
135217
206328
597764
525904
446535
569467
707832
914776
84305
125306
496155
393930
87451
664270
405136
811009
451952
680976
233127
38135
608525
964395
698685
276132
480992
610840
577926
991590
686613
257504
973584
779402
431041
764547
378418
6525
212710
50475
253936
489145
305638
884445
881494
538210
161888
191291
135525
162904
397537
90284
693898
746522
247393
390812
81400
691545
468424
648928
280446
231434
370214
611108
709861
360589
505722
847077
489145
206451
854333
419460
624839
328729
801252
609291
440174
195051
533697
744424
4133
661096
859134
609291
277368
393871
661151
865836
682530
379030
629304
143180
541728
733994
66018
771478
662976
811252
444052
863094
667046
355553
971432
575235
623539
401219
466182
659925
346990
759737
749594
853169
222368
437893
89104
534749
595992
424687
125033
845395
407610
784923
875095
267456
387255
615724
768601
543202
962734
497972
753100
135620
388735
157710
70414
849477
248092
248045
887923
100083
603572
76763
376463
983647
210523
414941
499035
31106
168301
956696
799189
721873
818802
915318
342025
226076
594193
996979
182366
489141
137684
23636
82172
311358
998616
603105
183531
487018
993187
718618
72139
948422
573774
152206
801742
942066
143102
784923
113201
388565
56802
108138
156107
288211
4154
344177
741043
173481
603025
829190
917878
425313
796612
810864
706481
234631
763612
912048
600475
400092
729761
991523
805118
679687
624288
733359
609514
228441
747515
217101
2054
51457
59078
186879
773453
428485
876052
859780
401219
468352
204546
498379
841309
291944
878134
685257
864887
186035
318066
226131
639160
797072
403737
578972
316457
367164
130687
445549
730360
530747
864159
489265
359488
862936
629472
486528
102228
637885
74128
311323
520728
753100
989504
805616
943333
276922
101597
934767
55686
287674
913831
771396
619748
173695
7749
275831
244642
22012
672489
287601
275227
47726
10586
788732
63634
401469
47234
111952
1481
164799
676556
544758
851453
816653
332934
927198
902801
634979
768477
972274
172444
189993
305634
38511
11463
321226
938991
813273
598330
326192
728981
840403
136992
639166
110798
518519
941755
419728
282209
535672
121798
790012
614899
917338
51133
532861
965594
164799
297677
307732
395554
103700
30592
219823
504443
364590
477053
324497
21947
776682
702578
509193
672609
195583
332388
468931
776559
513928
997355
861819
693509
633818
838562
458267
480648
149156
748132
191948
114644
557270
418931
897482
115004
533645
489956
807152
481604
246124
719238
853927
852973
351756
125391
62220
252330
419203
324807
73073
500082
422044
868324
892493
241348
651650
511251
144332
553379
153729
109408
379545
619476
105664
818560
899946
2257
197367
846551
98919
795065
726210
487847
943887
102544
219311
996473
909146
893058
197013
170651
153692
543621
290269
872753
141087
703487
348580
7518
790694
332630
44561
995797
879165
619250
198267
717377
472506
866846
828283
849477
500082
971086
591815
773340
852055
53386
915444
651168
604102
631983
629357
645427
82172
1694
789201
116346
811009
864102
775805
868881
335767
704705
689257
125791
305933
307956
660230
82971
440769
963397
94842
94063
748031
859780
759269
152691
351340
331831
188372
941771
418624
878821
453684
899179
497678
540206
62689
944440
334820
865115
921224
968799
767471
676014
421949
494765
885762
587373
506118
63394
12364
253600
244807
984421
30269
941748
482677
193218
213766
623375
883178
182264
401922
615274
554532
422550
362279
51757
637713
353181
32354
224485
62270
448270
95519
318066
199498
701959
114076
414019
994880
368577
609640
795233
918979
654946
576756
590737
895491
311010
666452
141542
404239
473196
771600
813355
970127
816036
590128
323800
816625
587862
917878
2959
353351
40766
596644
336608
813390
446056
32493
727310
343111
993243
19987
678271
342499
662401
46053
786727
279622
513464
313220
761820
851892
99444
614040
770169
332388
983257
504983
290020
885761
87039
932756
206419
29157
110804
387135
592258
404076
557051
699798
660433
266922
933866
2067
466182
683899
222327
360050
976835
934767
468306
296076
584061
197844
171627
728225
794010
86327
163139
765744
386330
513341
476283
990048
588352
339712
363191
39512
669234
739019
468568
960034
472131
624725
406343
923976
245971
239488
666026
188951
593547
508854
850182
631533
548550
87039
717591
367636
697698
603572
884016
721159
250420
541516
854035
718228
868833
556125
930369
391782
767373
59431
532416
69701
624302
11048
768922
663563
884016
487847
132160
803146
53658
880673
370443
192214
39863
29595
410335
236540
369739
404817
213345
173481
382464
972462
891699
715000
188582
82772
889052
442182
232024
807186
448347
587674
861251
558744
487909
822687
731896
320535
392552
840403
267537
696826
31495
655565
765062
608920
195457
906387
603140
176636
992928
767378
524163
19006
325529
616512
573331
832943
121262
449855
795065
138131
101033
301651
490391
971086
754585
462388
786472
679983
826069
48080
843700
569107
329767
760557
816036
316545
512582
970275
487711
869985
329545
757663
412886
76121
51599
478129
274839
866738
915633
939311
735960
998137
96331
296350
831726
641655
797568
7883
92600
221108
908045
547777
792761
880793
485032
962241
39192
930284
532249
737409
687693
150044
990048
19420
565849
689951
363135
997497
125306
707042
901740
109408
446385
781031
835481
691827
614986
186152
663148
519214
765004
567080
626193
232742
594277
424687
723574
168301
138951
140690
358726
488228
481982
506118
158741
439257
806489
946383
527598
66198
462434
973951
30269
290269
632030
497972
515563
318240
159598
357823
518613
387349
92295
31083
972260
217470
360050
