460663
209310
89248
362195
926377
837978
588943
162218
511092
648511
847585
549159
279761
698786
377970
336389
263869
71066
400874
269112
685162
196539
419574
45743
461249
501634
920375
34933
182623
891359
76879
438642
205177
618128
364182
418725
846152
965777
935755
884467
654531
375712
525167
74783
191046
190056
884851
611444
8221
448164
199796
510552
483029
326166
730091
116923
405771
751735
370843
688833
982629
572126
61513
797740
543653
910634
456544
632753
681303
685800
320612
947294
821859
886391
275022
888067
55041
897149
995475
870418
381264
643549
922594
387138
408707
131114
938495
240166
454250
925900
33612
430208
325623
536806
925707
95265
970923
696443
145333
370860
88946
187453
349615
621358
299132
905323
794569
903011
921384
569243
673090
753225
814289
826115
597848
539144
374715
367834
827873
468982
848980
731732
849590
906914
59043
432058
403817
169766
305549
929168
902428
562462
126481
544926
513509
489590
453998
775642
689466
74029
456705
297294
145580
836667
526148
617714
531915
925834
615242
320888
681816
536072
341739
986426
103349
189125
635071
772312
885750
509046
893216
807744
849331
844711
404145
42371
233769
952804
738291
692125
517614
447851
661261
532919
4678
34588
723345
734422
661022
549281
591783
183764
269337
21718
558310
198661
203071
689181
876689
440280
236388
908216
157019
798345
861784
473602
940115
931821
799456
994516
183337
588080
461665
885101
144800
655846
114533
79013
878023
418955
452180
811177
757384
87351
858221
534087
444512
428562
655772
673037
569809
982741
940972
539759
637037
852125
396109
129632
128776
930782
971296
462782
438901
734957
623952
712465
758658
512597
445997
107576
272257
333699
924178
311238
665155
151163
776580
889816
483367
827086
19435
646476
944001
226560
485241
494969
596068
905429
852355
815800
75912
127119
145100
737115
357802
894030
744141
56251
622600
859473
809727
103324
175305
529038
372272
328546
607279
571636
319593
196055
195665
584889
779692
999253
599525
752876
523874
558460
412914
603901
54096
60087
297394
514423
177936
630414
550493
693632
527923
813441
689255
593439
898615
298239
270864
442558
316789
395792
630558
896227
988078
815532
145692
392316
572272
111501
977373
590643
871841
993079
748590
656541
832773
55502
940472
297682
138716
961155
917677
363509
312327
280721
466650
35627
662574
879385
2028
97943
481929
719414
998850
395573
221356
125780
628608
580308
986222
488171
878702
759740
151703
594188
462316
850127
794402
124950
720259
721587
251136
79111
330455
944499
813809
167498
542062
450156
319380
16232
134610
558156
845703
538098
387292
835158
70173
96067
552071
956252
600464
794467
26577
888853
317824
236231
650968
233581
791750
390968
12596
3934
3057
273680
849584
928145
619774
910383
631468
237996
485182
359459
864437
757275
296101
526943
114314
981364
976662
123191
234260
266331
143100
267456
559277
422232
308477
713793
257192
600396
234221
128572
313507
546496
899464
315411
810725
759188
444865
256062
313684
430331
771709
611474
84812
769463
445966
114559
611318
273767
764567
849665
65088
443215
206119
632573
652391
289680
856635
939779
558635
106485
407989
724799
376629
854747
46621
784378
387392
624919
439780
41250
722099
465110
127590
619065
744533
272047
751376
794190
892491
627772
450488
7605
34317
689934
875479
652501
447712
484288
303039
758662
829767
676663
181315
952515
57069
531108
634931
166563
102452
352444
854789
468051
519708
629293
4425
964622
787208
812479
973399
992998
915134
133066
511254
783921
994629
97832
14095
552558
470052
100086
72769
921107
818452
948998
305702
448955
522300
169228
195486
148847
97550
714650
803071
512655
448608
52440
905837
553774
161035
218343
131303
809826
645618
130085
433177
821185
436832
686677
477100
888771
568838
520802
975881
22634
613913
571997
675725
932020
144872
133335
46425
567261
288516
325912
715181
73678
40461
573481
390696
602932
180686
359741
615031
89952
379620
440873
800949
692757
982921
161382
513789
186965
718917
948751
965188
938015
983688
85391
792800
691368
411186
44150
697633
276961
316077
745282
973740
649189
305752
79379
599465
236026
721975
362720
425380
817224
737944
711280
912248
709354
989648
336878
840342
241335
203543
210637
677573
642975
859626
189857
973867
441504
611334
810551
240906
235946
255362
813170
478588
8221
800325
675800
17421
26552
697064
255643
469022
672268
856122
885852
38295
392503
965679
365492
224492
348457
547091
434624
682766
980534
751823
296955
911320
425159
380453
760162
416008
827486
598959
967462
264947
353229
439513
927077
645516
56051
44782
551556
664430
215563
806294
97665
867696
700324
868269
872963
40422
245032
953311
427130
236026
426095
419265
653814
744454
69321
232896
426540
463541
247628
981486
698654
644176
149706
954912
871159
484363
863228
72612
932752
333430
957617
282979
297901
481007
155276
562726
956813
557566
833160
949290
869925
898926
75052
111603
106603
764547
590561
419612
936959
516440
226128
286068
188284
117480
352468
637951
48800
39918
545909
22363
480849
140956
267926
337876
153839
794347
427130
177637
11713
450881
595957
451375
97152
354020
347257
347250
208407
809028
547035
95468
145853
279639
738773
302397
366971
451640
100791
821177
333661
883390
129451
59628
164609
308851
679507
530675
635269
14313
621983
805632
644431
440330
72442
298524
462912
826863
332053
859633
215083
330469
31549
910386
453234
830253
782
684946
734877
919663
317652
664642
111420
952486
724051
310020
140681
423054
813043
107567
561436
525924
407969
777385
335943
564185
366791
312912
563845
918166
214820
285809
181978
988080
735588
117235
424055
716996
863228
423001
869463
681692
421025
314683
597091
367609
303712
306620
271653
728568
617949
99832
528931
282956
819795
654554
319235
529582
230265
858218
983582
162204
993705
719030
201710
673090
766428
562212
960936
724312
952189
792633
715723
293590
284348
199158
553326
960743
125226
286546
882872
644427
319313
544346
887660
82867
81725
749230
258132
388134
128028
488102
562396
274728
603407
356080
756325
78857
17832
206923
868987
940873
4743
331101
38659
543144
200143
445846
143706
501835
811538
956487
781785
964253
30814
900051
139363
503937
521647
519135
35670
882624
852883
589075
943753
804280
922223
70494
778285
774192
587219
775852
18458
927368
402679
263083
3421
447844
45455
909266
124288
962749
940020
710735
603613
554602
855633
433096
189424
629491
169346
226636
562221
86196
542179
843380
886805
831274
132033
744511
183836
683793
991674
540999
857439
393767
592430
577798
38957
174896
961713
757907
509011
951885
811218
862206
277237
675210
117489
903210
926202
163802
484301
89302
328512
355270
290843
600329
390287
992130
714449
237883
878574
417002
213248
175645
440280
551825
462094
854593
956032
746108
427076
888579
706601
24992
400900
620999
554398
428070
343321
321708
240406
963244
567308
245405
668022
248061
269256
564968
738927
211295
394896
933204
780196
89236
819889
12787
206215
532820
879967
