460663
209310
719710
362195
926377
837978
588943
162218
93546
648511
847585
549159
990724
698786
377970
336389
263869
71066
500653
399870
685162
196539
419574
704010
869116
501634
680227
34933
182623
384413
76879
438642
205177
618128
364182
418725
846152
965777
500555
884467
654531
375712
525167
188034
191046
190056
884851
939414
8221
448164
199796
844613
483029
326166
730091
116923
405771
751735
370843
572693
982629
572126
61513
797740
543653
910634
246492
632753
681303
23515
320612
152423
821859
886391
275022
888067
413833
897149
995475
870418
692133
643549
241816
387138
408707
131114
938495
240166
226781
925900
191747
430208
325623
627847
925707
95265
211130
999319
145333
572189
88946
187453
77778
621358
299132
905323
300422
903011
992940
569243
673090
753225
814289
826115
597848
186888
374715
367834
827873
468982
743367
541675
849590
931178
59043
125430
403817
169766
311520
19853
548445
562462
126481
544926
513509
489590
453998
775642
689466
74029
456705
297294
145580
965291
526148
617714
531915
884329
615242
320888
681816
536072
341739
986426
103349
586262
635071
772312
951586
509046
893216
807744
445015
844711
404145
42371
233769
952804
312873
448095
635652
447851
637747
103682
4678
724373
705808
734422
661022
894940
769034
183764
269337
21718
558310
971478
203071
689181
876689
608562
236388
908216
157019
798345
861784
473602
940115
339040
362
994516
183337
588080
645497
885101
144800
655846
114533
210186
878023
418955
452180
811177
757384
87351
858221
534087
444512
428562
655772
673037
569809
487520
338736
399520
637037
38529
414018
129632
796743
990575
971296
462782
864117
734957
623952
712465
758658
512597
573361
107576
272257
333699
924178
311238
665155
151163
776580
889816
483367
460733
19435
646476
944001
226560
485241
494969
32997
945777
852355
815800
75912
474970
145100
737115
357802
894030
955931
56251
622600
859473
582430
882575
175305
244794
372272
225520
607279
571636
757488
196055
195665
584889
372482
140186
599525
752876
523874
558460
412914
603901
54096
60087
297394
949825
670483
630414
614917
747870
527923
813441
689255
575212
898615
298239
270864
442558
316789
395792
630558
158877
988078
961953
145692
392316
572272
714202
977373
590643
21126
679029
290925
656541
388653
55502
940472
160081
409552
961155
198997
966320
312327
280721
466650
679853
662574
879385
2028
97943
522785
573255
433010
395573
221356
471684
967921
580308
986222
488171
878702
759740
151703
594188
462316
850127
794402
215841
720259
721587
251136
79111
330455
944499
813809
167498
542062
450156
319380
16232
134610
558156
906046
538098
502064
646385
70173
705101
761127
956252
600464
794467
26577
712374
623416
236231
650968
233581
791750
176142
12596
3934
149893
168973
849584
928145
122811
910383
631468
237996
485182
359459
864437
757275
296101
526943
114314
711959
808182
123191
234260
266331
143100
267456
451532
422232
308477
713793
203811
600396
234221
128572
313507
546496
899464
315411
810725
885279
917666
256062
313684
818911
771709
611474
84812
769463
310629
114559
611318
273767
764567
849665
583382
185767
206119
632573
112298
289680
856635
939779
556290
106485
407989
530202
376629
854747
46621
451679
387392
624919
439780
41250
722099
465110
708780
748921
702487
272047
751376
868135
268720
565154
450488
7605
34317
689934
875479
652501
447712
484288
303039
758662
829767
997761
181315
952515
57069
531108
634931
166563
102452
352444
854789
808935
519708
629293
4425
964622
787208
812479
973399
992998
915134
133066
511254
616103
448923
97832
14095
552558
470052
100086
72769
691317
818452
948998
305702
129544
285477
169228
195486
148847
97550
714650
782484
512655
998647
52440
539326
702657
161035
218343
6593
809826
270985
130085
433177
821185
436832
686677
293898
888771
568838
520802
975881
22634
857323
571997
675725
238197
144872
133335
46425
567261
496797
640862
547124
424522
40461
573481
390696
602932
181485
22271
615031
506904
83835
440873
800949
692757
811922
161382
513789
186965
718917
948751
543939
938015
983688
65925
792800
288161
297390
44150
144058
276961
419430
745282
973740
649189
305752
735098
57120
236026
721975
362720
425380
146454
737944
711280
912248
942489
989648
336878
840342
241335
292363
874273
677573
796847
880618
189857
194
441504
611334
76953
679104
13625
255362
813170
478588
8221
800325
675800
17421
26552
697064
255643
469022
672268
239783
885852
38295
427889
463350
365492
165499
348457
547091
434624
682766
438893
56404
296955
911320
222412
439255
143110
416008
827486
870025
967462
264947
353229
630741
927077
645516
56051
44782
551556
664430
215563
806294
95780
867696
700324
868269
99333
194612
732972
953311
427130
847044
426095
419265
653814
712021
69321
232896
426540
516148
247628
981486
698654
644176
149706
954912
871159
484363
863228
72612
932752
536634
957617
443335
297901
929004
155276
562726
914813
557566
833160
949290
869925
713837
75052
111603
106603
764547
590561
419612
936959
516440
226128
286068
188284
117480
372122
637951
48800
39918
545909
916906
955425
140956
583382
337876
153839
794347
41842
177637
11713
450881
383197
106662
311750
354020
92440
347250
208407
809028
547035
95468
145853
754976
738773
302397
366971
451640
279200
821177
630670
883390
129451
59628
164609
308851
679507
530675
635269
14313
621983
805632
644431
440330
72442
298524
462912
826863
332053
859633
215083
107678
31549
910386
453234
372964
782
684946
734877
919663
317652
685744
668347
952486
176755
228830
140681
423054
813043
107567
561436
606005
407969
742705
335943
564185
366791
312912
28785
918166
301736
142704
181978
988080
735588
117235
424055
716996
863228
78342
869463
681692
421025
314683
597091
367609
303712
306620
271653
728568
781551
99832
528931
282956
819795
654554
319235
529582
230265
858218
80794
973167
301373
719030
811515
673090
766428
562212
960936
724312
952189
792633
844729
293590
284348
199158
29058
879324
654232
286546
258363
644427
326806
544346
887660
82867
81725
749230
111519
388134
128028
488102
562396
274728
693226
356080
756325
981902
208110
206923
868987
379103
4743
331101
38659
543144
200143
696029
143706
501835
811538
956487
781785
964253
30814
900051
58599
503937
521647
519135
35670
946290
852883
589075
943753
804280
922223
70494
778285
774192
587219
775852
18458
402769
208336
263083
3421
447844
45455
982514
124288
962749
109999
878015
603613
554602
855633
433096
189424
629491
453289
582975
562221
86196
542179
843380
879516
831274
132033
744511
500640
683793
123640
540999
795171
393767
592430
577798
370896
174896
786538
757907
509011
881958
811218
862206
277237
675210
117489
903210
926202
667466
484301
89302
328512
355270
290843
600329
390287
992130
292408
237883
878574
417002
213248
175645
608562
551825
351188
854593
956032
364517
427076
888579
333746
24992
400900
620999
554398
428070
343321
321708
240406
963244
567308
245405
668022
227352
269256
564968
738927
128190
394896
933204
780196
89236
819889
12787
206215
532820
879967
