322036
209310
564063
782876
926377
508353
588943
162218
436274
648511
230988
772391
493351
582798
817361
197479
263869
832907
882502
269112
685162
171444
107262
284816
461249
501634
920375
34933
182623
891359
76879
438642
963332
618128
199488
439549
846152
965777
935755
311995
432543
375712
190989
35193
725773
190056
170723
611444
8221
448164
121052
696075
483029
326166
730091
116923
405771
208675
370843
688833
761535
954356
522430
731065
217505
910634
860413
632753
389506
537443
320612
273359
821859
886391
275022
888067
3557
897149
36576
870418
934586
643549
951724
387138
408707
439030
828538
240166
346558
925900
33612
335290
851589
536806
45395
95265
340060
696443
145333
370860
88946
187453
38320
861264
299132
905323
341875
605228
921384
569243
673090
652828
814289
378922
510207
992805
781668
382936
827873
881180
194323
835286
849590
831572
472494
432058
403817
25043
74325
61171
902428
38380
369761
34119
504748
489590
336666
426280
414768
452861
797767
621249
144086
836667
526148
617714
995816
197236
615242
320888
681816
536072
341739
445650
103349
189125
897427
504269
885750
509046
893216
847141
99637
903425
404145
42371
233769
952804
640639
692125
517614
447851
661261
470512
4678
34588
346081
507908
661022
549281
210981
183764
269337
407355
665010
198661
203071
754965
876689
440280
77097
908216
157019
705201
861784
473602
313505
931821
896232
994516
183337
588080
779594
954990
144800
341550
114533
79013
878023
658658
452180
811177
791514
87351
858221
534087
78801
428562
655772
512391
666589
982741
413501
539759
606128
852125
396109
129632
128776
930782
971296
347150
264598
897892
623952
367682
393990
46172
445997
133974
272257
333699
924178
311238
665155
151163
776580
889816
483367
827086
117025
646476
944001
226560
609512
494969
268758
905429
852355
815800
752948
788829
145100
737115
357802
863298
312375
56251
261770
859473
133947
98702
20538
217596
536661
565617
115861
571636
319593
196055
666510
311295
779692
133606
599525
752876
902238
386565
412914
603901
54096
732535
297394
627511
383984
119813
478528
693632
527923
655339
689255
651013
898615
298239
911602
442558
316789
949284
509207
285636
388515
815532
917059
681349
572272
111501
977373
288516
502447
993079
748590
527956
71698
55502
940472
297682
138716
743267
940919
363509
427645
280721
76905
35627
662574
879385
682670
647007
618864
814430
998850
395573
221356
285352
628608
352035
986222
488171
878702
759740
653917
735918
462316
340070
794402
124950
720259
261552
251136
220153
330455
944499
249164
167498
61810
522550
571235
60997
629640
575204
845703
377546
387292
835158
70173
991371
916304
871656
600464
794467
26577
365333
317824
236231
650968
233581
992895
389877
12596
177462
276186
273680
849584
928145
619774
910383
631468
237996
485182
552619
864437
757275
296101
526943
114314
981364
766393
123191
234260
266331
143100
267456
559277
960982
153757
365618
727177
386055
802750
128572
576914
949496
899464
315411
810725
341748
444865
171365
313684
430331
727034
842519
84812
837258
826155
114559
611318
273767
40387
849665
646393
160549
206119
778148
661611
289680
856635
821420
558635
953475
407989
114102
810418
854747
46621
849210
387392
45191
439780
41250
722099
465110
127590
619065
710245
272047
754332
794190
892491
295799
236403
7605
34317
776162
875479
270287
447712
484288
303039
925623
829767
79400
461497
836137
57069
531108
634931
858504
102452
352444
854789
835127
332318
979140
860545
790172
80134
373116
973399
98167
915134
133066
511254
596118
274351
97832
935787
552558
93924
100086
72769
802730
818452
948998
895740
547739
522300
204615
803457
909475
97550
979366
803071
143653
448608
52440
905837
553774
251117
218343
928341
809826
645618
348921
433177
821185
436832
337595
273144
888771
219281
292844
975881
47799
613913
559965
675725
229676
698790
133335
966106
986522
288516
325912
13690
73678
92454
573481
390696
602932
180686
359741
615031
279078
379620
580233
558496
66230
868095
161382
513789
796979
737661
203796
965188
938015
983688
85391
792800
155796
288559
44150
697633
276961
817575
745282
973740
649189
271681
375921
237919
236026
495270
567169
425380
817224
737944
711280
110662
709354
642821
273982
947049
241335
604345
339579
677573
25034
859626
189857
973867
850410
37001
810551
240906
235946
535290
813170
172109
8221
779073
675800
338890
152599
958994
423321
111357
661906
819773
162312
299071
392503
101481
170682
679189
62197
547091
434624
682766
980534
751823
296955
911320
425159
380453
879368
416008
827486
598959
967462
672037
353229
439513
146964
962873
990471
44782
277413
664430
215563
806294
97665
867696
700324
868269
595487
40422
245032
953311
283118
236026
749315
419265
365580
839829
69321
482581
211791
75793
247628
189346
315148
644176
977893
954912
220859
484363
863228
72612
932752
867857
957617
746638
297901
118845
943162
562726
767391
557566
833160
949290
48408
40802
75052
111603
106603
767342
590561
662997
936959
72
796865
794162
702632
117480
352468
869736
48800
39918
352242
22363
480849
140956
733125
337876
512389
794347
283118
177637
965551
450881
72224
451375
97152
844092
347257
347250
750377
257352
547035
623755
756605
279639
738773
77365
366971
451640
100791
821177
333661
883390
129451
557658
164609
79515
164987
683774
635269
876152
621983
805632
644431
563734
72442
203569
462912
826863
332053
859633
556003
330469
574492
124498
453234
928303
782
967582
734877
919663
722977
664642
844043
952486
724051
310020
875035
578233
813043
107567
757920
584587
389569
777385
335943
599454
995506
121221
563845
806993
300932
530616
543442
988080
812338
380249
424055
139681
863228
890814
869463
681692
275545
279254
597091
367609
303712
818521
271653
85604
191993
5035
421800
608975
819795
654554
319235
529582
230265
858218
684197
534725
993705
719030
201710
161888
766428
237222
755618
724312
621449
961649
226401
574900
807629
199158
415046
960743
98504
286546
199607
644427
319313
544346
208075
82867
81725
749230
258132
388134
128028
592858
152695
274728
697432
356080
756325
410629
17832
282961
988988
940873
307208
331101
948056
634805
415245
391797
143706
378227
811538
961432
781785
964253
30814
900051
139363
163697
521647
100726
35670
224589
313199
116037
943753
804280
922223
653280
249744
774192
587219
775852
18458
927368
402679
993623
3421
447844
45455
55390
124288
962749
940020
789880
629120
770336
855633
433096
189424
629491
655186
743464
504346
86196
542179
215991
79789
665433
132033
744511
374083
683793
567101
540999
857439
393767
241146
577798
38957
103070
551889
369589
509011
806081
962977
862206
277237
675210
803525
903210
178395
163802
974266
89302
328512
583018
335685
577283
105228
708166
88131
237883
878574
417002
213248
995071
440280
954065
755555
854593
956032
746108
670931
888579
706601
24992
198362
620999
140888
834366
858339
476847
6627
95711
567308
653580
694306
872605
269256
426556
738927
885295
394896
933204
252938
89236
819889
12787
206215
532820
879967
