657503
467569
845742
571662
572141
617811
462568
586488
303156
758097
301385
936254
379360
644647
947504
645460
535111
965636
871227
657503
474187
611830
325433
446610
112188
272673
393430
999988
920757
291588
723736
581144
357255
342173
945545
349429
49049
996762
645953
50136
361301
923470
180665
660273
764278
120853
835969
199
632160
742175
281636
251345
752320
441767
711664
292853
347479
844419
790573
57166
50352
217832
315353
828361
776952
388001
482023
681279
493175
854382
374178
244620
423117
432264
168717
385226
758097
23570
49809
69321
156678
739149
62863
457373
25661
840998
606337
502251
738743
847310
681531
498608
178722
563692
626955
790058
659420
696443
857247
246722
402547
848878
248241
574214
646128
577566
788463
530921
355074
730901
7560
896852
992704
826115
643009
644390
327836
344600
151499
991873
404026
824371
230177
873913
45117
523890
708311
587587
694693
455638
265981
562462
562624
135045
65554
489590
535546
642203
407746
456578
31544
907749
910386
341585
447912
778018
369223
85256
417558
588949
681816
23165
926333
382504
357072
918422
196371
309827
421436
509046
106926
460094
123083
242456
241626
510277
162742
374802
196051
446542
231625
549033
549682
574896
638877
686313
160752
183917
456818
173855
20233
52982
323045
163497
531028
74707
663438
603480
674575
903105
823419
795724
520975
16838
135816
398517
241422
76022
324354
773892
19778
479724
872772
332757
532433
271214
114533
210186
226755
557606
719831
708601
190341
371424
132237
664045
441570
428562
854382
954345
210859
167418
67221
399520
345266
555046
465547
929055
89563
513364
508426
958461
864117
492659
295834
3154
756993
268033
95308
129324
89674
83429
53440
583642
285330
379601
574755
385025
762384
436475
203976
120899
493233
788727
314391
23899
192338
753582
634702
239381
288607
545134
862388
392521
357802
371181
530294
454568
163307
601778
317898
86726
939409
641996
208518
454525
513958
228826
319593
501577
679949
112954
315903
166856
585184
820134
319608
58722
884296
910263
587069
171532
820134
679081
108843
585489
925937
147666
654381
58093
836649
325823
233897
298239
862707
846749
741111
667524
742740
337687
532141
675586
744818
955205
858758
775808
74212
628194
472084
650057
662564
527956
340123
15599
80984
772935
17290
691274
37668
600287
123783
454248
907571
5326
662574
159274
629067
97943
45082
246129
100970
421987
916629
736307
753643
318961
721198
802324
603438
112315
670595
709637
541915
302708
524070
449190
801566
744544
693322
354215
330455
57261
256677
867214
271582
729597
595568
54313
357072
662719
524070
661373
484466
387516
446755
81839
255083
355532
771005
856094
729530
383140
443835
645508
490664
995899
579581
426599
614044
40065
578567
755704
742652
189270
224843
908007
8291
246742
604886
65298
438123
305085
289249
84244
563554
113981
294051
222592
865517
45448
18321
338501
285019
473217
308477
845742
105783
273483
324256
454568
507495
244403
736608
551708
837323
415566
432882
813059
490708
430331
771709
291773
132289
852612
132425
485723
151263
244635
667923
260046
784299
265022
6564
359093
13389
601969
373713
465194
179248
106485
898359
983242
92553
589550
864214
392614
827441
624919
76158
687611
681843
465110
659528
961381
272605
806797
334126
276515
550123
159847
945545
407368
765313
160752
750133
137140
795236
677480
820787
941057
201153
999556
113300
904262
89889
831189
671566
758309
423117
164464
461309
620049
262065
921904
4425
960465
989258
37668
547742
890250
530435
513958
387749
254557
879445
548090
872531
183808
703199
139263
72925
687775
818452
948002
816261
995631
958996
48034
244403
593967
97550
206542
833321
137029
138834
955607
815161
708958
920088
30116
889578
105322
270985
746406
232006
574969
433125
66170
734941
670125
604811
544213
514543
568087
440375
377417
445052
856718
397623
100853
172554
691817
748989
219611
980889
518301
528739
578376
252626
841933
430050
637328
248609
123313
379620
391022
2642
56011
548090
274180
188895
490462
865233
948751
451025
956078
368741
426983
607132
260617
697918
849364
57166
793768
192898
593070
721628
437061
179361
687048
458767
347626
809530
154482
56276
489893
754640
54279
936289
942489
287080
547847
840342
679282
633377
363814
821759
796847
276988
181784
523970
709386
945922
566341
11909
155080
882400
161064
478588
632160
990939
613056
537978
152599
657918
957617
697918
453780
178873
957119
602185
688429
86483
397142
308755
602158
935143
38465
117501
437061
648642
24926
274355
865757
171017
609478
866284
999988
364782
668342
151752
5673
78010
547582
717302
441597
76132
643009
79932
660273
32172
163898
218962
700324
620505
411060
360502
374313
651221
224866
347626
994697
76236
365580
742724
368229
640582
861864
591148
225973
889377
748989
431433
380824
648891
112118
400743
100659
374178
174653
127018
957617
660018
322118
758405
339409
767955
368229
407362
628399
944610
754866
333849
806293
686435
739149
26566
160403
472768
874378
980871
402109
852701
186367
536603
352468
874378
310706
689192
169770
727869
796280
31098
784299
583211
642477
518556
224866
453372
638877
642061
952456
734834
762241
702820
687611
691130
121020
311019
179105
862300
283252
268758
303152
318788
206349
577566
493175
407362
211857
285019
926261
799377
394850
212345
725650
605031
189524
923471
260630
327281
511068
742559
454568
130601
977775
265039
96979
854763
122492
591695
418697
949464
856456
751573
725974
175691
938274
503679
100853
460445
826179
564608
484466
88217
904291
476977
190767
66752
876354
453480
737595
777385
382537
99965
940841
281902
286387
318123
96979
537978
268845
2482
420709
896881
248580
822345
100659
479179
277503
378598
764091
911372
209661
568196
405088
974612
779305
37639
854212
514560
490462
843889
426662
541483
632671
641944
511156
158348
136573
162204
109213
887618
859773
7560
222979
161043
214290
11008
899753
122619
741197
437706
145171
10587
654720
558281
387181
491942
763758
135712
733259
192672
972566
184355
407574
785210
171017
267285
927592
897708
995480
156678
887734
927907
857582
100509
259230
80238
187080
86972
12007
432996
923113
994401
275195
734315
54721
753896
453251
956487
898359
599163
363898
634950
624205
394136
10912
586338
705137
67195
47713
232055
456275
310733
453944
530192
956976
478097
159649
479179
903063
546760
133702
808070
740968
402652
450627
324676
508171
561268
270714
721989
491894
27905
689326
172449
189424
742143
957717
103638
619447
114816
371883
858834
896999
559784
933321
367420
142956
413695
8950
571831
85518
13766
635255
110443
35513
520489
533714
927261
135404
96931
253339
133866
594446
812568
961291
549247
291588
799576
512368
67031
61619
175923
625408
137377
166856
865796
241422
809865
736272
382137
970776
68953
903105
359142
65298
4052
108483
364517
792575
86726
437198
362402
263815
457388
12792
684847
646128
773460
6627
882492
448286
130525
96931
182400
645522
537970
738927
701140
337694
933204
325050
837949
426641
605246
139587
199892
456673
