812708
229670
422298
312292
792828
8477
69088
455047
387737
478047
58857
341175
600984
347549
693449
479811
855256
510959
173937
847955
593861
890107
293628
716136
693449
139058
758847
269237
504113
370037
994002
890107
603976
151730
614184
835361
154918
257230
458453
93089
64526
619213
866543
583935
189691
642858
793275
252293
668461
608727
777374
680792
579678
826584
44737
484776
908307
760921
551900
27637
463910
240598
479811
666242
650908
983233
422268
221587
596013
981635
38483
175378
46722
263109
291913
852084
270617
118671
753464
751639
478541
944119
629938
502688
40044
647277
437052
205461
106026
251212
517287
139349
474880
737229
211599
163973
815292
513704
449861
200957
144145
539927
152540
840074
696920
874884
534444
378657
16057
614184
648944
866164
94901
626071
249452
456494
816787
543356
219842
897166
670585
780674
488019
45606
490342
94236
291633
699877
925669
588018
256970
694286
630004
807032
751368
524353
596013
370037
953115
706425
741549
543067
324400
233731
437086
353628
493084
365152
190525
205230
504881
17316
214126
10882
752510
42307
827216
438327
194756
775259
377469
242626
502980
378579
359371
239101
206537
299360
98333
599976
506567
288105
796789
281768
767714
732985
727082
632523
35098
943190
757339
209521
630935
998288
552071
69234
424398
699515
434009
570759
813778
168853
507570
74439
98584
914922
597253
75229
572828
478614
20724
47970
966844
572258
860035
23216
368914
415880
55931
760113
326168
225893
988396
535257
479482
2183
539312
444019
753681
675153
871149
49541
27862
948062
989855
560204
855113
604583
817411
914179
638355
701108
389678
315131
325456
695842
852947
996039
989261
70538
72829
149889
457062
556300
291504
510863
146628
982110
764032
174356
774347
707629
662475
515087
63590
187942
286842
838171
135746
146628
979716
875344
452994
466211
252712
229538
379365
325657
381883
149941
458218
767062
549431
252209
93071
494299
114435
99258
761219
149335
148166
23216
839975
361411
891099
812657
939299
807660
865916
797994
297923
934955
331763
734372
506912
400483
147832
305624
97272
661868
500230
18810
531880
777948
493848
270758
349534
289902
63302
238737
458163
314063
608299
341967
352727
47888
481508
807217
295473
336910
307207
609814
94767
982523
546202
217752
336197
473187
893681
550006
267168
466848
365303
763898
992929
546356
796736
821183
449823
583935
508305
149625
145531
480485
363015
744143
375052
240672
999033
940953
619283
488443
644624
981340
116563
976355
995025
184944
251557
814210
444690
647007
65895
737686
611808
178708
158139
87166
167561
136605
485503
884170
638355
950656
890034
630258
104769
969716
965645
292518
444951
876771
933688
461100
649707
752510
143107
951235
101404
369590
763318
557218
925257
988278
660728
981474
876771
243108
686822
592695
688952
617534
658500
274535
755569
423287
332958
682646
761554
326739
92513
662113
599516
468412
979288
916521
572097
209521
80271
740446
571411
670211
325626
570509
494905
829765
475673
297473
461662
644561
745728
358771
497504
52206
312038
957510
107288
333121
879438
931281
623229
383272
460851
721715
364182
520357
94767
259372
874961
98453
583935
829645
284614
997626
151217
762773
310867
379993
893438
976532
60248
154918
63149
332958
281768
257255
174227
260155
892149
988745
216692
244490
533692
437928
486199
58857
481189
966095
811803
215089
609814
844878
263212
853738
910066
828178
630640
613869
850702
161604
494767
84740
179449
754446
927351
93135
689823
544629
360026
206679
138689
275272
451128
795616
897428
876166
979288
447024
469844
358876
111586
229619
116213
532071
293825
699660
588321
77274
44198
709980
884997
559685
915917
591620
551036
176000
245007
849657
438822
886401
61305
229670
921456
264872
612366
318517
394312
40213
297206
115442
169846
880933
849748
282640
710807
94806
5046
108960
198687
766046
215833
73631
720101
161270
741226
221846
58928
384286
13083
681672
887249
276790
896004
384948
68729
595186
620971
364182
500272
755775
75865
760921
722453
473546
626071
543565
306100
777948
647888
378579
822536
193098
718129
381076
956644
680987
371996
116632
122475
87863
679293
410172
629536
298541
188372
83790
5476
326570
54137
51466
958022
128484
797976
118465
944329
877471
407810
150478
397505
819774
314063
417472
765983
689923
531536
96023
242080
389820
485442
343371
271108
694528
642232
579700
652254
693381
361762
793286
462474
727179
978594
112540
268638
112909
459810
322191
527980
834284
799706
282001
505110
632207
864963
812317
142875
47696
302738
539927
435130
198549
139814
744704
606626
483252
166059
675934
658769
659606
379675
929523
365301
429949
561812
410416
710250
721715
469587
598797
647888
931281
706093
336058
902798
446815
550006
425884
339791
716060
981049
777631
871784
617640
253298
556163
82155
68481
263686
385172
814267
777432
231725
280173
767714
463176
921385
66827
776661
273277
813647
151192
745908
373650
55931
208346
158660
873112
645368
305207
150747
569684
177247
896377
754049
237065
426459
878533
161597
493045
356520
284850
390358
747106
549587
34992
62813
31767
802397
951237
488435
760528
31767
537209
293230
616006
422298
740826
772695
58721
753482
615566
46935
878595
316934
257831
541977
777488
122171
87949
888686
758026
176000
396598
265553
10313
4065
124315
60979
517127
916733
289500
558830
88831
739681
540095
291861
897020
963410
654481
620681
672715
170214
905831
832363
599516
629913
693406
109634
223491
768674
202162
578458
146123
278846
558173
794692
927845
605850
575850
332958
197029
178126
279436
227584
115312
681801
870488
994917
756638
273094
336416
645459
161597
881863
809001
431706
952289
522107
598524
949023
468644
371495
98617
460644
650998
32155
767975
456745
396971
759215
711801
753411
224354
383157
845721
75054
885874
727289
566860
951841
197553
228933
42307
921745
648399
324483
373037
916735
339307
94587
932310
456526
66827
30097
26146
218585
233291
669821
968817
827217
89491
737938
733889
676211
861107
919973
705620
774013
900316
637731
5972
84829
652526
248175
586254
58743
934579
820253
244331
401006
242626
374549
569714
923682
999033
435889
634365
538785
437896
797820
428530
276408
738621
263511
309112
62164
529835
799222
449609
529609
852557
937306
437928
82486
143107
705202
437374
907217
417875
941982
882393
16057
776661
965873
717960
326168
551106
749638
417108
111612
560079
567543
449692
63487
763820
816234
559278
486689
430783
291913
351692
359462
594701
927351
234397
282580
820672
428530
477171
308889
574916
949443
178791
397378
694134
341798
521703
557908
384455
269328
861579
634125
439880
669745
232099
303875
394064
412103
120489
158525
184992
171856
507160
66940
932310
858675
142686
953932
456940
21968
892158
897621
664444
339149
50375
347849
905831
761893
844017
736546
59238
509052
240376
650586
112589
800886
348944
554992
363559
804351
45516
949626
965893
902893
308533
604585
204191
388080
280134
511116
928140
886372
33680
852966
759244
613487
223255
73299
977707
553758
682983
