812708
229670
422298
312292
547633
477826
69088
455047
779008
478047
58857
259233
526195
365757
860671
479811
855256
510959
165843
995196
593861
890107
703427
716136
860671
139058
19523
441439
504113
788989
994002
890107
574538
151730
614184
835361
154918
257230
18543
454838
64526
619213
866543
912452
438361
97664
793275
158009
668461
608727
777374
680792
771721
826584
44737
484776
908307
159272
551900
27637
463910
463675
479811
666242
794706
95275
422268
221587
596013
981635
38483
175378
46722
263109
492989
346977
146669
13073
506606
969788
747365
944119
629938
450597
779390
121574
437052
457901
332608
251212
517287
835077
474880
617997
211599
30151
190778
976865
95686
893193
144145
539927
392009
62570
541079
874884
534444
378657
16057
614184
273050
359577
484305
626071
249452
456494
618180
332472
219842
506207
670585
780674
394666
643894
567167
94236
745695
699877
163562
6470
256970
93408
630004
807032
884469
446312
596013
788989
953115
706425
741549
496317
324400
233731
437086
353628
493084
365152
40887
205230
504881
17316
214126
10882
752510
13758
827216
438327
488647
775259
377469
519287
837686
710802
359371
416059
770262
587667
98333
599976
506567
288105
796789
732653
309409
732985
727082
801134
35098
860981
757339
84903
645218
998288
660367
69234
424398
222379
434009
550577
813778
168853
507570
580478
98584
914922
713814
316644
877750
478614
20724
47970
716147
572258
454447
297777
217623
415880
575664
760113
326168
128162
988396
535257
479482
929803
539312
444019
753681
675153
953116
201847
27862
948062
274407
560204
31051
487916
817411
114844
707889
45407
389678
315131
325456
695842
852947
996039
989261
70538
317771
807969
457062
556300
291504
510863
146628
883952
764032
174356
283191
707629
662475
515087
63590
187942
792939
838171
135746
146628
918991
875344
594818
466211
252712
229538
379365
320512
381883
149941
458218
767062
86341
252209
947410
494299
114435
99258
42637
149335
66369
297777
252621
383967
891099
444325
939299
807660
593281
355014
917448
998218
530223
734372
710911
400483
512553
789637
97272
5136
500230
18810
672689
777948
522904
546512
349534
137842
218741
741591
965534
314063
448827
595432
352727
759563
481508
807217
44889
940108
307207
623780
94767
982523
695320
980926
336197
473187
272399
550006
267168
466848
635784
56997
992929
546356
796736
821183
449823
912452
508305
149625
145531
952917
164908
744143
282375
240672
999033
950570
784641
661014
697566
47114
127155
276398
781289
184944
251557
814210
444690
647007
65895
737686
806585
282092
916259
87166
636541
136605
435046
884170
707889
793918
761010
630258
40676
969716
409104
292518
444951
876771
467011
461100
224643
752510
143107
951235
101404
689969
763318
557218
925257
988278
528954
418360
876771
962244
686822
215773
775442
935330
658500
228059
755569
423287
332958
682646
52338
326739
92513
34112
634690
723659
235256
120485
572097
84903
80271
740446
571411
670211
325626
570509
494905
112589
475673
721775
695093
707358
745728
629169
303521
77971
312038
957510
107288
569758
879438
418168
623229
383272
460851
721715
394621
520357
94767
259372
874961
98453
912452
829645
284614
997626
220742
762773
924269
379993
893438
976532
60248
154918
63149
332958
732653
257255
174227
260155
892149
82582
216692
244490
533692
127829
712751
58857
481189
91255
339857
215089
623780
844878
263212
853738
411211
828178
630640
613869
850702
122628
845658
84740
348592
18154
439150
255762
689823
544629
360026
206679
151613
275272
451128
795616
897428
757427
235256
447024
469844
127332
111586
250069
125757
532071
293825
699660
290969
77274
44198
532260
884997
64579
496672
789957
551036
176000
245007
849657
438822
886401
61305
229670
921456
264872
612366
318517
394312
53887
297206
115442
169846
999934
849748
282640
710807
94806
5046
108960
198687
766046
987632
764878
692293
161270
741226
880970
58928
384286
13083
990339
706694
55049
896004
783110
739667
288157
620971
394621
809259
808061
75865
159272
722453
172759
626071
543565
306100
777948
647888
710802
822536
193098
718129
381076
615114
680987
769650
116632
755642
538374
679293
410172
629536
298541
188372
630464
5476
533383
54137
446584
958022
128484
825676
118465
944329
877471
407810
150478
397505
149788
314063
417472
765983
689923
531536
7151
242080
389820
645878
343371
271108
694528
642232
579700
652254
383757
653573
793286
462474
727179
978594
112540
638347
903254
507891
322191
527980
103454
416329
282001
260537
126345
864963
812317
142875
417645
302738
539927
435130
198549
139814
744704
973728
483252
290823
675934
658769
659606
379675
174658
365301
429949
561812
963326
710250
721715
469587
598797
647888
418168
492268
336058
154261
446815
550006
425884
339791
716060
981049
777631
366634
961954
988703
198179
863965
68481
212619
644240
814267
777432
231725
882559
309409
463176
921385
293053
234785
273277
570819
926114
29230
433302
575664
208346
496104
873112
985847
262934
114978
409362
177247
510182
754049
237065
30075
742078
161597
493045
356520
184152
390358
737595
549587
772829
348501
31767
802397
174251
524075
760528
31767
537209
293230
616006
422298
740826
145905
613659
753482
615566
237687
878595
25104
257831
541977
350463
582390
87949
888686
758026
176000
396598
743373
10313
4065
124315
60979
517127
648077
289500
72538
88831
739681
540095
799503
678226
963410
654481
620681
483672
170214
905831
691811
634690
61814
117170
109634
223491
768674
939754
578458
146123
533698
729650
996620
927845
605850
265304
332958
197029
85933
279436
227584
115312
681801
389065
151585
756638
273094
336416
645459
161597
881863
809001
431706
952289
354561
598524
949023
468644
371495
98617
522441
607587
808808
767975
22624
396971
501452
711801
753411
224354
383157
118423
75054
885874
82321
637667
951841
197553
727436
13758
921745
648399
249174
1293
916735
343162
587456
932310
494488
293053
30097
26146
218585
233291
25035
968817
827217
89491
737938
733889
526854
861107
919973
705620
774013
900316
815903
5972
84829
636494
248175
727257
58743
934579
837728
557977
401006
519287
374549
569714
724380
999033
435889
634365
751127
437896
797820
428530
201148
943463
66822
309112
62164
529835
799222
449609
529609
299250
728983
127829
82486
143107
344450
165622
907217
652226
941982
673552
16057
234785
965873
407143
326168
551106
749638
417108
111612
560079
567543
449692
63487
597190
816234
212877
862850
430783
492989
995504
359462
578007
439150
553118
258412
711615
428530
477171
308889
574916
949443
948958
397378
694134
341798
42478
717061
384455
269328
934486
522219
874523
236109
232099
303875
394064
412103
120489
78377
889373
171856
239336
532811
932310
909619
142686
755600
456940
394805
892158
948263
768594
339149
50375
827519
905831
761893
309563
392009
696099
509052
240376
121158
696381
800886
561455
360875
363559
804351
45516
979467
135460
902893
308533
604585
359455
666400
280134
511116
724852
886372
33680
852966
886593
615170
223255
350586
592904
215429
682983
