650701
229670
296197
119883
980875
655165
69088
457209
284026
76601
58857
125661
337772
634602
24079
177511
641912
221510
608153
124016
593861
876789
703427
716136
24079
217690
999834
269237
19019
5785
684584
876789
900399
742285
36013
440179
472641
257230
282428
401427
220229
619213
605596
912452
376963
340104
607702
158009
330697
326431
764214
680792
746998
207247
405475
203589
908307
388165
388864
27637
463910
463675
177511
104210
580934
483974
601329
221587
433999
344982
872146
307288
637783
554171
291913
141879
528491
11095
759687
893987
445663
508438
296357
167014
40044
121574
222902
5623
313756
10584
517287
643339
741707
737229
211599
844330
404966
888647
463670
963984
469148
416053
738052
498786
88685
40849
414031
378657
16057
36013
475286
215275
814941
626071
249452
776144
309605
332472
525173
897166
670585
583525
488019
764934
124377
359611
527615
256846
262825
279115
243317
368072
774587
807032
751368
446312
433999
5785
688996
146697
278228
496317
424635
817549
437086
220235
266401
888382
219929
86957
547125
430104
214126
57290
136196
760690
137457
438327
510074
292225
377469
281269
502980
735048
556334
913500
520725
299360
98333
229065
364717
92005
581452
454392
533106
732985
245483
326272
935513
89709
411704
830116
29533
609950
739378
69234
424398
37346
97908
550577
989580
798565
634774
864117
789108
697393
897734
14887
724186
478614
346050
47970
966844
288355
346137
320478
368914
987671
210049
760113
657452
422551
764282
309971
479482
2183
539312
444019
553529
718934
5643
201847
914228
948062
639095
560204
815999
353813
148802
114844
707889
701108
389678
444309
17444
695842
852947
446819
382539
359895
341291
56332
61393
361654
291504
510863
499236
464102
714765
174356
774347
112810
99088
89442
296220
109905
153333
356187
16002
499236
918991
557214
879578
600269
970345
722014
981556
5024
447706
482290
458218
608342
86341
78522
821291
142611
575208
99258
115785
438266
66369
320478
249065
258432
854937
903239
841026
18717
132430
355014
566361
452458
530223
247936
905441
400483
974960
781280
97272
5136
289674
18810
531880
821578
522904
270758
613329
893614
705153
930627
77315
867836
333529
386866
61816
759563
481508
147252
295473
151992
307207
311738
120398
222677
62415
234811
534395
473187
288201
8519
499780
427247
635784
763898
992929
546356
796736
455940
860216
912452
508305
371341
145531
952917
464197
236478
282375
240672
208513
778729
726140
9049
518395
654350
537099
636874
781289
613802
123506
814210
496749
647007
120810
737686
806585
427655
593604
833482
667393
136605
435046
200633
707889
793918
699481
382159
996860
969716
965645
292518
282824
876771
464595
544512
224643
136196
855518
796372
180146
894508
174590
270366
778858
866745
528954
994542
876771
235021
686822
778930
255200
45845
331879
147209
49843
742930
332958
561150
26726
326739
575813
34112
634690
723659
968880
850163
178970
830116
585702
292972
861958
847892
54498
874680
533603
322299
673418
829687
461662
475736
147670
409389
974042
266400
312038
957510
730918
850929
487787
804448
712462
270628
293130
787252
392787
653375
120398
802717
946239
867950
912452
829645
284614
253713
340617
349724
910997
179902
123306
200125
60248
472641
72559
332958
454392
717332
174227
453176
892149
82582
850805
549322
218950
334834
342534
58857
974807
966095
967042
215089
311738
465114
330651
56138
600820
568905
630640
76560
850702
405000
845658
279509
348592
657637
927351
255762
689823
188529
527793
370108
746649
874200
159092
953355
711889
757427
968880
615353
469844
901432
111586
970765
396128
532071
836062
7344
427121
420732
19433
400112
884997
64579
17751
503665
148392
115614
648023
246457
367181
336108
181922
229670
379299
264679
612366
318517
394312
782206
648106
707472
169846
890481
849748
282640
697701
848111
995048
301770
949626
809409
215833
600032
692293
957491
236544
880970
800770
599275
302311
609684
326646
433010
408952
384948
403052
974255
620971
392787
703223
49679
714528
388165
44301
473546
626071
52361
986052
821578
612591
735048
856380
58528
394900
432843
314969
557516
86826
116632
755642
538374
679293
745659
571362
933586
373171
762222
561516
10932
54137
446584
746428
616161
825676
517477
996633
877471
650239
189910
44561
990663
867836
297557
661262
760679
749782
740495
558102
610969
521814
343371
834495
83761
100407
549708
462489
817266
361762
994630
87616
676662
115246
958130
723616
348573
485865
752856
389561
283149
416329
455008
535892
776593
251574
812317
287096
417645
302738
416053
502028
630014
123078
744704
479502
483252
166059
675934
316604
659606
622490
174658
552831
957422
649859
268944
710250
787252
469587
406852
612591
804448
259778
990048
528974
447197
8519
425884
661606
716060
178065
777631
452566
961954
62886
55949
929171
215197
592947
788419
156882
359152
540311
66873
533106
369630
921385
103062
784844
138752
627939
137269
625108
56948
210049
619012
179098
314647
408297
928994
540699
409362
177247
600893
100052
484454
401018
870633
417131
900184
356520
687165
270882
276312
697722
34992
11731
924974
802397
951237
466472
466190
924974
809563
293230
639224
296197
284161
145905
336297
58763
9389
190142
810405
316934
268806
541977
350463
393048
268378
183980
982953
115614
187811
216459
372405
256408
124315
103113
517127
973133
696695
671203
88831
613935
49074
291861
897020
191225
654266
478359
69932
967534
429167
341277
634690
276237
800952
109634
386652
570540
550025
374676
939717
251321
933105
996620
749903
451051
849702
332958
265768
490650
269725
383245
966778
559128
195177
151585
906075
273094
606406
416593
417131
84373
539465
636423
17881
522107
156082
351887
783776
81905
53750
460644
792211
946282
773714
22624
546226
863294
664883
112872
873427
900221
366388
70432
934452
465492
566860
951841
197553
694271
760690
53015
648399
512605
1293
214867
339307
118174
573167
494488
103062
792731
483644
153944
233291
787644
968817
827217
500000
182115
733889
490527
689869
919973
668202
746131
900316
226850
321951
275593
652526
248175
727257
986068
413423
837728
765745
491780
281269
416936
441122
724380
208513
906441
995859
454625
966629
29200
514090
320144
601335
713843
309112
62164
429396
268546
449609
542656
852557
114106
334834
210659
855518
705202
589149
907217
908304
941982
594671
16057
784844
26588
407143
657452
945123
653117
417108
590172
881960
815141
655363
803220
805196
152524
198633
862850
420503
291913
597130
911600
499009
927351
234397
258412
941199
514090
41026
600042
305747
515585
948958
397378
341767
341798
531115
717061
384455
970801
296170
522219
874523
212633
858708
303875
350486
41981
103810
366070
36845
227234
986989
354895
573167
897573
705402
858418
989617
544324
990896
795814
633577
921864
952582
251608
429167
521623
309563
105020
696099
53912
532364
121158
74633
647754
534244
360875
749647
616740
58980
720840
328702
902893
163033
604585
359455
653620
197620
374086
133361
922064
33680
995894
498396
615170
457268
812724
267314
96562
682983
