893390
344677
579158
301757
566718
403049
388160
346835
681427
827610
205813
786692
148607
278527
28863
836307
99702
649073
332770
403549
662660
900594
264922
326448
105072
950360
290129
116872
990638
667941
229375
919645
566096
457047
622951
308801
30076
810859
756517
769774
897838
165980
776604
193332
690108
97739
995387
505597
291013
270628
569415
85341
460486
93042
799204
715974
677698
327786
902190
982291
188781
818228
729001
960645
416427
159111
148789
974995
425864
926156
868901
114753
490961
249650
957397
375680
378766
582281
651020
193682
451146
211034
268742
769250
888115
190858
421102
132040
249602
371247
786159
343434
692646
315423
378095
527772
432646
141641
629663
802729
559622
473863
221288
679581
747559
462454
834531
986338
892443
146290
918185
574792
246008
129740
293883
673774
986342
769913
922422
36759
326827
766680
898319
924094
192370
207361
909614
965034
794715
302793
666490
551
651404
438658
627252
802078
141856
329228
169008
746898
380156
204385
727525
724621
789285
417942
218577
236244
898819
776845
740256
40293
321917
946315
724271
858682
515401
312875
834477
202574
284064
841265
327709
127678
672285
276692
991619
762738
558411
220525
666490
808729
778092
612058
994746
585046
815070
469945
757883
821851
524827
662660
558328
755556
656835
218681
783094
115699
440043
383959
353920
705585
539519
75978
983321
493447
475776
825544
621550
94807
900705
297652
769250
106734
5096
286607
349773
763977
298221
677198
862224
936152
875518
960166
972284
595814
380156
314944
410082
252979
817782
185223
150829
72310
339050
663184
693742
278702
742842
359501
123534
723992
599789
28729
441475
99181
520120
85358
38550
837369
732695
479314
739344
432784
656581
967433
696404
723933
239604
193780
874843
167008
970801
227432
700452
506424
615239
78090
884077
199248
117156
355142
896370
57191
614618
919978
639100
291502
41841
957390
418775
69073
957428
252700
341820
390839
956911
255077
73228
312576
409634
36422
833644
693369
862263
91166
344726
757883
806534
42688
762255
489797
761550
621550
85673
58098
5096
10511
326283
30492
163304
540632
149822
725717
840205
714714
875194
355547
712821
939586
86364
773900
483323
173605
237214
945283
752339
826268
757112
816049
796386
857943
577808
316241
83933
732438
599816
164674
168474
795502
900406
846520
27490
424289
129258
30076
766680
254845
42729
116979
325091
142218
543583
426442
137847
76303
474910
16400
486346
809489
945203
543178
611787
261213
850412
450027
55675
640254
542382
588000
206289
274727
779924
342665
872165
835195
827966
945180
312728
452949
464401
803552
245158
330833
925399
672285
182965
494737
900594
288317
978353
640219
289132
374120
413650
559622
685653
767581
969043
91478
236492
780277
681720
399869
248133
91166
435140
167060
617699
724271
826268
97573
674108
427151
509989
902586
406181
920516
81501
113073
13246
614819
802078
722971
335350
317393
998521
917989
8809
63478
164705
177496
459015
363021
219336
203663
910703
416720
616296
252005
938738
922422
566718
422917
474440
259251
451974
460486
10191
82683
837905
504696
174167
785294
341310
110691
81501
485665
708522
805438
962721
628943
790720
72465
675332
479157
617630
901696
644383
812471
242131
748994
788334
597676
951312
492066
370112
359738
396584
368984
651206
94807
589965
655509
403074
591246
643075
122632
28361
97824
502591
870519
259741
241175
373744
859202
161194
399561
433403
191015
150851
187721
631645
489762
573808
412283
584290
446847
431227
527202
896519
335263
653540
169616
202078
538522
699455
686291
347167
468107
763395
500796
311514
559701
405736
27148
793176
494962
858505
204385
441475
737133
534066
421102
240131
755928
548205
298496
951312
114736
781626
254289
485843
64706
303732
705526
634933
892098
481133
157702
56089
897838
343001
926156
517561
684279
627667
613650
711424
75509
237804
524827
977143
782482
132040
707590
268742
455563
490424
270689
495631
390810
424289
331039
51037
913962
81530
580498
920214
226456
390398
916718
439462
703165
851435
327225
22750
400680
586577
574446
744494
669437
353360
925900
160128
80494
805647
533368
96454
907662
506529
621342
123006
575816
836307
890480
732438
243251
781626
663086
49379
281719
994437
573948
250176
65723
919197
343037
52293
739150
864805
792330
340440
436888
887278
566437
155268
208033
742842
925375
536596
924094
904958
850412
783425
802773
814002
940084
715203
10621
362626
559005
203717
798388
975027
800085
35998
861465
965034
173605
779086
837358
880902
834225
220323
338777
527264
757757
754596
592748
604266
819441
882076
253119
717692
300389
83726
773997
385394
769184
651020
955584
791538
109612
762916
332880
781576
578260
241381
763571
433878
340373
166675
908872
51763
567322
548759
114270
54287
233543
476103
500796
360819
972881
194314
846384
1084
493404
851574
750137
130288
833391
422798
687056
177115
477118
505597
836481
970167
808265
583169
399670
834710
236942
751618
829809
395287
173605
352558
375680
628771
165217
205813
101114
738244
92068
465778
308069
575848
170628
44388
278322
169008
627159
18360
702257
492304
248726
743180
77189
202198
119679
571007
481564
64820
419578
893752
287761
796439
279229
662333
856450
953584
199248
785197
305425
470869
195166
859202
524041
230129
799431
876163
462120
708190
948469
349773
660643
740618
35478
64452
80494
4012
15833
633408
804615
776608
361992
315709
330895
973261
732438
253119
25038
287600
360819
687055
269397
45293
512510
117626
922752
584502
901171
851957
782116
185603
677218
405627
341674
948265
711424
900594
197689
309046
278427
405482
499173
400481
739039
848737
218681
75715
9554
666490
341674
452570
748182
936813
58098
657786
151545
125564
259512
501899
218923
438631
6695
778908
290370
752012
608750
927707
196477
188898
199603
797246
802078
997733
211578
707683
479063
384884
362289
162809
315465
457043
631376
914483
512510
226447
712078
197502
481558
240299
916360
962187
480317
942903
549766
773742
42762
606351
9193
264940
625844
412821
374047
483793
258851
466498
808729
762629
767576
417942
980844
870326
571509
301103
6911
695651
793989
138837
85986
844346
237248
289594
613650
998521
167538
841265
923963
6782
180273
393705
228842
675332
181441
994557
578378
499253
208464
629663
41421
578084
41286
147972
504648
485464
976356
586144
98371
277534
239337
9620
209216
920668
452511
544277
840049
138010
19584
314927
21178
497457
641973
80208
582619
846492
198858
528225
951350
985977
253119
265235
13394
564786
970315
775785
996952
971824
362782
31360
771888
43364
363598
340373
396312
882877
951195
907345
270332
19595
665892
634184
217562
942903
843590
66392
636272
505214
824177
393730
739940
65369
507700
148166
524605
351018
482352
536428
645268
533356
122061
286607
308801
109612
160083
724874
510212
320389
305347
849637
159251
396584
986882
4012
439061
335447
6935
312875
950360
381617
58242
875981
916538
68058
604266
849566
199138
803021
651549
898319
631730
468399
716210
875518
117156
114938
251502
