130837
653672
185068
301757
504989
403049
388160
928027
681427
52270
205813
437943
148607
278527
391435
376568
595395
157116
709371
403549
327982
900594
264922
326448
832512
976550
290129
97698
990638
667941
597979
919645
340373
457047
622951
308801
747306
86266
229068
769774
897838
165980
582184
726300
690108
97739
636279
354575
291013
3375
569415
418576
156568
93042
799204
324399
677698
986495
807678
355041
358167
818228
5095
237967
217128
572285
148789
462067
118894
926156
110675
381058
160128
396327
32033
432777
378766
821322
441972
747959
451146
211034
370977
815924
964460
916785
421102
132040
249602
644144
51676
343434
692646
315423
474421
527772
784197
141641
963142
802729
559622
473863
205156
770125
456990
710460
834531
986338
400887
146290
485720
611478
685746
129740
210942
79746
936900
769913
848016
36759
967067
183755
498562
924094
192370
207361
945556
965034
794715
726132
666490
551
550453
996678
562816
802078
141856
936553
169008
746898
182113
51731
727525
836027
789285
417942
191200
236244
898819
776845
768854
825066
321917
954599
724271
856946
693641
12863
834477
202574
781641
841265
327709
127678
672285
468376
189291
762738
699341
327786
666490
808729
778092
612058
994746
203719
815070
119256
321999
907563
524827
662660
558328
683655
231985
218681
783094
115699
692675
513983
822963
28490
442543
529622
130502
493447
469390
825544
812271
94807
900705
297652
769250
106734
5096
702287
622059
998806
705130
453405
862224
305691
875518
890930
407302
667646
380156
314944
642734
137855
817782
433572
150829
979312
339050
663184
693742
278702
959565
359501
123534
599843
257834
28729
993111
99181
761647
594263
38550
891212
732695
280363
739344
432784
229795
749641
696404
875654
239604
193780
874843
167008
936731
227432
700452
209150
156870
78090
701518
272828
735616
896283
896370
57191
744262
732925
639100
291502
41841
957390
418775
69073
247978
252700
341820
552248
956911
255077
777634
918899
780582
36422
833644
876761
571394
91166
344726
194420
142617
42688
632586
790619
761550
812271
651514
58098
5096
921995
731117
30492
366703
540632
750862
725717
840205
123745
875194
355547
414960
653090
86364
238773
62530
173605
237214
945283
752339
448280
757112
737510
490958
734599
577808
767556
83933
988297
599816
547570
168474
795502
900406
846520
594015
424289
772799
570335
803085
254845
321893
116979
705225
142218
543583
640589
220772
395675
474910
16400
687801
373744
945203
543178
611787
261213
850412
450027
55675
640254
542382
797000
699053
274727
779924
342665
872165
6691
557316
343403
312728
967413
116731
52189
112262
330833
925399
672285
182965
855791
900594
288317
996926
463331
289132
704930
953976
559622
151979
549312
969043
88324
236492
780277
681720
399869
248133
213827
435140
167060
809935
332460
826268
847849
666288
960400
509989
902586
833042
920516
604043
461736
13246
293816
563061
667590
335350
88324
163003
917989
142911
63478
164705
177496
463487
945482
219336
203663
910703
416720
392705
252005
733508
848016
504989
396063
512516
259251
759245
156568
251866
82683
274252
891455
411760
785294
341310
110691
604043
173396
256584
805438
962721
628943
790720
838941
544208
479157
272323
867301
467783
812471
133335
748994
788334
597676
951312
492066
370112
682961
526923
368984
651206
872403
589965
231073
594015
591246
384395
701189
28361
97824
502591
93369
492051
333292
492149
859202
161194
784476
49875
897237
150851
187721
696466
489762
12243
884179
584290
342555
431227
527202
896519
876519
355547
169616
202078
538522
652999
686291
149754
955802
763395
958065
311514
751940
914102
864061
230535
494962
858505
549261
441475
25666
534066
421102
492803
755928
548205
298496
951312
254542
781626
995782
485843
93374
992514
12766
634933
934816
652869
462886
728762
897838
236492
926156
834477
684279
627667
613650
711424
140429
237804
524827
168079
782482
132040
248052
370977
220289
142218
270689
495631
390810
424289
331039
51037
913962
16685
426666
920214
226456
932069
326801
263155
703165
398268
327225
22750
400680
857380
574446
215051
669437
844788
923602
160128
286460
753809
533368
323055
861970
814779
407837
636541
575816
376568
822078
369695
656678
781626
439061
49379
83287
994437
169946
963230
642840
321437
80670
52293
739150
864805
792330
340440
299601
378666
506729
500625
208033
78554
248052
381530
924094
101236
850412
804128
328345
814002
940084
555864
10621
360732
285124
808806
391247
975027
800085
391556
861465
494550
86364
943779
837358
880902
834225
474675
338777
527264
100909
754596
485158
794314
926030
22813
253119
717692
300389
83726
773997
951632
752111
441972
955584
965549
721806
762916
865714
781576
578260
241381
798681
754810
340373
166675
169409
51763
567322
548759
114270
54287
233543
476103
500796
401095
996065
675520
846384
1084
65599
764557
782423
130288
833391
422798
973866
177115
477118
354575
235712
589714
923954
583169
703463
137010
362419
145294
829809
395287
86364
352558
375680
994034
165217
205813
101114
738244
92068
470094
615247
575848
248426
988391
278322
169008
227121
85358
702257
384941
248726
165097
77189
680798
839782
374724
287507
981470
204752
893752
600296
524272
738244
662333
977539
953584
272828
692893
305425
470869
321893
859202
360793
230129
799431
959534
355603
644230
261139
622059
660643
354938
932321
64452
80494
306834
833491
151570
804615
776608
361992
834225
330895
973261
968244
253119
25038
287600
6935
687055
724730
45293
579299
579709
818138
567417
728743
652503
284336
185603
89912
405627
83130
948265
711424
900594
197689
309046
278427
253499
264413
400481
739039
848737
218681
75715
105729
666490
383242
475816
748182
936813
58098
975698
664437
704930
412754
211325
218923
277155
84108
90706
290370
115345
861550
927707
196477
188898
199603
797246
563061
997733
211578
218923
950360
384884
891730
26952
725782
457043
885580
989054
579299
947605
568150
197502
481558
240299
916360
962187
480317
942903
549766
857261
530542
320886
9193
264940
461314
755928
374047
483793
669437
466498
808729
762629
767576
417942
960400
870326
571509
580365
282314
695651
793989
323585
85986
844346
552549
289594
613650
295327
4261
841265
923963
608265
708385
393705
228842
68726
181441
994557
578378
83033
89810
652503
41421
233230
400363
997550
504648
49686
976356
586144
736965
277534
559091
9620
81974
920668
452511
544277
840049
138010
247884
314927
21178
83285
641973
80208
582619
931004
198858
998376
482326
395769
253119
483363
1823
979773
717955
775785
249967
971824
362782
811763
771888
147345
739285
340373
246666
383345
770628
907345
147977
372010
665892
991485
407056
374047
843590
66392
722443
505214
824177
923711
736965
65369
43927
148166
524605
587812
516709
536428
645268
573808
987379
286607
308801
109612
160083
116731
474356
320389
920952
849637
159251
10928
223245
270627
872807
335447
6935
396327
950360
381617
244989
875981
519034
68058
381617
849566
709236
803021
124540
898319
631730
896283
716210
485733
117156
114938
546800
