130837
653672
555958
301757
504989
403049
388160
928027
681427
52270
205813
437943
148607
676228
476556
376568
595395
157116
709371
403549
761338
900594
264922
326448
832512
976550
896747
97698
990638
667941
597979
919645
340373
457047
551363
308801
747306
86266
229068
769774
897838
165980
582184
726300
690108
950019
636279
354575
822404
3375
569415
418576
156568
93042
799204
324399
677698
985430
807678
355041
358167
818228
5095
237967
217128
279513
148789
462067
118894
926156
110675
381058
160128
498499
32033
432777
378766
821322
441972
747959
519276
211034
370977
920429
964460
916785
421102
132040
284612
644144
51676
343434
692646
552262
950019
527772
293816
141641
963142
802729
559622
473863
205156
88570
899220
710460
834531
986338
400887
146290
869092
611478
685746
129740
210942
79746
936900
769913
816829
36759
967067
183755
684007
924094
622513
689193
945556
965034
794715
900866
666490
551
550453
275909
408733
802078
138477
936553
169008
746898
182113
51731
727525
572067
587550
417942
191200
236244
898819
776845
382167
825066
321917
954599
724271
856946
693641
498499
834477
202574
781641
841265
327709
127678
672285
468376
189291
762738
663802
327786
666490
808729
778092
612058
994746
203719
815070
119256
559635
907563
524827
761338
558328
672612
231985
218681
783094
284129
692675
513983
822963
28490
442543
529622
447157
493447
469390
825544
425384
94807
900705
297652
769250
106734
5096
702287
622059
998806
705130
453405
862224
305691
875518
890930
407302
589610
380156
314944
642734
137855
817782
433572
150829
979312
339050
663184
693742
48065
43723
359501
123534
599843
257834
28729
993111
99181
761647
594263
25321
891212
12243
452252
739344
432784
229795
749641
696404
875654
239604
193780
874843
167008
936731
227432
700452
209150
156870
326965
701518
272828
735616
896283
896370
57191
744262
732925
639100
291502
41841
957390
418775
69073
247978
252700
341820
552248
956911
255077
113915
918899
780582
36422
833644
632586
571394
91166
344726
194420
142617
42688
632586
790619
761550
812271
93369
58098
5096
921995
622443
30492
366703
540632
750862
725717
840205
123745
875194
355547
414960
653090
86364
238773
62530
173605
720293
945283
752339
448280
757112
737510
490958
342389
826370
767556
83933
988297
599816
547570
168474
795502
900406
846520
43682
424289
772799
570335
803085
254845
321893
116979
705225
142218
543583
640589
220772
395675
474910
16400
555059
997766
945203
653217
611787
261213
850412
450027
55675
640254
542382
377707
699053
274727
779924
342665
872165
382530
557316
343403
312728
967413
116731
52189
112262
330833
925399
672285
182965
855791
900594
288317
904209
271731
289132
195469
953976
559622
151979
549312
969043
88324
236492
780277
750455
425919
248133
213827
968256
167060
809935
332460
826268
847849
647231
960400
509989
295946
833042
920516
604043
461736
13246
293816
563061
667590
335350
88324
163003
917989
142911
63478
90863
177496
463487
945482
219336
203663
277382
416720
392705
252005
733508
816829
504989
396063
685746
259251
759245
156568
251866
82683
274252
358664
411760
785294
731694
110691
604043
495875
256584
248035
924446
356934
790720
252103
544208
147586
453332
867301
467783
812471
133335
748994
788334
597676
951312
492066
763677
682961
40843
368984
651206
872403
589965
231073
43682
591246
384395
984407
393526
97824
502591
93369
492051
333292
492149
859202
161194
784476
49875
897237
150851
187721
696466
489762
12243
884179
584290
342555
431227
527202
896519
859557
755890
486234
202078
538522
652999
686291
149754
955802
763395
958065
311514
751940
914102
864061
927495
494962
858505
549261
441475
420235
534066
421102
180425
755928
548205
298496
951312
254542
781626
995782
485843
93374
992514
12766
634933
895555
652869
462886
100909
897838
236492
926156
834477
684279
627667
613650
711424
140429
237804
524827
168079
782482
132040
248052
370977
220289
142218
270689
495631
390810
424289
331039
276220
913962
16685
426666
920214
226456
932069
326801
263155
703165
398268
327225
22750
400680
47638
574446
269863
214591
844788
923602
160128
286460
753809
533368
323055
861970
814779
407837
636541
575816
376568
822078
369695
225501
781626
990746
49379
49875
994437
169946
963230
908172
321437
80670
52293
739150
864805
792330
340440
299601
378666
214723
500625
208033
209089
248052
381530
924094
101236
850412
804128
328345
814002
940084
555864
10621
681586
285124
808806
391247
975027
800085
609880
861465
494550
86364
943779
837358
880902
834225
474675
338777
527264
658977
754596
485158
794314
926030
22813
253119
717692
300389
83726
773997
951632
752111
441972
955584
965549
721806
762916
865714
781576
578260
241381
798681
754810
340373
166675
169409
51763
567322
752074
114270
54287
233543
370867
500796
124233
996065
675520
846384
1084
65599
620347
782423
130288
833391
422798
973866
177115
477118
354575
235712
589714
923954
583169
703463
466880
362419
145294
829809
395287
86364
352558
375680
189576
165217
205813
101114
460374
92068
892475
615247
575848
248426
988391
278322
169008
227121
978230
702257
384941
248726
165097
77189
680798
839782
374724
433378
981470
204752
893752
600296
524272
49213
662333
977539
53143
272828
130073
305425
470869
321893
859202
360793
230129
799431
959534
355603
644230
261139
622059
660643
354938
932321
64452
80494
306834
833491
151570
533780
776608
361992
396656
330895
973261
968244
253119
454085
287600
124233
687055
724730
45293
579299
579709
818138
567417
728743
652503
284336
185603
89912
405627
83130
760628
711424
900594
197689
309046
278427
253499
264413
400481
739039
563361
218681
75715
105729
666490
383242
475816
721686
936813
733717
15593
664437
704930
824291
211325
218923
277155
84108
90706
290370
115345
599984
927707
196477
188898
199603
797246
563061
997733
211578
29010
950360
384884
891730
26952
725782
457043
885580
989054
290698
947605
568150
756686
481558
240299
999016
962187
480317
942903
549766
857261
453912
320886
9193
353703
461314
755928
374047
483793
669437
466498
808729
762629
731694
417942
960400
870326
571509
580365
282314
695651
793989
323585
85986
844346
552549
289594
613650
295327
301890
841265
923963
608265
708385
393705
228842
68726
181441
994557
578378
83033
89810
652503
41421
233230
712561
382530
504648
49686
976356
586144
736965
277534
559091
9620
664437
920668
452511
316343
840049
138010
247884
314927
21178
83285
101824
80208
736968
931004
198858
998376
482326
395769
253119
483363
1823
979773
790081
775785
249967
98299
362782
811763
771888
147345
739285
340373
246666
383345
770628
109831
147977
598148
665892
991485
407056
374047
843590
66392
722443
505214
824177
962531
685699
65369
43927
148166
649577
587812
516709
569797
645268
573808
831346
286607
308801
109612
160083
116731
474356
320389
920952
849637
159251
10928
223245
270627
518282
335447
6935
779306
950360
381617
244989
875981
338884
68058
381617
849566
709236
803021
124540
898319
631730
896283
420947
485733
117156
114938
546800
