130837
653672
555958
301757
134001
403049
388160
928027
955092
52270
205813
437943
148607
676228
476556
376568
595395
157116
709371
403549
761338
900594
264922
165436
832512
976550
896747
97698
990638
217531
929482
919645
340373
457047
551363
308801
747306
86266
229068
769774
897838
114189
582184
726300
576507
950019
636279
354575
822404
816829
569415
418576
156568
93042
799204
324399
677698
985430
807678
278326
358167
818228
5095
237967
998537
279513
148789
462067
118894
926156
110675
548560
160128
877531
32033
432777
378766
821322
441972
747959
519276
211034
370977
920429
964460
747243
421102
132040
284612
850053
51676
343434
692646
552262
950019
838505
297746
141641
963142
802729
50565
574954
205156
291077
899220
219092
834531
716914
400887
146290
869092
611478
685746
129740
210942
79746
780698
769913
816829
36759
752296
183755
535154
924094
622513
689193
945556
823769
794715
900866
666490
551
550453
275909
408733
802078
37326
458967
169008
746898
182113
51731
747280
572067
587550
458049
191200
236244
898819
776845
382167
825066
321917
954599
724271
856946
693641
877531
834477
202574
781641
841265
122283
127678
672285
468376
189291
762738
663802
383431
951473
808729
778092
612058
994746
203719
815070
119256
559635
907563
524827
761338
558328
647675
231985
218681
783094
284129
692675
513983
822963
28490
442543
529622
447157
493447
469390
218923
683613
872403
900705
297652
769250
106734
5096
702287
622059
998806
705130
453405
862224
305691
875518
890930
407302
589610
380156
314944
782744
137855
817782
433572
150829
979312
339050
72682
693742
48065
209089
359501
123534
599843
257834
28729
993111
99181
761647
594263
25321
254391
12243
175730
739344
432784
229795
749641
696404
875654
239604
193780
160666
379524
936731
227432
700452
209150
156870
326965
701518
272828
735616
896283
896370
57191
744262
732925
639100
291502
41841
957390
418775
69073
247978
252700
341820
552248
956911
153628
113915
918899
780582
684996
833644
632586
571394
91166
344726
194420
142617
42688
632586
790619
761550
982243
398961
58098
5096
668268
622443
177956
366703
540632
750862
725717
840205
123745
875194
355547
414960
653090
86364
238773
753240
173605
720293
945283
752339
448280
757112
81256
490958
342389
209994
767556
476551
988297
599816
547570
168474
795502
900406
846520
43682
424289
772799
570335
803085
254845
321893
116979
705225
142218
543583
640589
220772
395675
474910
16400
555059
245815
945203
653217
87129
261213
850412
450027
55675
640254
263379
377707
678365
274727
779924
342665
872165
382530
40561
865034
312728
967413
116731
52189
112262
330833
233431
672285
182965
566034
900594
288317
904209
271731
289132
683720
271982
559622
151979
549312
824318
88324
236492
780277
750455
425919
248133
213827
123627
167060
809935
332460
826268
847849
647231
960400
509989
295946
833042
920516
604043
461736
13246
293816
563061
667590
335350
88324
163003
917989
21065
63478
90863
88724
463487
945482
219336
203663
277382
416720
392705
252005
863384
816829
134001
396063
685746
472518
759245
156568
292552
82683
274252
389275
345653
785294
586632
110691
604043
495875
256584
248035
924446
356934
790720
252103
470588
147586
453332
334030
467783
812471
133335
748994
491792
597676
951312
492066
763677
682961
310358
42612
954107
872403
589965
231073
43682
591246
384395
984407
393526
218923
502591
93369
492051
333292
740055
859202
161194
784476
49875
897237
70995
187721
696466
489762
12243
884179
584290
342555
431227
527202
896519
859557
755890
486234
202078
538522
652999
686291
149754
955802
763395
958065
311514
751940
914102
864061
927495
223634
858505
549261
441475
703534
534066
421102
180425
755928
548205
298496
951312
484501
781626
491792
485843
93374
992514
12766
634933
895555
599834
462886
196123
897838
236492
926156
834477
684279
563770
613650
711424
140429
237804
524827
609880
782482
132040
248052
370977
220289
142218
270689
495631
390810
424289
331039
918898
913962
16685
426666
816510
226456
932069
326801
263155
703165
398268
327225
22750
400680
47638
574446
296147
214591
844788
923602
160128
286460
753809
533368
323055
861970
814779
407837
636541
575816
376568
437949
988297
225501
781626
990746
49379
49875
994437
169946
963230
96749
236969
80670
52293
739150
864805
792330
340440
299601
378666
214723
865034
208033
209089
248052
381530
924094
101236
850412
804128
362212
814002
940084
555864
10621
681586
285124
808806
309046
975027
800085
609880
861465
494550
86364
943779
837358
880902
834225
474675
338777
527264
658977
754596
485158
794314
926030
22813
253119
717692
300389
83726
773997
951632
752111
441972
955584
965549
337277
762916
865714
600433
578260
241381
798681
340255
340373
166675
169409
51763
567322
752074
114270
54287
233543
936205
500796
35204
996065
675520
846384
1084
242438
620347
782423
130288
833391
422798
973866
177115
5790
354575
235712
589714
303442
583169
703463
466880
362419
738153
829809
395287
86364
352558
251031
821322
165217
205813
101114
460374
92068
892475
615247
575848
248426
988391
278322
169008
227121
947375
702257
384941
248726
165097
77189
680798
839782
374724
472621
981470
204752
269944
600296
524272
49213
662333
977539
53143
272828
130073
305425
470869
321893
859202
870397
230129
799431
959534
355603
644230
261139
654981
660643
354938
932321
64452
80494
306834
833491
151570
533780
776608
361992
715675
330895
188049
782741
253119
454085
287600
546213
687055
724730
45293
579299
579709
818138
567417
728743
652503
284336
185603
89912
405627
383242
760628
711424
900594
197689
309046
934026
253499
264413
400481
739039
563361
218681
515899
203040
666490
383242
475816
721686
936813
733717
15593
664437
704930
824291
211325
218923
277155
991150
90706
290370
115345
706075
927707
196477
188898
199603
797246
563061
997733
709950
29010
950360
384884
891730
26952
725782
550474
885580
989054
290698
947605
568150
753352
481558
240299
999016
962187
480317
942903
549766
857261
566532
320886
9193
673774
461314
755928
374047
483793
669437
466498
808729
762629
731694
458049
960400
870326
571509
580365
282314
695651
793989
543857
85986
844346
802891
289594
613650
295327
301890
841265
923963
608265
447189
393705
649678
68726
181441
994557
578378
83033
89810
652503
41421
233230
825573
382530
504648
998778
976356
586144
736965
277534
559091
9620
664437
920668
452511
316343
73808
138010
247884
314927
21178
83285
101824
80208
736968
516937
198858
912141
482326
395769
253119
483363
1823
118387
790081
73856
249967
98299
362782
811763
771888
147345
739285
340373
246666
296888
770628
109831
147977
702668
665892
991485
407056
374047
843590
66392
447189
199030
938430
514463
685699
65369
43927
148166
649577
587812
516709
569797
645268
573808
831346
286607
308801
337277
944105
116731
474356
320389
920952
849637
159251
779784
681822
270627
325365
335447
6935
877531
950360
381617
297746
875981
338884
68058
381617
582499
709236
803021
124540
52888
631730
896283
420947
485733
117156
114938
546800
