826470
391385
51649
155086
284689
84018
902018
761691
955092
777462
768647
970317
595198
400029
936236
946597
674733
92802
418248
834438
76068
887417
937436
331854
596983
393674
44758
185450
761774
456022
545539
324249
376110
841162
103724
386374
651656
398074
518736
509573
711953
679007
839838
105935
431573
971430
428451
320792
970394
23339
532286
432287
237222
466886
708031
992523
190574
835143
341760
45050
210904
357502
650086
293444
837888
924735
581634
967099
570394
469043
989226
530183
658393
205600
671648
821825
455878
365855
488657
773684
492647
186643
540752
969727
533167
37174
614623
789376
681459
637285
941195
932727
273941
697267
859050
177738
380757
995800
47202
357402
558446
439120
355106
760258
42610
219092
122565
701060
961494
860141
419105
613020
487191
592153
25500
457346
430474
635953
204347
823528
38503
902434
809349
277217
452765
425791
98361
585445
95723
522286
678048
565927
795671
811544
205626
533672
792276
372941
839838
414983
447675
614314
107481
344165
711948
335668
778870
261756
467132
654910
987738
891163
41569
98629
666709
359244
903421
205600
614818
186364
330593
804180
698859
262663
685153
40357
721465
449341
81064
851186
79022
871592
516331
943937
20358
93105
49499
329346
974876
216668
604608
51316
709766
839275
979522
322598
239149
410086
534167
450565
147580
516987
856868
977535
278605
261130
108312
259520
615584
110879
871965
377835
223276
402990
966914
546017
856043
369064
543711
209150
69550
420289
751763
100859
891837
658872
589151
644960
452367
180604
920
5206
439608
965371
57644
458852
536781
278427
182233
740924
920526
905460
852010
657279
161448
230674
564749
718447
346686
512749
735038
175730
47701
555610
76920
930045
395381
836524
488607
337602
866183
800285
255160
41569
696420
794725
538076
159052
311914
192541
102354
896283
402865
42563
691435
665669
404045
548457
859593
756524
601011
284269
165230
816959
466168
48314
807478
332599
113915
302935
701526
494697
926701
896650
787190
959646
437462
183230
414741
49555
828731
180614
173868
615584
790108
880074
966914
957204
927630
90802
828422
204945
378513
144638
585396
302452
634300
919335
840377
641877
518887
28660
5878
247391
806572
393845
674598
814962
424233
684662
794223
725252
840556
243725
911346
342916
884364
460139
361823
943937
88328
63173
347369
743712
220699
573660
837249
917958
484676
297362
100919
679002
367480
560370
473993
382979
397991
171730
51939
684661
285154
173341
275260
337672
520773
819399
515365
333462
564646
759743
450524
716286
187348
642042
920821
51222
425223
677545
880823
282357
494468
211344
38292
407524
745487
708061
364651
936215
416039
709430
814600
684622
63899
266334
527066
216840
32983
382011
315147
484368
331093
233651
311920
463723
535950
959646
152448
688485
583423
666709
567423
354709
463754
652371
350223
46546
64487
840784
466483
585463
340750
380757
533672
390752
13725
133625
637716
475873
958915
637975
941912
873904
239283
945482
454133
842849
612899
682006
400934
318607
861285
204347
284689
848957
345811
291747
580988
237222
633778
189635
16535
186261
817183
488726
433228
909606
459192
631962
781633
273196
377658
16694
961849
579775
812650
664830
647942
215545
142684
436540
240131
605047
903398
554424
437018
395508
366134
102636
564749
330374
230959
324068
149822
896119
666701
112933
144656
964797
856340
31286
40432
670290
84043
892549
131427
17975
186643
828485
912977
860238
690374
782564
645234
56814
774188
347369
905046
850813
21234
167939
567648
66178
22800
171321
233348
141097
589943
223513
178016
282793
118452
907667
155619
53176
827754
141412
407543
194275
638165
953864
161448
169292
762217
614623
182859
910766
403866
135483
437018
35190
253362
903398
255761
735978
111411
67394
522176
234013
513966
438605
648980
708103
278878
663679
649398
590657
620914
448044
8103
73320
36973
604608
880634
233613
754561
451030
139572
308037
391616
939869
267813
339618
743712
638587
807925
619468
312253
442605
714926
383375
822505
539399
180392
393692
409388
310431
357973
61106
172471
230959
421088
156384
257270
259924
658393
72042
965042
354034
19360
657279
469424
686400
389659
782284
946597
267294
820789
429836
253362
571538
792120
955265
92798
932847
660665
393893
765679
339609
102146
717056
696410
758029
48314
269941
887278
489512
619507
129209
182233
610555
357001
82228
705245
850412
371610
726568
117802
768941
435277
398114
754373
611152
641490
329877
314560
602505
911700
109345
418093
513596
123360
782463
202791
674034
585400
205547
303830
188207
987120
63489
381617
25811
22813
198666
735207
978206
654811
365860
189120
285949
729410
47038
748476
63195
505101
231206
898280
907667
216351
498133
54070
911953
204329
20206
784700
827569
716509
638587
54287
452840
635098
889489
128360
973461
603112
599767
451782
338047
781011
223276
120196
478364
101124
742257
121267
563175
320792
36730
988167
628608
932140
411020
184719
636586
885606
156741
138303
513596
417536
964650
481077
306726
507108
644689
757465
70419
515872
250196
575848
380159
268262
764488
771156
479009
220732
423171
402714
260688
484355
548477
680798
956112
195886
39376
322995
439457
980036
548844
711007
699425
261976
105804
795998
192541
113911
826110
223635
132882
17975
908340
186045
934823
238031
61178
644230
669994
856043
907182
865938
487927
541684
998514
659168
255385
314865
398089
641122
343627
396656
17106
59658
483604
645599
176987
864226
128360
760601
986150
125503
854017
373113
383345
721767
176668
477108
809722
92529
245339
864119
79456
841245
894488
416039
862375
937522
308810
866689
544995
149440
84434
665992
322598
731197
29892
770201
79456
999979
918230
463331
880074
15593
962376
161240
431035
17417
689120
462961
184736
256346
731197
119837
338105
884900
873649
569798
394990
410258
133738
319844
547355
664521
989087
327098
78683
327359
523720
116385
811241
142583
854017
889915
271259
912643
35076
376187
951649
433916
293123
58610
470806
88328
650071
504752
652810
700973
187051
44374
676802
140906
6094
597774
641122
627088
433228
16718
964797
759283
351641
407821
232429
733386
38206
274430
293312
383914
766512
811043
946348
135579
24187
264630
426201
544812
861643
658818
330710
812650
5016
381628
748538
183082
413219
47202
991480
759215
667073
271279
68228
649980
743696
354837
430951
729106
722327
673767
962376
225966
317667
361307
676681
561963
597739
865155
296533
56175
133480
438639
340355
287662
8315
809363
796633
779573
198666
562966
211373
47430
790081
866087
996531
44574
444142
653702
519893
630603
800548
911953
557508
758197
277711
221250
524638
415739
564646
819161
97760
58610
569807
627482
765696
108435
59493
683685
299488
401193
203588
681817
580767
516874
5206
602888
179261
600031
104801
769924
386374
63195
9750
11196
369590
928204
986860
524980
944622
772672
105571
354038
151237
298230
879471
205600
393674
827705
259587
118857
840486
833647
381617
911887
221486
915330
655031
782376
119413
602293
99926
831749
690127
826385
904409
