782007
932638
925537
671473
207362
610825
822066
974576
525804
450017
692263
507666
452585
451940
86830
461962
260936
914739
706422
499612
382094
951048
834315
122005
780894
608483
882832
344391
648991
284907
589952
260586
192031
662416
216810
206183
393271
359622
495690
158033
926319
982321
769057
162575
706607
707624
46455
458195
586123
437784
594756
31816
314004
103408
103677
999024
962730
804860
375190
917456
765659
147171
985875
487514
467875
254018
546663
173467
416142
205916
623440
706779
299509
760959
810552
918354
680591
288885
136924
989739
571672
896132
588475
831186
781921
1297
880766
670927
402236
20265
280630
838063
768612
768646
532130
654677
577975
333367
990888
339873
357543
855894
271257
261542
279642
296528
458537
21502
208614
175600
661437
478984
567256
26480
329447
540346
660075
263875
730968
559179
613836
830733
222975
303514
540346
369613
446977
238358
963640
807153
349120
780102
348886
32321
270054
268645
346011
642275
618152
130177
190208
745718
775611
470831
887782
644196
279067
124347
571672
900945
431443
759164
154676
236691
369688
190304
40780
728804
464800
280468
469608
102139
546054
852582
568692
860350
725085
456123
875111
481465
994818
503952
542334
666465
980719
161699
74451
256931
574231
709712
517651
839490
758590
655390
444675
626726
833134
309166
952442
625224
963589
771383
904019
762312
982780
32312
662600
72100
179090
293717
435023
774505
469511
645086
861141
977629
862871
507288
201844
807687
483941
776616
608806
214473
156605
440598
799379
555924
150597
89633
377128
135770
841170
31104
912520
619076
718205
444442
872431
499321
195550
325398
325484
883357
568692
46021
980557
424871
542604
810822
710669
725
782273
724044
542802
817538
8208
762025
936443
290186
358901
345624
498502
747344
955980
605604
481810
68954
830408
326989
222636
132327
534252
548942
984491
560815
110362
171692
905931
905557
472559
30590
264725
845290
56403
706297
225922
558361
209842
391022
241957
239006
28674
447697
311993
500938
323322
579435
255391
26420
863849
191961
325707
816185
396063
109674
12616
434405
22386
536847
153300
918894
227598
813761
811368
685387
109400
620041
891658
811961
127640
165626
802706
65396
565541
251285
605604
280800
801668
896630
144868
707083
376545
756213
402140
550119
37331
771383
957985
586580
787491
986465
850090
276213
186075
112501
402236
596978
82131
927005
676885
471261
788819
103872
310280
307721
941514
848390
472772
542667
22185
108495
336424
229537
374629
892148
88956
493419
190642
478918
47451
486843
69757
111887
656432
349053
998515
227400
848316
2686
541182
599805
609699
993896
473610
415087
876436
548475
832633
763907
60259
263164
470029
697644
909655
955369
853253
862361
636984
633867
760483
772140
856134
774164
893586
70309
321157
680649
456752
894062
306869
360414
274782
717995
762084
763400
509410
292095
939161
747937
792006
303553
654672
546358
313797
992094
423493
506399
435208
104022
623184
289547
417249
892570
272782
769486
626534
943897
114456
478719
938159
944291
402793
314634
278516
155318
425834
558064
170515
672093
392611
537849
455137
413380
205007
756127
15026
118414
491997
904733
137269
421964
14779
296537
885165
663274
705245
101011
304303
81467
559444
273794
96323
495657
618586
835042
497690
208444
521244
533876
552595
67493
26470
187477
595485
975970
940284
111508
815959
289498
931440
976846
773281
468383
887607
811961
958267
189142
467202
30567
222164
670573
895338
272252
42568
622688
140521
366493
101242
446664
301425
303280
732144
919343
883044
353104
851444
123924
618820
144462
45267
176385
738347
668943
981878
999987
870516
736024
32924
314961
762529
661744
535448
902813
409647
725857
728672
747937
58312
867602
663196
317611
806082
939207
266076
896150
254367
123045
299509
674408
603919
389316
88226
589223
241795
300158
420580
781690
260764
841719
252467
303137
656988
727959
587364
951048
627821
859909
509156
595061
678730
469553
906589
665990
108523
557727
484755
873286
1672
368727
533203
564432
43715
321407
902758
579173
903940
416443
346723
865190
139015
84006
870466
469185
830762
697485
115704
580721
236022
445097
875001
141408
632081
569934
865110
936873
381356
446887
402067
810344
620646
856
487056
613321
472869
114544
886945
931330
851444
994387
707093
396084
518708
916388
53070
262166
65659
441756
320111
590675
485055
326003
280360
870241
348055
398668
50056
742344
308007
671987
264353
861789
418801
188480
74208
755315
432543
126927
984347
610971
859146
856134
196365
108487
899371
57703
933017
289547
101850
664366
751172
319696
202344
636612
951362
875001
803692
230561
249176
192712
692685
487159
686022
607607
392842
32681
391027
729854
773339
848463
726648
413029
33676
860726
369400
295092
932906
237791
204851
379525
530201
260864
121233
253630
166887
967288
300329
555913
83086
840476
560963
401938
266137
437094
329635
999800
263378
112704
325764
439713
370839
985785
114134
593167
69718
144999
120027
645693
709596
829816
742710
398305
550973
130401
930995
646044
77236
665868
518708
187517
406869
488325
2567
339064
95160
301360
175861
151229
900482
73796
699518
148542
911311
595501
929291
963698
836593
522890
606833
230630
482928
115035
69480
983379
591916
486012
558232
607640
8194
746305
767304
489753
345381
816608
776019
863704
326648
197147
28762
826326
868836
172904
264629
72824
608433
285106
596976
865706
312629
712848
936296
361772
122773
651801
143031
655398
403182
450581
281714
420640
622685
28378
185112
868669
612971
392934
330969
931597
267708
228315
865124
913514
69270
761138
297317
140475
924309
951493
989932
706870
49420
596894
399908
91309
824730
621944
284887
663691
160466
895724
982321
535771
554552
69461
675632
677036
975171
219093
975829
758288
127781
752274
507753
750429
221214
827798
140475
552415
661010
636732
282549
923498
832548
583068
847551
917427
295831
179447
839499
922043
376556
840015
245961
61850
625721
641955
973619
209476
971878
290339
908419
249450
472268
83305
422131
473289
254307
349618
505230
650578
770214
307082
257093
197260
313192
540443
181408
440016
265018
374629
690644
171550
487056
929461
158442
765659
574391
347661
42342
333772
513731
581000
846151
701651
513875
772171
786137
88226
307800
736770
986694
487355
782773
636971
638652
811471
839989
854844
310467
596430
504393
916785
934245
991356
250149
843648
14686
7705
87778
848809
150613
30141
159495
424490
916067
89628
897676
394155
792181
2269
534124
308507
315920
552353
560147
653920
951595
57393
51392
289483
234660
904941
801156
503326
600426
30363
138786
302205
415395
238607
529124
212764
921373
764081
521595
709331
629831
515626
591916
777312
615437
507138
975269
754897
513435
531522
381116
880370
183318
352289
532229
658163
292171
226323
572699
277473
147242
963383
446887
121258
521233
934706
953049
891132
177907
400867
113747
769227
384616
757907
84062
415169
115019
517576
931824
366145
420599
120328
484553
283610
337134
880478
112578
762264
111613
55319
318013
736673
856437
510644
