828140
932638
925537
933168
207362
395219
919963
800105
202841
450017
692263
728601
452585
451940
932577
461962
260936
643942
159313
499612
382094
15122
571085
734814
962293
608483
882832
973647
648991
284907
589952
260586
340084
662416
369678
630550
393271
359622
685988
158033
543265
420682
769057
162575
706607
293761
46455
458195
586123
437784
594756
31816
149622
309247
66011
341093
962730
809628
375190
781539
598992
147171
187866
487514
467875
254018
875176
53596
680428
205916
623440
766762
299509
821109
488452
918354
680591
288885
136924
989739
571672
558839
588475
831186
164866
1297
880766
768018
953321
117790
133572
838063
666224
768646
532130
654677
577975
333367
990888
339873
357543
855894
271257
261542
566250
296528
458537
182919
208614
170083
661437
103707
567256
26480
329447
540346
965031
562107
730968
559179
462251
830733
222975
303514
540346
893038
446977
238358
963640
807153
349120
780102
348886
32321
270054
268645
418531
642275
122746
971188
190208
745718
775611
905670
887782
12612
455225
124347
247189
900945
429641
259424
154676
236691
369688
190304
521429
728804
464800
280468
469608
102139
546054
852582
236190
510631
725085
456123
875111
900393
882439
503952
732425
666465
980719
161699
977635
256931
574231
709712
517651
880226
758590
655390
541301
626726
833134
309166
952442
625224
84308
771383
490161
247440
982780
146439
662600
498746
594704
293717
435023
495875
469511
645086
861141
977629
635756
211741
855984
807687
110769
776616
608806
214473
156605
936869
875637
813386
717792
89633
103754
135770
841170
650176
912520
628797
718205
444442
872431
499321
195550
154714
325484
883357
568692
46021
213771
424871
542604
668144
819616
732119
782273
724044
542802
817538
8208
762025
936443
290186
358901
345624
498502
747344
955980
605604
481810
958429
341334
410390
222636
968695
534252
548942
693886
560815
909397
165280
905931
821694
472559
30590
264725
896439
56403
906318
743373
658626
209842
391022
241957
239006
2779
820166
311993
500938
220246
579435
255391
26420
863849
191961
994936
816185
396063
254178
12616
434405
22386
897933
153300
918894
227598
813761
627909
685387
109400
620041
891658
811961
127640
165626
956552
65396
565541
251285
605604
280800
801668
685441
144868
707083
376545
756213
101175
764106
7155
771383
957985
586580
589930
986465
52546
328004
186075
112501
402236
596978
82131
927005
269562
505140
917026
103872
310280
59661
426807
848390
661247
542667
22185
108495
145213
229537
374629
892148
88956
493419
190642
478918
255872
486843
278113
111887
656432
349053
998515
227400
196211
2686
624557
599805
609699
381972
473610
731026
601552
548475
832633
763907
60259
263164
580205
697644
773359
986034
77404
542735
636984
633867
760483
772140
856134
774164
558873
70309
321157
680649
456752
326380
306869
360414
274782
657399
762084
763400
509410
292095
939161
384489
792006
335668
654672
418486
313797
132813
197634
506399
435208
104022
623184
289547
417249
890788
260579
769486
626534
482604
114456
78369
56152
237102
464191
113166
278516
853761
425834
206612
170515
672093
477992
537849
455137
413380
205007
756127
15026
118414
491997
769150
137269
475690
770465
293828
885165
663274
705245
101011
959100
377734
559444
273794
96323
495657
618586
835042
922319
208444
521244
702799
552595
67493
158306
187477
595485
975970
940284
111508
815959
289498
931440
143621
497906
468383
887607
364249
958267
189142
467202
30567
222164
670573
895338
272252
107076
622688
732908
366493
101242
392842
301425
303280
732144
919343
149906
353104
851444
123924
618820
10462
433778
70160
738347
668943
981878
999987
870516
736024
657655
314961
776971
661744
535448
547567
409647
15167
728672
384489
819923
606635
947346
715552
806082
939207
266076
896150
380502
759970
299509
461855
603919
389316
227116
589223
819616
300158
420580
781690
734013
841719
879989
538572
258741
727959
587364
308829
627821
859909
509156
595061
736064
637745
906589
28378
108523
557727
484755
873286
1672
368727
533203
564432
43715
321407
135530
579173
624711
416443
346723
244220
139015
127306
870466
469185
838630
623817
115704
254862
236022
445097
875001
141408
632081
158739
865110
936873
381356
446887
402067
752168
182141
856
487056
613321
316605
114544
886945
721071
851444
375106
707093
514192
518708
901351
53070
262166
65659
890825
320111
590675
485055
326003
280360
498356
348055
398668
50056
742344
308007
671987
909845
206103
418801
188480
74208
725469
798148
441330
984347
274580
174695
856134
38555
108487
29275
57703
933017
289547
101850
786675
222803
319696
637
636612
951362
875001
803955
946789
249176
192712
692685
883284
686022
607607
392842
32681
391027
729854
773339
975917
726648
599565
33676
295944
369400
295092
932906
237791
204851
815631
820166
260864
121233
582019
941015
967288
516949
555913
83086
840476
560963
401938
266137
437094
404419
989739
263378
112704
312933
439713
370839
985785
114134
593167
69718
144999
120027
645693
709596
829816
742710
398305
550973
130401
886170
646044
77236
48951
518708
565083
406869
488325
2567
594333
95160
301360
175861
151229
900482
73796
414895
148542
911311
595501
929291
957360
836593
522890
605717
230630
482928
867889
69480
164467
591916
486012
499781
607640
8194
239446
767304
489753
497076
816608
776019
863704
326648
197147
28762
118932
426421
445450
233448
202730
608433
285106
347251
865706
312629
301746
538137
361772
12396
651801
143031
655398
403182
450581
164213
786834
791055
28378
185112
868669
612971
392934
330969
327499
475844
228315
865124
514987
69270
151456
297317
140475
924309
951493
272860
706870
760211
596894
399908
308466
682073
621944
284887
663691
179407
895724
982321
151778
554552
69461
675632
996627
47959
219093
7935
758288
127781
752274
141340
750429
221214
827798
140475
552415
224972
714688
282549
98120
832548
583068
123738
917427
335958
179447
798495
922043
376556
865034
163272
157407
433870
641955
369401
10897
971878
290339
944585
249450
991809
83305
422131
680591
770606
349618
505230
496238
770214
307082
257093
956120
940402
540443
181408
440016
265018
374629
416333
171550
487056
929461
158442
598992
273444
691975
42342
333772
513731
581000
846151
701651
513875
772171
986683
88226
307800
736770
986694
487355
272941
636971
638652
811471
470380
854844
310467
596430
504393
579572
934245
862257
743626
523255
14686
646699
87778
848809
7956
30141
159495
437172
916067
89628
897676
394155
792181
2269
463552
308507
283984
552353
560147
653920
951595
57393
51392
289483
234660
904941
659728
503326
600426
251562
268755
302205
415395
238607
455477
212764
564695
764081
521595
709331
742040
515626
591916
777312
615437
476295
975269
754897
513435
195218
381116
995626
461499
352289
532229
96918
862550
870695
572699
277473
147242
963383
446887
121258
521233
934706
378489
165236
177907
400867
113747
526907
382430
561088
84062
415169
115019
517576
489232
260766
420599
120328
484553
283610
828078
880478
881157
623581
289996
55319
318013
736673
856437
510644
