828140
126537
925537
933168
207362
708371
919963
410661
236223
450017
221135
728601
176452
451940
385454
345143
260936
813658
159313
499612
934064
15122
571085
734814
962293
608483
624953
973647
648991
284907
589952
260586
340084
662416
369678
630550
393271
359622
685988
158033
543265
420682
769057
162575
487772
293761
46455
458195
417149
437784
594756
31816
149622
309247
66011
341093
962730
809628
375190
781539
598992
844766
187866
487514
467875
254018
717182
53596
680428
205916
623440
766762
299509
821109
576429
918354
680591
556288
422847
989739
905265
423059
588475
831186
164866
1297
927843
768018
953321
349490
133572
838063
666224
768646
532130
654677
605882
566397
705927
339873
103401
855894
271257
261542
238505
296528
458537
182919
208614
170083
661437
103707
567256
26480
271136
540346
105751
562107
730968
559179
610914
830733
222975
303514
540346
461704
446977
238358
861996
807153
349120
780102
348886
313323
270054
246223
752538
642275
533792
971188
190208
15645
985492
905670
887782
12612
455225
124347
905265
900945
429641
24426
154676
236691
369688
190304
521429
728804
464800
280468
469608
102139
546054
852582
236190
510631
64343
456123
875111
966984
882439
503952
732425
666465
560098
161699
472935
256931
574231
709712
517651
880226
758590
655390
541301
586793
833134
309166
952442
625224
84308
771383
490161
247440
982780
146439
662600
498746
521828
293717
435023
495875
469511
645086
278530
977629
635756
211741
855984
807687
110769
725062
608806
214473
156605
936869
875637
813386
717792
89633
868533
204020
233320
311019
912520
278409
718205
444442
872431
499321
66942
154714
325484
883357
568692
46021
213771
424871
542604
668144
819616
493613
868765
724044
542802
297447
8208
762025
936443
290186
358901
345624
498502
747344
955980
16734
481810
958429
341334
410390
222636
155820
534252
548942
852147
665322
909397
165280
905931
821694
472559
30590
264725
896439
56403
906318
738445
244886
209842
391022
241957
683564
428488
820166
311993
500938
220246
579435
255391
686864
863849
191961
994936
832491
396063
254178
12616
434405
22386
897933
357163
918894
227598
813761
9517
168986
109400
620041
891658
811961
219857
165626
956552
65396
565541
251285
605604
280800
801668
685441
144868
797542
667387
756213
101175
851697
7155
771383
957985
586580
589930
986465
52546
328004
646169
503712
402236
596978
82131
927005
816602
505140
584026
103872
922567
690102
426807
848390
490856
542667
22185
108495
239819
229537
374629
892148
203547
493419
190642
478918
255872
960788
278113
319148
674693
349053
140154
227400
539113
2686
624557
599805
609699
381972
473610
731026
601552
548475
832633
763907
60259
263164
855885
697644
773359
986034
77404
542735
636984
633867
760483
772140
856134
774164
558873
70309
119658
680649
456752
326380
306869
360414
274782
353017
762084
763400
509410
292095
939161
384489
165671
963996
654672
418486
634473
132813
197634
506399
435208
554426
623184
289547
417249
890788
318678
769486
626534
482604
114456
78369
564283
237102
464191
113166
278516
853761
425834
206612
170515
672093
320299
537849
455137
413380
205007
756127
15026
118414
492188
769150
137269
475690
770465
293828
681841
663274
705245
101011
959100
306406
602458
273794
112662
495657
618586
835042
922319
208444
521244
702799
552595
67493
158306
187477
595485
975970
940284
111508
815959
289498
931440
969756
497906
468383
887607
364249
958267
189142
467202
30567
222164
970616
895338
522951
201947
622688
546434
366493
101242
392842
301425
303280
732144
919343
149906
353104
851444
123924
618820
10462
47725
70160
494196
668943
981878
999987
870516
444766
657655
791271
776971
661744
535448
547567
409647
15167
728672
384489
819923
606635
947346
715552
806082
939207
266076
850183
380502
918387
299509
73523
603919
681227
432373
589223
819616
300158
420580
626382
734013
841719
879989
538572
258741
727959
587364
308829
627821
859909
509156
595061
736064
637745
883605
61808
108523
557727
484755
873286
1672
368727
862415
532265
43715
321407
135530
579173
624711
416443
346723
244220
139015
119981
870466
469185
838630
623817
115704
254862
236022
445097
875001
141408
83524
751719
333403
936873
440395
214235
402067
455602
182141
856
487056
613321
571227
114544
241849
721071
851444
375106
707093
514192
518708
901351
53070
262166
65659
890825
320111
590675
125395
326003
280360
498356
348055
398668
50056
742344
246598
671987
909845
643105
418801
188480
29606
725469
798148
441330
313485
274580
174695
856134
38555
108487
29275
57703
933017
289547
767460
786675
754741
319696
637
636612
951362
875001
803955
946789
904071
192712
692685
883284
686022
607607
392842
32681
391027
729854
773339
575353
726648
599565
33676
295944
369400
295092
932906
237791
204851
815631
820166
260864
121233
582019
941015
77670
674024
555913
83086
840476
560963
401938
266137
437094
218317
989739
179496
112704
312933
439713
370839
809180
703669
369349
69718
144999
675597
645693
709596
829816
742710
398305
550973
130401
886170
646044
77236
48951
518708
565083
643063
488325
2567
594333
95160
301360
175861
151229
900482
597545
414895
148542
808762
595501
969966
957360
836593
522890
182261
230630
482928
867889
304100
84243
591916
486012
499781
607640
8194
239446
767304
513666
554881
816608
21983
863704
326648
197147
28762
118932
426421
445450
233448
202730
608433
285106
347251
865706
312629
276877
273589
361772
366738
651801
143031
931766
403182
450581
164213
457860
791055
28378
287712
574730
612971
392934
330969
327499
475844
228315
865124
514987
5823
151456
297317
140475
924309
78543
272860
706870
760211
759509
399908
308466
682073
621944
284887
650226
450835
268304
982321
151778
554552
625833
675632
996627
47959
219093
897786
758288
127781
752274
141340
750429
221214
827798
140475
499688
224972
714688
282549
98120
668481
583068
123738
917427
335958
769462
798495
922043
376556
865034
163272
157407
433870
641955
369401
10897
923882
290339
944585
249450
343253
83305
422131
680591
770606
349618
505230
496238
770214
307082
214473
956120
940402
540443
181408
227460
265018
374629
8362
171550
487056
680414
158442
598992
273444
691975
42342
333772
189265
888101
846151
701651
513875
772171
986683
432373
307800
736770
986694
487355
272941
387384
614841
284943
470380
854844
310467
596430
504393
513100
934245
862257
743626
308468
14686
646699
745352
848809
7956
30141
804644
614867
916067
89628
897676
394155
792181
2269
463552
369401
283984
552353
560147
653920
517591
57393
482596
289483
234660
424177
659728
698397
600426
251562
721101
302205
415395
120174
455477
212764
564695
868212
521595
709331
742040
515626
591916
777312
615437
476295
975269
754897
513435
195218
381116
995626
14849
218622
532229
96918
862550
870695
497181
277473
147242
963383
912671
121258
521233
934706
335865
165236
177907
723069
113747
47725
382430
561088
84062
415169
115019
517576
489232
260766
420599
120328
484553
283610
828078
880478
881157
623581
27890
55319
318013
371126
856437
510644
