935090
396435
730452
439371
460094
929046
797445
893055
252034
252034
739155
616956
968676
697901
445178
909782
708788
680327
844510
619470
377407
721820
961562
980933
708584
329021
624953
923913
551101
709420
276740
357534
354247
327316
722350
630550
672777
788771
203943
228126
221657
967989
910554
365735
995658
515059
574857
824950
204836
995644
882798
694698
690324
114559
66011
734239
102857
991508
662354
950526
673159
443632
607051
679917
926767
779996
938454
11242
253899
656589
623440
334299
779996
223287
568982
742287
581173
542679
33304
181952
247189
983887
220551
257304
167209
890822
586071
984922
953321
179447
251418
639725
976969
331111
732656
221559
693975
830951
859537
250921
884459
699170
89130
261542
531938
283475
568230
635712
822408
251451
247223
456681
547370
365215
362070
540346
468536
492482
501321
75827
672011
465881
433746
303514
540346
892356
543667
563376
55398
299888
785012
178189
261230
212100
163437
53436
105805
765802
384707
605208
190208
165845
278998
610917
385356
805953
455225
908596
247189
900945
94191
545605
154676
219789
369688
932613
624130
510438
857603
845663
266415
631654
565350
562405
556134
187325
62796
336558
875111
325778
994818
579694
304030
154793
215183
637629
268543
502564
702969
988443
949774
534603
654313
502596
546802
544648
851773
87272
315961
890157
327217
706748
983634
247440
327879
700339
700979
163927
110818
826185
394579
40005
409346
197951
850755
329729
534790
838301
201161
522080
277032
251345
397677
257093
676538
252811
59952
367000
245055
870003
662519
657365
558342
100104
846236
566979
621984
606284
621984
396269
820324
665972
325484
912730
556134
255559
558868
347044
978399
668144
368024
732119
200625
693193
866482
30225
502564
311200
158249
688729
959771
38108
635195
568681
725942
671056
481810
172502
324233
495098
961769
492966
916754
905150
852147
610243
157400
391516
221720
249243
208015
123071
970023
139425
948439
771545
708422
156672
645226
467741
269260
146709
929573
447697
711390
809162
618928
76385
178756
780887
938425
344867
6461
603907
730203
693093
694392
370412
586814
672243
720995
258022
39017
546238
9517
446736
371074
46077
388846
811961
322110
274583
390981
35037
598657
306055
671056
356968
801668
191478
842676
610530
945836
469182
926445
243666
410998
706748
690248
379006
787491
986465
933211
148747
865042
792814
953321
592940
488937
465874
613443
944939
65489
854043
467952
276073
552071
250682
773293
290224
586909
60309
239819
984445
151097
638260
994235
39552
476452
915898
425737
309004
376763
234730
637593
349053
716254
326843
566498
2686
498963
886652
572325
33790
288947
760627
214366
365722
797461
741009
853219
704512
526419
258022
611698
324153
408490
850674
266793
467690
21540
991466
548608
711812
337681
556268
391207
983634
213507
290138
309273
151180
639534
160953
567453
808083
721087
453321
709522
52705
936501
449238
129484
128148
634473
109366
500004
224111
720907
166124
83320
295718
744189
628691
397054
973160
452224
275190
63528
188299
900826
208896
449026
54986
972693
245525
967234
21818
610530
62194
36902
414573
994698
49480
850477
502752
681317
427841
814399
996841
94639
765007
628884
930934
666627
10314
861490
739377
924793
306406
416983
797428
850183
173606
842676
430709
780952
534936
686720
519416
552595
55410
26470
576439
812971
343749
940284
461125
338247
517996
715519
79129
757418
823
887607
811961
958267
898911
467202
46420
226256
73530
215391
475902
42568
937662
181208
158012
879081
566374
731477
225758
5121
449132
177280
64688
350260
125968
569707
972012
409856
947438
150907
82394
911576
233774
183219
444766
23124
625349
18308
243758
275510
77259
915744
843628
948089
52705
47888
712420
988089
988978
528907
200199
911239
850183
301619
163949
779996
455933
343749
820188
32322
303715
368024
467146
699588
944505
901076
459548
27189
882374
162692
946045
668278
721820
87162
706316
736006
111479
669736
784277
697686
86097
624110
786980
515465
596509
58976
396086
533203
790571
906089
885472
479963
583752
471798
926767
532351
464473
484038
259139
866254
527480
575280
313615
858297
372964
651173
445097
875001
339468
400021
250622
367150
727372
515163
489448
594987
393157
560157
609041
284083
430388
690943
265469
562624
889723
350260
309681
886245
132412
32377
658565
682004
960875
76893
961562
997549
821417
894815
302415
342683
32322
952390
969649
523808
70781
955275
871729
85723
989433
170792
711078
945495
204944
572203
122111
621343
65592
187741
548608
902376
376657
268757
417427
122492
295718
210555
506499
868870
393729
68122
323132
217755
719275
503798
119339
741845
794862
700213
999017
178603
716390
566374
32681
391027
408673
643511
486296
516646
593643
985576
376890
703885
295092
533492
288264
499303
205507
447697
339918
54919
299313
744011
667144
411052
511663
215936
155491
534241
115848
81259
921081
664457
181952
228850
354300
171822
360103
242316
311018
885149
978447
661792
445958
116703
779729
497225
770287
367434
84650
629452
788004
886170
108955
815549
843970
32377
565083
266123
589636
162692
330708
95160
63707
44413
692778
670078
831591
357794
55659
859307
595501
122728
183544
698307
522890
769870
350479
995904
444957
260756
249914
209055
856798
796447
607640
767189
326488
891249
237411
772418
968503
21983
475234
540303
314399
382976
594640
426421
716854
125504
320073
940954
850896
835657
588023
720891
495663
273589
340569
805705
651801
786747
687535
680671
104379
451289
107377
785486
86097
664651
70232
255094
244812
569693
99055
420586
177448
228419
316227
937648
355649
6258
46544
83299
920577
444804
706870
749062
911903
791715
217451
909867
621944
398542
663691
489441
225534
967989
397149
412250
633981
675632
122111
140877
653269
451888
513466
556959
193804
180304
517776
53847
591368
46544
790192
422374
791973
649609
692825
382176
795905
609820
482453
139549
736044
330175
945447
672641
279847
621736
644424
185116
658577
996416
118799
7044
958848
815148
127178
419932
810095
805216
581173
282234
186895
963532
231025
8707
131946
257093
644082
300069
151716
181408
51546
265018
151097
195289
63707
284083
851314
389698
673159
237035
452957
607324
359312
643275
888101
532351
988978
159580
706748
437226
32322
148805
678639
710032
576183
854881
52089
812832
12369
25717
733142
310467
262199
800142
79129
236484
381839
266123
225345
182187
460228
937433
32246
2394
609682
706054
575911
818949
268796
459548
64688
809873
983761
161515
996416
962952
596035
942663
536482
806807
325318
662362
674629
62658
218597
451710
535367
98101
580283
459970
302205
639415
120174
143713
786747
170947
562371
892235
607437
191502
225517
209055
973605
436209
996366
975269
606101
768712
418257
407226
279726
112320
294275
361131
612811
464917
685536
241653
88588
631765
224863
853208
787923
960357
934706
87625
198810
370302
400867
554953
667884
171998
279112
713373
718755
972834
225544
965988
112221
705000
412416
56253
283610
337134
880478
881157
46780
872748
826775
542872
830951
512571
40200
