510298
136868
502595
325775
680133
348514
356549
616187
189389
461937
713340
557848
219792
547839
101727
107522
146682
26272
907304
159175
293132
202042
816177
965477
377400
873285
973553
774695
541028
248965
606037
493831
383752
97444
289414
539759
132489
293369
732664
473784
527602
867786
911176
254940
228118
241231
507638
831271
250030
500847
260617
381158
579060
522360
888733
874198
46210
897779
925249
547209
738052
862199
646994
131039
678998
799779
36467
738069
628498
711939
417900
880036
278122
684905
149300
966060
334279
303722
979406
324974
408406
852186
565065
118279
481797
237368
775519
197314
534540
618655
544431
387776
477007
998360
948451
152466
334754
154407
661696
238046
877091
480476
125105
612445
476826
245208
520887
990960
333833
618655
707771
300098
912469
404116
678906
383495
140515
802910
388236
769762
209885
803578
245800
512532
172088
265569
742598
753409
613407
170662
677614
162420
739431
504865
710784
905732
56666
747823
193137
671764
786886
357428
90573
936512
702226
477254
291124
606715
215386
581752
677106
398244
180532
890763
423830
324115
12400
458312
466363
809075
637174
782367
451604
769098
999737
419778
260828
687718
227125
449883
355019
725390
610179
855839
149532
677781
3835
78869
387979
446058
927023
150534
50433
904196
535188
229191
890054
342992
250342
937416
74106
707469
190958
6361
131124
630194
558995
91485
134228
445268
277149
286703
576099
208868
226973
579293
622832
573260
115176
340256
579366
892600
740705
179785
745342
486017
336454
474876
777868
887510
551196
646361
796941
165488
383288
584732
306617
429014
892841
4484
185974
270880
514580
603763
69367
665966
713628
990901
216458
402254
513540
97151
219792
27964
279249
183930
325879
958347
867927
647080
936137
619321
224838
1203
226381
325669
136868
518928
245490
64050
669013
171208
575140
63111
495473
338001
663535
135344
113656
308049
348893
438601
892137
932961
935947
388415
519331
2083
896592
442794
857514
138041
563003
657632
908436
243737
722636
612247
22678
461071
323752
234790
820145
410003
587928
742281
571019
290606
547373
147530
435304
574059
819514
698823
317901
640574
791113
225652
678035
355810
65057
703931
368417
912595
543515
864361
584380
134372
465925
742652
829617
14620
929991
505110
612386
715270
742594
134033
347274
87521
918748
598782
890548
248569
280684
50433
38263
446889
142093
24301
311602
236621
688787
215987
525795
339968
723176
627318
668091
824432
470806
321990
970175
251144
62969
792696
295842
469541
894748
533624
336591
603910
162253
422045
877141
416820
183449
565604
196239
920799
23997
331770
945304
924656
134003
555848
83176
443768
593058
883571
151064
69367
505118
512805
598811
872337
861396
931819
678871
160686
452877
706672
915248
395636
958181
847345
904481
954683
435947
228980
456385
381365
942045
306574
34537
646361
111073
739422
118786
766159
18207
129062
893419
140627
372761
724827
89688
17146
181253
940857
528246
101312
264706
788502
127998
427919
819453
938237
673526
799779
678142
971974
889941
404116
700587
161108
906076
229338
763772
541757
454717
925353
988807
325195
840781
879949
669771
91655
760771
813268
592040
456072
173978
179936
847093
577839
232053
713245
127998
996375
736468
614707
666971
586469
579649
798876
522222
750528
894321
444057
411826
913383
958347
502130
670035
675605
188212
791113
32946
760173
441728
349691
695206
510288
571495
520898
293001
89251
328491
786246
775727
36828
75628
494253
104283
291513
789952
652206
892902
37832
469611
89235
94914
845415
721077
387239
52691
614478
130693
794276
667789
946540
320422
578319
194200
673356
922019
180378
263738
48790
43683
784534
558171
80032
367062
517921
347994
169481
412854
154750
179847
929830
74502
821095
572222
547811
769846
32026
387201
690897
822088
681890
383149
909357
676583
368077
127236
168374
138013
38482
887680
103922
731168
85027
626937
323470
936907
104146
212528
225127
783528
975194
83392
856909
341774
960637
723690
841648
662110
952804
863714
547505
689224
513334
290022
435334
713585
320381
925870
929421
866486
138962
878997
996882
441948
233038
913156
843133
644495
198963
449925
192337
716706
182708
749307
48223
917931
872310
803110
638334
803179
199460
176705
684201
336454
892600
525787
845121
820828
117896
127254
656988
71523
636743
411780
155261
996792
345850
83566
169770
501607
359543
346172
124537
993535
425670
170901
806000
314954
377286
738176
408416
303742
761186
687993
261580
606381
910725
975487
126801
126801
404255
623308
82832
399223
85654
340056
404453
569009
858066
817686
50623
357420
883602
911573
317910
36213
863136
422492
155261
313216
189623
551402
425336
488394
561101
542209
25566
346425
334096
515651
79659
33982
261459
552975
287363
195060
318059
921723
318828
537951
423658
946572
861396
762087
892351
259796
276784
558436
303644
851626
407999
369179
684943
225997
865925
930309
432540
120431
66653
9745
18520
959388
626289
523746
642023
849846
95555
925193
364904
541645
606042
986973
374372
914978
559097
384540
502072
655441
829096
410958
212589
336209
794167
716773
287810
232425
991886
466900
920141
170670
511905
272292
704654
797793
126676
797408
498215
6074
40750
496713
213377
838474
301138
307266
668988
735289
217324
873651
699900
264739
66261
201507
374590
316116
185974
97413
240647
805437
748048
439237
272936
647449
204349
8936
388087
629583
383827
739853
301805
598978
581534
287824
70361
232659
378144
663143
386874
344867
745276
256807
203342
188908
199721
193137
439456
960179
444327
352852
278146
728019
162947
485338
552279
282935
562121
624676
991417
716425
388176
610197
944715
685184
424006
242477
670501
64840
477616
252368
623588
386928
490240
596506
683940
982833
898073
429816
784633
204152
384733
22837
305810
324611
293402
338643
993503
983489
265317
844532
425931
480193
655664
864959
345771
71676
652703
306574
368077
420123
959600
968865
541415
928450
434109
420178
911080
22278
668663
893290
651095
55691
514580
464835
687993
964156
283083
873918
246556
688988
139327
750287
9609
922319
732600
574615
599131
948620
433836
855636
277865
189191
549935
208715
239813
424491
307583
397132
728019
161466
451706
748049
613853
294378
856265
829843
305766
365269
535718
107694
192720
851137
401593
656268
500847
109273
207424
714858
799779
726564
975399
387185
393001
105160
810992
577101
936584
935538
452401
738797
586605
636743
962030
233955
326883
206640
69002
955463
913156
881606
545831
752473
306013
421635
262590
394538
410334
914514
453567
790328
555983
853387
140627
153783
559403
105479
538055
549705
40361
339579
993477
420994
883188
976374
889724
628870
556982
934816
988346
125064
617814
3018
932021
518584
160669
70405
425385
516072
651539
738227
587220
189215
914955
334523
240647
579148
983189
528176
922835
106973
10872
441448
952975
781135
826383
831881
506842
919382
162429
670745
556226
314535
842506
460572
758717
23567
687580
37541
646903
125838
963516
221255
886262
691465
949151
170906
73959
428927
506123
124545
248749
