510298
376022
460117
325775
680133
348514
356549
81185
189389
461937
133157
468019
219792
547839
577420
558910
158494
26272
907304
159175
293132
935424
816177
965477
377400
873285
973553
774695
216577
248965
935607
549598
383752
97444
935157
539759
390836
293369
771458
588582
527602
867786
911176
326692
228118
241231
507638
831271
956714
500847
260617
250866
579060
522360
888733
28042
46210
144164
925249
547209
963092
862199
626240
320495
678998
799779
36467
738069
628498
943159
837347
880036
278122
684905
149300
966060
334279
303722
979406
695436
408406
917392
686077
118279
672772
237368
775519
197314
534540
963149
544431
387776
477007
998360
259072
152466
334754
154407
661696
756008
709384
480476
125105
612445
476826
245208
520887
55107
333833
963149
707771
300098
912469
404116
678906
737814
472232
802910
388236
769762
296686
803578
245800
512532
172088
265569
742598
753409
613407
170662
677614
162420
739431
504865
710784
905732
56666
468992
785042
774281
786886
69084
350650
936512
735571
447091
291124
606715
215386
581752
677106
398244
848511
890763
423830
324115
577825
458312
631601
809075
637174
782367
451604
769098
999737
419778
260828
526532
227125
449883
355019
725390
610179
855839
149532
677781
3835
78869
127983
446058
927023
150534
50433
159061
267308
194410
890054
809799
250342
937416
74106
498209
63828
6361
131124
630194
558995
617450
134228
445268
277149
932026
133487
208868
226973
246560
196961
573260
115176
340256
239795
892600
740705
910761
745342
486017
626408
526969
777868
887510
551196
392113
796941
165488
508290
584732
306617
429014
892841
4484
185974
270880
548383
372331
69367
665966
713628
433266
699260
402254
513540
124851
219792
27964
279249
723268
325879
958347
516821
647080
936137
619321
224838
1203
378340
278398
616719
482729
245490
12909
773953
171208
322277
374530
895169
338001
193104
135344
885259
505699
348893
438601
937533
932961
935947
388415
519331
2083
896592
442794
857514
138041
563003
571614
908436
877769
722636
612247
640834
559235
323752
351784
753989
410003
587928
505160
571019
769500
547373
147530
435304
574059
135720
698823
958391
381311
112762
225652
678035
567660
288600
703931
368417
912595
135843
886781
584380
134372
98399
742652
829617
14620
260278
443702
225900
715270
742594
134033
254279
87521
918748
510089
890548
153524
280684
50433
38263
446889
142093
24301
947178
236621
431628
215987
525795
339968
723176
415484
759273
824432
470806
321990
927409
372362
16746
792696
295842
227689
174252
533624
336591
603910
162253
422045
196208
416820
183449
857637
459516
920799
23997
331770
945304
924656
79777
555848
83176
443768
742337
776135
873807
69367
505118
512805
598811
872337
11521
931819
678871
160686
452877
706672
915248
395636
160724
847345
904481
954683
435947
228980
479302
381365
942045
398058
34537
392113
111073
739422
981137
766159
18207
129062
893419
140627
372761
843556
431822
17146
181253
389666
683940
677728
264706
788502
127998
427919
819453
938237
673526
799779
678142
971974
446084
404116
727907
666417
906076
229338
763772
541757
454717
925353
988807
325195
840781
879949
669771
91655
760771
695233
802178
456072
173978
179936
847093
446327
232053
713245
127998
996375
810293
614707
658620
341964
69310
798876
943977
750528
894321
444057
411826
913383
958347
502130
670035
469467
324089
112762
32946
760173
201229
349691
695206
76167
739625
520898
293001
89251
328491
295336
775727
318490
75628
494253
104283
544796
789952
662019
462139
89886
469611
605789
561241
845415
721077
387239
873136
614478
130693
794276
782508
946540
320422
578319
194200
673356
922019
271194
783592
48790
43683
784534
558171
80032
40558
517921
347994
559297
412854
154750
701387
929830
392870
343761
906674
547811
769846
32026
387201
690897
822088
835701
383149
909357
676583
368077
127236
168374
138013
70972
346610
807603
731168
335338
255662
453020
936907
104146
196455
778105
783528
975194
921429
856909
341774
960637
723690
54388
662110
952804
159535
547505
689224
513334
290022
435334
713585
320381
925870
929421
78172
449092
738661
969134
441948
233038
913156
843133
644495
198963
449925
250617
716706
182708
175702
48223
457078
872310
803110
382982
803179
574616
176705
684201
506305
892600
525787
845121
820828
117896
127254
656988
71523
636743
411780
155261
996792
345850
83566
169770
501607
359543
346172
551078
993535
425670
170901
806000
49661
377286
738176
167623
213742
761186
465917
883002
606381
910725
975487
242024
242024
404255
737527
705396
399223
85654
340056
404453
569009
858066
694468
523157
357420
952832
911573
59125
36213
863136
391715
155261
313216
189623
923574
425336
67001
561101
542209
25566
934384
852014
764821
79659
33982
227621
707417
282556
195060
318059
967259
318828
537951
423658
946572
42480
449943
892351
259796
276784
558436
303644
851626
124179
369179
684943
225997
321448
947127
432540
274534
677858
9745
18520
959388
626289
523746
642023
455981
119070
925193
364904
541645
606042
986973
374372
587669
559097
941146
502072
655441
829096
814608
212589
336209
794167
716773
287810
548704
991886
466900
119397
170670
511905
272292
283957
928270
126676
797408
498215
158505
40750
496713
213377
838474
301138
307266
668988
735289
136493
873651
699900
115707
66261
201507
317956
316116
177506
61475
240647
805437
748048
439237
411173
647449
564622
8936
388087
631728
383827
444614
301805
598978
581534
287824
70361
745671
378144
663143
15217
344867
745276
855788
735456
188908
199721
249232
439456
960179
703951
352852
146476
728019
162947
485338
552279
282935
377218
624676
991417
855488
388176
395528
944715
685184
424006
242477
986194
64840
477616
252368
623588
386928
490240
43595
683940
239039
898073
429816
755892
843618
384733
22837
991504
324611
293402
338643
993503
983489
265317
275854
425931
970788
655664
724548
345771
71676
652703
398058
368077
420123
184929
968865
541415
928450
667394
759994
911080
22278
703659
296696
651095
55691
548383
934348
465917
308015
323830
873918
246556
688988
139327
473202
413983
469019
732600
574615
74082
948620
284286
855636
277865
189191
950193
208715
602089
424491
307583
319849
728019
161466
451706
748049
613853
294378
856265
829843
305766
750037
535718
107694
12385
851137
401593
656268
500847
109273
207424
714858
799779
142988
464322
447199
29725
950667
810992
577101
936584
935538
452401
738797
384585
636743
962030
49386
326883
429722
69002
955463
913156
881606
545831
631728
306013
948506
262590
394538
224638
914514
453567
790328
555983
853387
140627
269217
559403
568313
538055
549705
40361
414616
83989
420994
883188
999201
889724
981549
620953
934816
988346
125064
589103
628445
932021
518584
160669
83225
425385
516072
651539
738227
587220
189215
596439
781068
240647
579148
833630
528176
202718
347656
896428
468611
952975
781135
549233
831881
506842
919382
162429
279244
556226
314535
842506
173921
758717
23567
102482
37541
646903
634039
963516
221255
947408
691465
949151
170906
73959
428927
769652
968385
248749
