89257
376022
338446
363752
680133
818792
615449
616187
189389
860594
413782
557848
322079
617855
11192
468029
831654
26272
711302
479272
293132
935424
35816
965477
738270
873285
703105
849323
403536
104070
606037
493831
383752
968920
48867
539759
91456
778704
732664
473784
243414
867786
911176
325219
588125
146191
318802
656922
883443
616514
969552
620670
957809
961613
675824
268516
46210
897779
925249
547209
2532
892943
198963
656717
678998
799779
42184
333902
155666
273294
655668
103486
624375
684905
323460
966060
334279
476103
985808
695436
408406
917392
427146
682045
481797
564984
775519
197314
424171
128147
544431
387776
202716
970852
987207
796639
831793
154407
345819
869025
709384
393536
125105
612445
476826
245208
369474
81047
574940
128147
707771
300098
681584
404116
35612
383495
391080
3270
262878
603355
296686
803578
248161
402851
20341
265569
532697
102414
613407
217403
55345
746127
739431
504865
710784
905732
410208
468992
785042
671764
786886
69084
90573
842336
389478
255705
551996
996241
388355
347853
558164
954110
861350
99029
772653
109623
12400
458312
631601
612762
793684
276048
939837
846342
902370
63798
701341
687718
756598
449883
355019
725390
405040
856016
149532
677781
496133
126544
387979
446058
927023
150534
147087
904196
584626
618438
398056
156576
250342
441946
74106
1307
890051
995536
131124
630194
217451
524273
75703
445268
277149
595410
133487
208868
226973
15225
234275
394128
317823
99921
579366
419613
84844
282396
265013
11180
336454
474876
777868
564352
636889
646361
216310
408196
151216
584732
239721
361573
112833
889799
185974
420832
302802
213984
480652
665966
846605
433266
197722
466417
513540
144257
322079
772378
444297
109992
95434
349809
867927
798036
294529
963612
224838
791902
387146
325669
376022
356276
245490
64050
669013
837150
145156
762642
2321
520937
344824
429324
577495
986801
348893
438601
884003
266194
657823
388415
519331
911137
362021
387502
857514
138041
70332
657632
774360
243737
611241
461992
22678
18473
246080
234790
820145
447933
587928
742281
571019
881735
717700
147530
649237
574059
819514
701111
317901
640574
112762
225652
882169
643894
233853
641573
170204
912595
543515
824033
398287
134372
428027
700340
829617
974830
156470
505110
665479
715270
742594
392110
871099
87521
973023
598782
790152
248569
11080
147087
38263
783371
142093
24301
490380
236621
688787
616167
448900
948312
723176
297617
668091
824432
542551
425336
970175
815770
719284
861488
996049
469541
894748
206535
758431
603910
3143
748284
877141
416820
183449
857637
196239
682290
732312
28306
615351
99216
717521
555848
83176
184573
593058
412559
216612
480652
982281
501607
668981
966156
861396
874119
72582
160686
452877
48223
452302
395636
958181
566568
507848
276095
912283
916030
456385
660880
307127
184732
34537
646361
111073
739422
118786
766159
18207
357001
893419
140627
628016
724827
190445
195672
979824
389666
792271
101312
264706
788502
953074
427919
824243
938237
570162
799779
48948
835611
889941
404116
404447
161108
315789
229338
763772
541757
454717
925353
782357
57507
840781
385080
160012
552
803265
974326
802178
456072
173978
179936
257383
577839
232053
713245
953074
961322
327571
125576
528248
11837
125099
177851
149414
750528
513101
188785
411826
913383
349809
502130
405436
98593
324089
112762
739422
639341
441728
631097
695206
510288
145827
520898
863754
89251
328491
786246
113179
36828
75628
571019
876627
291513
789952
814679
332212
89886
977017
89235
94914
845415
615904
727155
342443
978685
130693
631621
667789
482689
544324
578319
194200
369273
922019
180378
116387
48790
43683
341308
558171
80032
367062
668516
840764
892507
359608
789959
948979
924631
665663
219073
572222
621933
769846
32026
710607
412883
91377
242599
383149
977924
940251
433519
127236
168374
445258
249985
496157
955189
731168
85027
765578
321198
589674
104146
212528
225127
603058
728411
83392
856909
341774
157666
183281
841648
662110
952804
962271
955876
689224
513334
290022
641547
713585
109203
925870
514517
262720
449092
823376
969134
680461
370821
219385
652302
644495
198963
782548
192337
104297
930991
749307
48223
917931
58591
803110
149602
803179
906391
704629
185136
336454
419613
752062
965000
820828
117896
829813
656988
71523
636743
411780
630784
475175
558155
190381
364515
501607
359543
942100
124537
779241
425670
170901
806000
49661
761956
586655
329749
213742
761186
687993
301314
768380
265683
309634
688401
688401
960460
623308
487092
354840
85654
654253
178459
569009
858066
735753
810256
357420
117714
911573
317910
387352
34674
753015
1363
527627
812246
670096
425336
488394
123334
769387
25566
346425
334096
357420
79659
964047
94995
552975
287363
735864
409758
145941
385883
537951
423658
597447
861396
762087
343799
5106
276784
534659
183201
507876
124179
112070
895181
225997
865925
930309
432540
607700
530058
867270
18520
959388
168856
264823
839244
293815
251891
270933
364904
541645
688927
986973
374372
914978
303147
384540
502072
655441
649271
454629
174036
654588
861500
716773
310345
232425
991886
466900
263207
957983
120793
272292
704654
797793
576293
797408
125274
158505
40750
496713
213377
838474
301138
307266
668988
756952
17932
137199
217887
208637
66261
750541
14715
316116
185974
97413
748291
317469
940045
201470
816864
535282
865758
50941
11748
752473
55915
739853
301805
565017
68374
994602
70361
850354
102738
663143
386874
752489
745276
145260
735456
963809
930896
785042
280851
655089
444327
352852
278146
728019
717992
485338
673225
282935
164653
624676
991417
922390
917862
610197
944715
894491
424006
242477
119764
64840
477616
619945
623588
867620
179471
596506
792271
982833
331872
451424
784633
204152
384733
288778
991504
87535
293402
168956
320038
983489
265317
275854
806056
480193
829813
269607
873799
200861
652703
184732
433519
240560
959600
54157
541415
928450
434109
420178
529924
354999
264320
579216
651095
188816
302802
934348
687993
964156
283083
119995
246556
688988
139327
286174
551777
346265
732600
79729
122545
715841
433836
855636
92429
17522
847783
208715
748904
424491
307583
397132
728019
161466
713746
748049
613853
979990
572205
479864
305766
365269
535718
107694
229639
851137
795954
476867
616514
109273
197226
714858
799779
726564
628241
82170
393001
549643
236371
577101
740994
18541
850834
738797
384585
636743
962030
643102
178037
364163
69002
645205
219385
930282
451071
752473
306013
944820
328297
394538
595395
914514
453567
654741
874792
371611
140627
153783
160092
568313
250418
883446
40361
494954
478520
779956
291683
242012
960151
119954
68000
44416
480089
295394
496355
628445
740139
518584
649390
870848
108284
931572
256292
142711
587220
189215
757983
438477
748291
173896
983189
26365
922835
747835
10872
441448
199476
663450
756598
831881
506842
440008
429733
952889
924841
318802
842506
509490
107232
265920
687580
774476
967135
125838
362116
874086
886262
195743
949151
742615
73959
428927
769652
957082
674758
