328029
903242
161158
679659
187228
549612
751677
323721
596556
200127
625585
14215
888970
508477
256672
778707
241220
964062
575072
723546
799686
399637
248024
427714
782771
985123
459965
542995
185613
685870
651422
475822
219107
723000
356934
938533
172133
344903
461672
309843
894785
529491
539899
236066
675955
377318
754199
224932
55502
462152
199647
89704
942308
454589
267346
579661
559293
145755
625777
259692
305922
776481
638740
848501
246372
248297
899144
632398
871550
478759
6190
147560
61450
925883
838869
761835
501449
176026
819878
121001
851385
187812
891243
417906
841947
512730
637469
59607
414174
495212
418384
89529
651218
743735
713723
340689
69561
386245
332785
739167
641906
918026
822184
569070
879228
91873
674479
465679
332456
748120
785294
320553
952328
273807
807606
561937
657186
816383
984799
613588
1522
100692
79461
202959
250764
360762
764950
539027
888142
888235
728573
721950
357492
832660
138969
159931
988522
831448
513980
43084
392194
388330
396886
753903
799431
596541
350572
225535
465068
356118
121971
909768
947140
444523
37220
556450
4713
425475
987835
650681
737831
46153
607344
827276
841996
496483
839742
157362
575647
665170
647944
719083
602355
356400
228536
681967
888270
294552
105365
953822
145584
270166
378222
912145
236186
147716
786583
751835
822794
112866
314013
659465
86107
651933
112759
391770
143075
86732
526281
106516
389626
824776
256957
40901
333015
82335
54164
337925
902665
479919
230911
26237
94635
682539
470886
833464
521610
912533
819771
615104
942187
190100
262258
372595
387213
861992
975146
45120
119131
716050
292174
59810
954717
891008
974252
15706
550599
379061
368605
344590
582758
658758
184371
610012
942362
659133
511025
857134
970994
473245
660546
80956
403611
711831
909903
273698
628817
400542
877245
570379
544927
842276
360967
652197
800917
525811
277311
193849
234766
100005
835938
988438
213770
413441
45132
941030
287170
400796
362923
513224
401153
97373
234889
434830
838568
653085
296401
335516
294439
425825
370677
433430
53873
695339
489590
653693
604032
658076
547945
774081
312645
640203
968557
231370
739632
274500
369333
534092
645792
511751
157221
154072
574823
376134
198057
414253
326120
895348
480330
916047
299837
111219
801338
323509
480651
38588
913892
510680
477241
7212
915113
961389
165723
525024
681336
420230
969026
898958
531593
732316
427895
601933
303401
734550
731859
233414
885113
988010
536255
162727
575988
670667
758875
953705
554722
878707
996167
850910
859106
899032
140319
306711
71528
421922
915013
39650
609132
495199
420799
499842
607160
683229
114550
710832
960022
918976
541326
42883
570386
891851
192212
48765
562882
28212
874910
694485
544180
65756
991166
230833
111383
185793
916831
551051
338049
622495
839497
390
779486
619139
110846
242815
86393
595152
895908
218275
899954
927318
991722
735438
398243
936945
134165
595820
968789
24819
971104
51203
817987
852160
887962
496336
621151
706553
646184
881057
834974
945608
288681
607572
102063
244869
64891
416168
789333
495434
916484
586379
616848
141030
874474
894522
498137
210555
246655
69572
909687
151041
106542
621024
529328
154568
400552
606823
612780
261854
907379
837342
361425
26014
521843
505508
895517
874056
602187
695734
327573
714743
941326
747122
843058
413468
110760
513619
280024
599521
549621
477170
939123
329740
784423
594848
39185
715770
815712
121313
324781
338306
801444
133374
400802
679634
833549
302846
695779
228850
398705
861207
359225
141489
950833
105423
309640
436365
440866
508458
467366
40766
425726
635200
637356
747033
601783
654842
569525
951265
16559
759657
562447
267762
388410
183483
776947
717973
951296
754396
958395
928362
937920
151844
906135
490304
230158
563618
122847
35474
756493
847958
233041
275091
116227
833152
784380
358990
570942
950864
911963
264457
270982
4835
810783
573949
30477
77956
120773
777705
376676
525329
787788
735729
649938
329720
459082
970254
956252
786999
296093
105568
680011
400639
239600
180225
980265
668037
184351
447826
364821
652636
141917
810312
32749
245743
349762
305423
498254
202078
282153
44309
539043
509589
967850
882492
601261
580244
402281
562919
812600
408971
103653
807423
240879
750594
56156
97683
7978
528170
721671
353255
801901
955664
649099
74169
286622
149927
885006
837288
625801
876411
110173
631110
634203
886148
113368
150234
506097
248703
215983
356080
103261
680344
899443
200757
521720
981174
468729
747875
685402
380701
908555
754131
322226
563936
554525
920425
859904
433703
227919
84189
284880
889291
384608
112688
965816
960324
451349
774231
312373
725793
385882
184616
516140
357392
816927
797803
798820
34573
857868
226710
32757
723009
146334
592947
102255
332739
989697
581230
134141
345867
974293
409027
729729
208145
358221
294885
876100
149942
892267
762478
322699
733515
386915
333166
940601
794521
669959
370573
981276
136487
531155
581520
621852
490862
248023
490364
221027
683425
426277
967433
555894
918122
35619
716245
402727
101581
781331
984065
177809
496566
571638
542188
352973
922767
707434
958765
287390
650692
74797
523359
678331
411988
42151
891047
382656
284258
433430
423926
466216
851338
212860
441136
9272
476775
161019
982447
186091
477978
283168
512562
658203
292174
839998
393032
551960
973788
567750
513240
818145
760525
114023
127717
486234
71383
890512
999289
18666
917595
178038
989894
416436
374360
791948
151679
776395
766210
309070
468631
62372
791316
472016
716204
661314
813644
277153
313453
808389
476729
195504
489766
320585
320672
389725
368399
533384
935788
424244
760027
268464
150354
705289
173918
742494
793268
458327
920360
549871
349552
473947
370633
270301
744420
717857
543721
182548
986872
406556
533225
991331
727603
445576
219863
10458
287670
193335
926136
79576
719851
961177
926117
368014
795771
101460
873396
697955
26297
57585
382009
242590
923468
636431
353916
731177
459283
679448
771161
667831
600602
2606
148152
937937
82845
381105
535126
475188
239065
699603
938830
176704
915454
677917
90376
44893
533046
402871
384110
6422
625689
124871
793500
78205
783954
849192
865907
30452
727902
768123
827863
986377
192174
458810
787331
630859
472533
258084
662858
916875
439284
687791
151471
602750
616764
68962
625878
792730
618259
709830
336651
35183
271836
27901
945625
465330
83491
953110
246912
71924
75331
889594
881603
954619
563539
191928
402156
621063
491782
312090
427586
480544
936947
12364
624567
272826
891074
80176
831853
610287
589750
279179
227607
844334
12503
202035
14328
900726
727360
679857
137970
502301
32454
907204
472451
215452
473510
562872
679239
932371
889478
75485
394435
723100
539005
523882
67181
236144
349826
194178
805410
342080
443106
805800
879986
752018
70452
119225
651758
182507
285574
170137
863684
164482
539887
607946
210087
104409
545225
884852
859623
473239
441378
162343
809688
649109
932059
610840
832166
38588
853646
42021
302792
409910
243280
305427
19456
565134
66638
111417
678911
351681
48512
94885
902599
