78488
903242
161158
679659
661565
955678
284263
856849
596556
200127
269615
890958
460946
508477
256672
43780
241220
774856
293472
786624
841743
399637
486671
454207
782771
209157
459965
117865
766527
63580
658657
142629
26266
723000
214767
919665
16824
754151
802822
294348
894785
419443
539899
236066
675955
377318
653401
224932
140803
643631
800590
89704
942308
454589
390430
579661
559293
299678
625777
452289
637456
437734
726573
848501
263336
188401
431994
232167
617856
280078
615598
394572
593826
916082
579886
935332
604796
519045
819878
537963
936968
187812
543026
417906
841947
512730
219132
727591
592868
495212
856682
524051
651218
743735
366422
340689
69561
386245
332785
676252
26221
918026
482419
732971
38135
91873
674479
465679
228997
748120
83780
395763
952328
5510
434083
561937
657186
346317
202665
613588
1522
657950
79461
202959
119157
678685
365592
945921
445755
215324
649189
721950
157803
53545
138969
472878
75485
266994
767558
32608
584917
388330
396886
762949
417685
596541
350572
888560
829540
356118
775960
844719
947140
444523
154880
827940
188961
665347
846559
198399
31910
957075
607344
827276
841996
704476
877247
157362
159139
603100
523625
992770
602355
356400
439066
28476
888270
206069
105365
953822
145584
665144
378222
912145
236186
978389
786583
714031
822794
112866
314013
659465
960531
651933
497898
237623
212097
657217
539136
341921
45393
824776
781151
40901
333015
521942
113377
337925
637234
479919
804074
813828
94635
959526
298829
833464
898227
912533
819771
273067
871474
190100
151569
678839
387213
590510
843283
154223
119131
716050
538057
110577
592134
891008
974252
883443
937684
401612
368605
344590
582758
323201
375768
891950
720825
659133
398653
857134
484731
156944
660546
80956
743399
608857
909903
698185
904802
405339
877245
118369
932662
87356
333909
844358
930032
420866
277311
224894
62956
271906
594290
728611
213770
493873
603497
245453
287170
400796
198402
513224
401153
261366
894334
434830
34191
51257
296401
419796
778714
151880
370677
452064
53873
369943
489590
429485
317523
658076
255379
925531
312645
640203
968557
231370
625837
274500
369333
534092
870954
511751
157221
817455
574823
435508
852394
309412
326120
895348
939633
504724
299837
694505
999105
163786
480651
38588
913892
769792
701265
7212
915113
79854
724979
525024
681336
420230
969026
670087
818829
196884
487219
955180
294156
734550
206296
826681
231770
988010
684195
451442
575988
670667
593517
876417
553270
932334
968676
385981
859106
680714
527802
849856
71528
781409
915013
479716
609132
495199
420799
627981
729963
982185
121268
191058
173407
656350
787505
682799
570386
570203
192212
48765
562882
889815
333554
8061
495547
65756
788315
243148
111383
185793
948725
796914
338049
622495
839497
716165
532595
79623
110846
104959
86393
27610
863901
218275
957053
86649
822367
735438
225301
936945
20055
595820
968789
156228
971104
235950
817987
744980
421341
625525
486508
825556
571544
881057
414614
945608
478051
204421
652813
244869
576497
443540
789333
495434
916484
586379
616848
141030
802584
900631
339585
541717
680278
627660
497630
151041
374947
621024
529328
154568
57736
888381
726425
743223
907379
837342
419138
89529
567557
776410
279532
874056
697218
227741
356483
722221
459391
747122
659720
330316
900935
537771
280024
599521
825797
477170
201831
704248
784423
594848
806910
228190
327427
606952
977899
644961
743995
133374
400802
757679
94424
176058
695779
228850
398705
861207
359225
141489
950833
870668
309640
393717
629915
508458
259339
280834
425726
635200
795195
747033
713802
654842
569525
914498
133356
132998
554645
963099
388410
183483
377525
91950
951296
959146
491103
639513
58172
272890
228280
490304
522021
412720
122847
615470
756493
847958
309160
708478
301555
833152
231415
541433
954316
950864
911963
264457
558034
639019
949201
573949
62845
748348
619767
678299
376676
525329
196109
498150
782648
329720
511589
907956
956252
786999
778668
105568
255804
190199
260818
180225
980265
760540
184351
136154
754245
939602
141917
810312
32749
69153
30114
58032
751617
813221
7209
56280
196670
509589
967850
882492
601261
580244
228823
993906
812600
920914
45062
741761
240879
349316
706012
516995
7978
240724
153004
166886
148518
766527
568611
124529
869828
149927
416905
962045
715237
60201
988573
370567
634203
917446
104599
150234
721401
599412
528095
229908
8778
140901
899443
200757
960192
219324
468729
777045
685402
966190
667733
754131
322226
606851
819824
920425
859904
748422
227919
84189
284880
600922
384608
230831
906453
960324
325260
774231
148919
5592
936135
854256
516140
522271
25756
232278
909182
829348
204167
226710
32757
106771
146334
723590
178435
584952
989697
581230
64639
807273
622729
409027
121240
208145
582616
294885
369876
452303
863238
449326
322699
733515
386915
688038
862755
269543
926225
370573
772
103870
649895
581520
621852
490862
826511
142035
133448
460628
426277
918810
135810
941631
622924
306489
402727
828545
781331
984065
163633
496566
206000
542188
66542
289707
688586
958765
271123
798312
700119
154703
249017
411988
510748
739971
382656
917321
470652
45822
564279
851338
657739
975239
9272
476775
77313
730642
866056
477978
283168
512562
65367
719335
449553
393032
279513
973788
449325
513240
994647
726620
114023
945386
179286
71383
913592
999289
18666
917595
165342
989894
416436
705104
791948
495501
776395
766210
691671
237795
162479
791316
472016
716204
764722
813644
195475
313453
976093
251046
775106
489766
630919
181492
670447
368399
927173
812817
424244
890705
476496
150354
502103
483392
742494
793268
458327
920360
430508
349552
937079
206553
344729
995262
17169
136153
982923
986872
406556
804721
796171
39597
165144
771272
10458
287670
998037
198835
756648
474587
239227
353123
107918
12160
853362
325433
697955
26297
822839
336762
976505
831466
590263
353916
731177
791534
679448
771161
561900
600602
2606
878029
230361
286430
381105
581014
489890
291983
58328
343566
212556
369365
84776
90376
41388
749924
402871
366362
819784
625689
706153
793500
78205
783954
131311
811594
736574
736282
852771
691211
75445
787436
458810
696181
630859
281337
801297
913196
216112
681691
117171
151471
653417
587506
68962
189520
792730
63283
246912
39144
35183
271836
54782
945625
465330
83491
990875
246912
71924
396608
307671
466468
954619
271028
191928
402156
621063
492591
829270
671368
199999
888844
12364
624567
137349
891074
81951
255500
860154
589750
279179
227607
771924
455875
172235
329191
900726
605371
299161
864895
502301
32454
907204
445513
215452
455857
562872
679239
932371
889478
75485
394435
723100
731824
815343
313575
236144
349826
194178
316464
868610
441828
765819
879986
752018
899030
119225
779806
715644
285574
170137
933067
883886
296839
607946
210087
104409
487140
451427
836243
443413
784342
695971
539729
718401
102674
318371
632983
38588
853646
42021
320879
242503
991465
243472
122880
937684
420193
803779
344771
351681
23389
94885
58774
