328029
903242
161158
679659
187228
549612
147959
825995
596556
200127
625585
14215
888970
508477
256672
268460
241220
774856
888524
786624
799686
399637
248024
427714
782771
183067
459965
197818
766527
685870
658657
475822
26266
723000
255660
919665
16824
754151
461672
309843
894785
419443
539899
236066
675955
377318
754199
224932
55502
643631
435493
89704
942308
454589
390430
579661
559293
99610
625777
259692
637456
251482
949962
848501
263336
181042
899144
269572
601723
502164
945751
147560
593826
916082
579886
935332
501449
519045
819878
121001
554455
187812
905201
417906
841947
512730
36344
727591
592868
495212
418384
333709
651218
743735
713723
340689
69561
386245
332785
267599
26221
918026
470609
569070
879228
91873
674479
465679
332456
748120
785294
395763
952328
273807
807606
561937
657186
346317
202665
613588
1522
100692
79461
202959
250764
360762
365592
945921
738680
888235
728573
721950
35019
832660
138969
159931
47013
266994
108602
43084
584917
388330
396886
745666
799431
596541
350572
948761
695615
356118
121971
909768
947140
444523
154880
556450
819558
425475
987835
650681
737831
100988
607344
827276
841996
571839
839742
157362
159139
603100
523625
584449
602355
356400
719836
137103
888270
206069
105365
953822
145584
270166
378222
912145
236186
147716
786583
751835
822794
112866
314013
659465
960531
651933
112759
391770
212097
657217
539136
98953
389626
824776
781151
40901
333015
82335
650637
337925
902665
479919
230911
26237
94635
682539
313297
833464
898227
912533
819771
615104
942187
190100
262258
678839
387213
590510
843283
325888
119131
716050
292174
59810
954717
891008
974252
883443
550599
379061
368605
344590
582758
303856
184371
610012
942362
659133
398653
857134
484731
736309
660546
80956
743399
711831
909903
273698
904802
400542
877245
570379
932662
87356
360967
844358
939014
420866
277311
225466
234766
271906
594290
728611
213770
667104
493852
245453
287170
400796
362923
513224
401153
97373
894334
434830
34191
51257
296401
335516
778714
838503
370677
452064
53873
710179
489590
429485
730672
658076
255379
790960
312645
640203
968557
231370
508180
274500
369333
534092
870954
511751
157221
154072
574823
435508
852394
533043
326120
895348
488466
504724
299837
254391
801338
323509
480651
38588
913892
127129
701265
7212
915113
961389
165723
525024
681336
420230
969026
408548
818829
416977
981769
601933
303401
734550
206296
877385
542871
988010
363914
162727
575988
670667
8398
953705
554722
932334
624154
200849
859106
899032
527802
306711
71528
781409
915013
768816
609132
495199
420799
499842
729963
683229
114550
710832
960022
918976
787505
682799
570386
891851
192212
48765
562882
200753
333554
8061
495547
65756
448708
230833
111383
185793
948725
796914
338049
622495
839497
716165
532595
619139
110846
242815
86393
595152
863901
218275
899954
927318
357371
735438
225301
936945
257735
595820
968789
24819
971104
51203
817987
852160
887962
496336
396655
706553
646184
881057
414614
945608
241121
204421
278651
244869
78841
416168
789333
495434
916484
586379
616848
141030
315125
725091
196705
541717
246655
69572
909687
151041
512045
621024
529328
154568
400552
406957
612780
743223
907379
837342
232290
26014
521843
776410
946081
874056
697218
695734
327573
464478
776034
747122
843058
330316
528758
537771
280024
599521
825797
477170
939123
329740
784423
594848
39185
715770
327427
542684
977899
338306
381394
133374
400802
679634
833549
507500
695779
228850
398705
861207
359225
141489
950833
407517
309640
48696
629915
508458
777558
525878
425726
635200
637356
747033
713802
654842
569525
910719
16559
132998
562447
963099
388410
183483
377525
717973
951296
959146
491103
928362
937920
151844
906135
490304
320995
563618
122847
35474
756493
847958
816306
708478
116227
833152
784176
358990
570942
950864
911963
264457
758912
42021
533221
573949
30477
77956
120773
436933
376676
525329
787788
498150
137262
329720
459082
907956
956252
786999
296093
105568
623973
190199
239600
180225
980265
668037
184351
447826
364821
652636
141917
810312
32749
245743
349762
305423
498254
813221
282153
607631
196670
509589
967850
882492
601261
580244
228823
562919
812600
920914
45062
807423
240879
349316
56156
97683
7978
528170
153004
54870
148518
336161
649099
86428
873439
149927
64076
492913
625801
876411
988573
370567
634203
917446
104599
150234
583784
248703
528095
356080
103261
492195
899443
200757
149144
461552
468729
966407
685402
966190
667733
754131
322226
606851
819824
920425
859904
382815
227919
84189
284880
889291
384608
112688
965816
960324
451349
774231
289336
5592
385882
184616
516140
357392
816927
646260
798820
34573
857868
226710
32757
723009
146334
832166
102255
584952
989697
581230
10420
345867
790553
409027
121240
208145
582616
294885
876100
452303
892267
449326
322699
733515
386915
688038
862755
794521
669959
370573
981276
387254
649895
581520
621852
490862
826511
142035
221027
683425
426277
918810
867678
941631
35619
716245
402727
828545
781331
984065
208243
496566
571638
542188
66542
289707
382803
958765
135946
650692
700119
523359
249017
411988
916298
891047
382656
284258
433430
45822
564279
851338
657739
975239
9272
476775
77313
76658
866056
477978
283168
512562
406307
292174
169833
393032
551960
973788
449325
513240
994647
726620
114023
945386
486234
71383
890512
999289
18666
917595
766418
989894
416436
117704
791948
151679
776395
766210
309070
468631
162479
791316
472016
716204
503344
813644
195475
313453
808389
21084
318320
489766
320585
181492
659614
368399
51588
812817
424244
760027
579251
150354
502103
173918
742494
793268
458327
920360
430508
349552
937079
112208
270301
999305
717857
543721
73316
986872
406556
804721
796171
727603
411597
219863
10458
287670
193335
861990
96058
474587
239227
926117
940297
795771
853362
873396
697955
26297
52164
382009
242590
535414
877017
353916
731177
791534
679448
771161
437248
600602
2606
148152
937937
82845
381105
535126
475188
239065
58328
938830
176704
915454
84776
90376
41388
533046
402871
384110
6422
625689
602949
793500
78205
783954
47689
865907
30452
756887
768123
711622
74824
940408
458810
787331
630859
472533
801297
355385
285408
439284
693775
151471
602750
616764
68962
625878
792730
618259
709830
336651
35183
271836
54782
945625
465330
83491
990875
246912
71924
75331
889594
881603
954619
271028
191928
402156
621063
491782
766653
671368
14956
936947
12364
624567
449795
891074
80176
831853
610287
589750
279179
227607
844334
455875
498240
262478
900726
727360
602069
71468
502301
32454
907204
445513
215452
455857
562872
679239
932371
889478
75485
394435
723100
539005
815343
334589
236144
349826
194178
316464
342080
443106
805800
879986
752018
70452
119225
802342
715644
285574
170137
863684
883886
539887
607946
210087
104409
545225
884852
859623
473239
441378
797725
539729
718401
144935
815541
592947
38588
853646
42021
639616
409910
941008
305427
122880
937684
420193
56324
6736
351681
48512
94885
58774
