362248
318393
102784
655719
494886
543282
686270
179105
415296
413236
456073
878630
450700
313571
987242
914432
798185
75744
445323
337310
263021
364789
334120
712440
394332
359171
901057
330905
242603
11467
998200
475822
784985
433976
155965
166372
77376
760636
246565
221484
415973
82219
663476
458387
482715
950287
673574
97417
842106
738256
342793
940224
743410
594656
826351
197306
329017
973447
385583
286902
756976
406111
435477
773102
598268
227145
431040
763667
858548
495718
749859
333767
927162
776330
300883
198067
499064
347934
807430
91537
613865
66007
899375
483861
897154
477829
30927
588005
975032
981974
295534
844815
108391
723092
425254
175568
663994
362248
576393
877840
89107
195986
600726
389955
424777
355401
674479
480191
968007
827622
402384
737439
776808
293073
752006
558540
795425
27321
481623
209616
12786
786829
260188
375467
633963
13450
521569
950367
508956
759319
7938
357807
772324
617477
778344
862213
640985
976464
165398
461052
539537
555903
538971
772324
395793
897465
549386
725956
140337
541495
366513
275710
939460
351428
293314
930826
896962
219698
731296
636084
138192
479410
494857
287144
106770
704476
402387
186898
366480
330422
687310
221611
90747
150222
400419
969933
902972
376804
384535
262730
165850
833308
720440
454495
518489
823933
677925
479408
135757
15836
116106
705731
661309
889566
626382
750103
601704
524231
677834
294972
651512
9602
133707
473891
816067
954088
576352
910764
4136
453432
671214
760859
794808
387002
710576
102516
610708
59652
38174
825840
449544
558612
786945
981203
455581
586398
463690
103399
289234
239178
697928
682032
966717
868910
238258
97264
2482
65629
636772
109822
927133
504246
759676
440222
388380
592626
691246
692068
154708
182769
72857
477249
312880
806833
696106
331303
760882
561363
3345
421505
984772
99702
64885
318414
15960
852
693675
231565
163673
50556
468632
375030
875711
624157
221809
50673
690903
452899
998802
443945
819032
297212
184317
190990
747026
438714
948268
975980
286439
537870
16896
996090
661288
314736
179761
715700
77312
871094
433920
582252
702614
451908
964372
646835
605338
643415
710493
811104
636299
944919
70784
491030
761394
624127
313646
88724
340376
215384
313111
385115
390981
787016
56872
232659
74113
97880
668665
869680
477241
862029
702614
171179
702986
841131
33141
3997
897176
818689
41322
813854
626444
425254
492579
35015
250922
609969
829979
421490
596760
447668
668280
292172
557162
683710
143100
788549
483511
189339
615042
19349
349404
247037
327041
685579
679386
294972
706025
872276
735706
608291
895683
588378
935095
858906
247701
754889
124119
178006
984591
184518
208758
811543
143391
743210
42930
694485
164464
377759
422862
88063
509593
946469
916831
799173
363899
423664
466913
156164
964099
89107
127430
426896
646482
422131
60048
557162
783732
934209
451483
543991
949502
18119
389309
399741
492361
156228
376420
621770
170770
134477
576393
542514
640051
963805
156179
910758
395516
400941
190389
864608
203883
319096
548482
799831
560234
776146
593960
843421
66621
201528
51429
464046
803261
509883
787908
29566
367507
630405
11324
595326
708982
827622
350834
16846
430824
942430
730944
568056
479866
719893
290049
958111
490163
853098
36183
392749
157680
224349
608506
183195
575131
525100
630577
466430
159379
901057
880352
850807
485539
502488
581947
600589
802194
230403
945654
619397
45890
886210
519850
91164
985360
618688
266997
580143
143391
504444
287386
192711
109822
674031
750100
713283
9393
981507
259999
217416
8778
40766
279126
993410
990828
317900
955738
484665
348640
964409
787044
379251
775512
250350
410112
762370
246259
909006
639236
732667
730350
133968
417882
147986
997084
490304
755466
545398
472999
394332
922085
777999
920389
678685
416646
943036
652068
199350
555900
631114
884987
108559
32199
605436
158510
947530
217533
941898
909885
352091
359718
579533
693324
840246
79549
627280
909000
365907
361707
867875
886219
424727
741787
140624
360279
457934
780594
995409
318981
903683
77191
385461
446031
505484
725116
270589
290047
92549
964812
226239
647130
957938
765537
799240
399869
437710
578863
435543
270847
562919
426203
954890
405329
535640
531053
601730
496033
318185
609947
420974
401881
37878
259746
90096
242570
844512
315935
235687
220233
272971
754209
582252
463357
583683
236757
634150
364475
597174
960350
615042
670741
573905
991199
501900
346992
75694
827693
190454
947464
550197
938459
123521
218569
809688
344061
346146
363989
615747
809136
626316
957930
417359
728936
662874
505894
484665
758939
743725
40004
202615
479339
923422
772379
780086
97079
984427
465510
424777
94045
602128
757242
226710
215818
969147
147831
64312
746684
203181
770690
308417
891157
54016
646503
919736
898063
37719
607472
532032
219628
884283
137902
263866
48819
735982
581117
844806
684012
301300
87244
370573
515298
338130
842832
296881
301753
408335
563424
307191
998325
333592
396404
173282
243771
613302
889950
216107
991120
91944
242285
418224
161215
558540
693105
526595
377114
70189
435831
263388
276302
293314
213799
787016
285116
97129
495853
197782
636541
272971
996090
32447
161519
466845
804039
138057
335208
182022
957869
585105
129137
22854
17232
148019
658203
697928
184942
995617
745284
61657
629342
338274
318393
727257
896962
571752
283601
383428
572209
402169
881622
682562
220162
362053
315302
400413
766308
4612
372080
297212
309070
868910
462390
733571
895822
585634
314736
445508
349111
877415
176339
387942
407927
483444
253306
282126
189966
264427
630614
366607
14358
502965
355746
601834
300366
913810
201888
406349
708519
305364
151536
118488
356356
56872
172490
876689
14838
247211
503994
462547
833402
560303
809136
136188
411597
527232
89676
389913
216034
554667
221762
376485
173692
796770
584272
670760
440343
585522
780221
955839
39988
797308
692091
82259
952119
781921
560745
673421
905562
130277
706025
170437
504921
191787
249124
941808
16897
998177
292753
590140
943310
789984
285117
112911
715907
249722
34893
613372
782116
248427
536019
360843
131125
673021
490304
180885
250641
471345
376478
6739
78618
643320
214505
130574
12786
533506
905943
399741
670432
179594
725956
377120
767073
699658
53293
715732
650153
385895
730944
785059
25447
624843
768315
32298
594028
574949
756846
822897
415341
25447
806946
323096
957640
881603
824474
782335
669077
616630
608214
543373
9393
598488
670432
699865
926410
412160
376485
113882
531231
547761
193335
586858
323066
171352
854025
433654
607965
796497
372626
257104
461052
401668
416646
209442
424605
674136
195986
819295
742439
127680
102784
450061
640985
335440
21011
489651
523882
998524
181591
824667
194178
449836
116812
722591
445270
207865
28768
930091
333689
393527
305418
559510
980925
999277
27827
44196
482071
743725
664085
445343
884852
272971
681692
79553
697570
809688
91471
583906
50160
517693
97880
85003
390343
760118
473234
839961
243472
652456
2482
114966
111417
788793
294473
318759
739178
217594
