696244
979002
767316
838263
520579
997958
373693
653638
612837
405722
480845
237448
101207
96640
560393
660673
839419
525501
611124
584819
391809
171826
895769
860917
156130
32583
685115
186074
940378
606901
93581
731951
289930
561227
767725
775748
871873
725446
216204
273819
905084
921286
926283
565854
983435
90181
869169
98726
244875
523534
528148
101755
610816
483975
636077
485189
544203
471862
292138
205083
41661
986351
997293
57283
45028
664778
904872
310565
882135
727782
808113
234998
985096
427684
848586
58302
173541
913800
965197
594002
491340
586718
746303
786882
821808
335977
783498
929349
393141
22342
821599
834655
475526
185642
711278
403962
428341
563283
574732
757893
913071
283315
456240
387740
467615
979927
440310
957692
80948
945393
14198
34726
53531
379737
543192
853878
357347
454484
705077
321567
391603
295835
501062
225348
603433
174862
845432
488661
573160
737845
136237
670600
931871
94408
63088
117381
816823
228899
351206
84340
29303
478178
790675
346893
952537
995313
919902
682983
595436
923698
748685
430726
561756
662100
917636
715572
61036
513528
405918
393754
322678
890774
752633
288950
600792
73715
849371
597203
936833
862721
278574
653813
365884
484696
777245
256043
265979
197998
167318
506691
100408
83034
953713
335619
768941
386937
469979
288452
20931
101164
81635
269923
219277
14467
664137
43598
523386
921864
145730
303723
807276
163176
609635
638838
538129
142879
924542
650483
171605
574204
278883
658366
119619
142184
932746
570974
255994
381467
380729
671339
390031
412758
856780
486473
304015
291747
465999
407107
335482
493192
305945
664062
998397
406403
557593
504286
784938
392984
673182
414086
855592
92388
820005
549418
763343
958976
647431
921649
698806
251452
228185
627897
227132
680848
490694
911133
226124
888167
53403
282724
693377
80569
966077
194546
208818
31679
617441
548539
205083
176870
464076
804859
342699
470598
44813
392018
218271
307940
486172
681881
784950
255994
397643
185477
864277
299486
275084
39181
674982
580119
174671
492103
926612
997293
511405
221992
690912
239165
219135
215564
27366
379526
216193
618705
283652
11964
270511
995555
328171
622903
378144
309100
960498
218669
285190
714180
790875
108252
381624
441407
725006
464430
123408
117811
343263
651126
982866
67300
245478
987633
825850
678893
751945
658129
669037
155002
216164
351206
377557
482022
187285
244520
101701
703261
882056
248122
50627
389699
328523
960718
527712
205748
307465
683126
109335
669522
821303
501526
462975
743534
59554
55390
705077
512904
749896
198924
715234
591072
412189
520416
194154
642348
153481
660615
345508
816342
248950
779366
375050
336620
177674
99755
739431
583460
773507
490772
563355
577586
169312
943356
862679
80041
246945
468424
10473
466809
431370
800848
62641
579006
25891
719
650207
207300
206025
461508
446745
739676
845133
474662
30879
503554
904111
702470
816823
678416
92698
201452
246354
266679
531278
419369
239676
331040
142194
444211
235707
133238
704275
6201
171799
178948
314379
165039
184867
240658
88622
331529
626388
402685
229517
393500
212877
635991
930041
818254
157876
162148
483975
276920
66373
714857
641757
86764
603631
916688
548282
157433
521234
849826
663428
580460
503646
709544
385159
285214
812828
98726
202506
70806
216133
838573
421621
311157
906743
660272
982952
519978
439928
506661
606572
962458
20941
202630
674939
841793
805150
483304
160464
18940
920478
422294
483304
672192
733052
985243
295616
450661
685564
255547
154236
237094
845268
526535
698806
661301
190500
381717
691768
78818
652012
405437
949268
483887
825575
716497
856593
602239
555360
412168
935932
6573
178491
516581
903122
598966
401894
692744
587357
999533
219494
955737
869204
664036
652235
602182
254728
400597
150035
550903
495237
101364
479967
205544
393498
942695
953654
695325
452324
120355
645114
981348
188834
729506
663434
777815
538259
288302
168558
68668
646243
966737
843479
917019
154969
834418
517719
617653
630047
585027
770780
479639
34723
985946
51166
636485
402985
923053
846407
877653
346893
941809
791151
339291
952249
664813
211865
944765
175635
318369
770751
208333
437518
319810
114515
432277
745527
336889
968995
239113
976491
434166
223017
924778
900116
447802
460122
449464
841154
678495
648262
63315
943393
240494
339561
715234
704031
794708
126301
772982
228530
543049
719823
780970
180310
782292
853839
262734
223335
925085
657463
559695
937708
472019
796105
174862
713451
938372
917113
6272
577130
774428
336775
506615
406543
370749
3721
600576
552874
493055
739966
868692
538834
618131
775779
786800
390743
394188
488246
971032
18590
701243
837049
628583
99524
164912
632534
611922
425920
30544
893700
88859
397643
364938
472830
538324
807581
51877
518617
793234
376416
129108
594002
687170
288216
888167
290861
984606
846738
74246
63344
138840
758389
646243
778487
111319
420612
648063
705076
126732
347754
215606
302496
965300
490861
571101
541223
311606
369028
312068
354412
462975
593348
561227
775765
424425
295037
386451
866333
708341
801623
917798
463899
6479
358821
346686
206647
227801
889986
345023
307960
302086
543678
207819
656880
965662
750211
369791
282075
439641
826508
5694
309760
317006
398199
88071
145099
957914
101995
709544
251854
654528
74356
845432
592875
870472
666981
517073
221138
187154
899328
138255
171144
583748
524599
184923
663809
997293
202074
224039
147912
207880
143801
352383
402624
290714
753811
692848
151065
444178
606241
687893
734925
863553
228216
704761
16227
836238
178726
127603
211865
693035
518471
78882
539481
794114
9609
685340
864502
93589
9729
482560
591240
480380
862275
782292
647977
199480
340305
942436
590246
290896
439028
973252
817788
612623
659955
303456
198720
920247
737926
206742
958999
627716
805509
541999
835917
689245
875203
315965
773773
201724
924888
835577
243710
89474
205083
142675
760029
85658
772140
522096
626576
991834
657358
443062
677801
525073
723489
879566
46006
19888
406119
950792
978195
796248
905531
946755
824077
985836
700639
314181
148581
849634
506900
928083
26751
793681
768159
549546
926570
650207
372475
344649
72810
545127
843209
894256
216193
604344
398545
257003
876769
971763
677726
663469
673342
978522
711170
649484
811082
641630
342699
516636
231964
886316
712141
515164
123066
493108
947410
621228
451842
439048
933590
730586
442209
840463
61379
27404
451556
92012
442831
579230
606659
119844
348015
707445
445311
905557
623345
649853
696119
565654
951426
144854
508956
120039
833596
766772
727100
915101
486249
152147
427803
94104
921165
231167
52234
770650
458463
683495
749694
960538
617197
894426
926234
165243
741927
73203
846157
106102
502370
225801
662449
230463
984978
406403
227784
662756
465860
703667
134998
823208
420934
456793
342021
885654
143451
494332
969613
889453
797526
77450
449855
449286
535171
472316
983624
209884
559662
903456
749896
963750
611938
502910
463699
334985
335156
575217
706716
235964
652791
47841
104770
71528
136540
310765
423749
262180
