696244
325143
767316
838263
520579
997958
373693
190344
459801
405722
480845
260150
101207
309648
791191
118637
839419
525501
183831
584819
259999
900799
708217
223410
265549
873311
685115
186074
858426
606901
93581
731951
704618
561227
977579
775748
871873
141223
216204
384625
905084
977128
473754
565854
247638
502867
869169
98726
244875
700857
528148
101755
610816
483975
487001
485189
544203
471862
292138
354064
306962
986351
997293
631343
45028
664778
873242
167436
789755
464419
808113
234998
398785
29225
848586
281283
415533
913800
965197
666015
503670
586718
746303
349398
821808
335977
783498
702833
304952
22342
942802
834655
119546
703659
176021
443786
181401
564714
650583
164237
100549
283315
776787
918789
460722
979927
971936
369325
80948
186764
413746
292120
53531
379737
543192
546546
357347
454484
291850
321567
391603
392674
374616
225348
398922
167309
956732
488661
871661
737845
785352
604385
931871
94408
63088
117381
172369
211293
730445
84340
779989
478178
710165
702163
952537
10559
938961
682983
595436
923698
748685
430726
325929
662100
917636
715572
61036
513528
405918
393754
432938
890774
866194
288950
26483
73715
78525
679661
950227
862721
154238
653813
365884
942171
263025
256043
207598
927611
38044
506691
100408
487411
865352
618422
553426
386937
372063
227135
20931
101164
81635
164192
219277
14467
664137
143819
523386
921864
145730
303723
807276
822409
440860
521505
613754
510084
837246
650483
171605
107705
359426
635182
663285
550602
932746
368037
255994
381467
362066
539967
390031
412758
525442
532391
304015
291747
465999
779144
335482
493192
305945
404852
182091
406403
219198
706666
784938
392984
673182
372912
517771
92388
936082
946536
818376
84531
432423
921649
749568
311147
275173
41709
800732
680848
393577
911133
655139
571632
53403
282724
693377
80569
689500
194546
208818
31679
617441
214253
327884
545280
464076
576905
342699
466863
490362
392018
565207
78034
192737
681881
432341
255994
397643
393145
931631
299486
161636
535582
931482
15726
174671
492103
926612
997293
511405
221992
690912
515049
612898
931490
27366
809850
216193
308304
553252
11964
328704
995555
328171
296820
378144
309100
960498
700848
424365
925873
790875
182873
805156
180672
725006
464430
572940
117811
343263
261291
956356
67300
150724
987633
825850
866978
751945
576983
669037
155002
216164
730445
377557
482022
187285
811666
413211
977802
882056
571059
64351
48879
666789
78462
284257
205748
307465
683126
605501
29572
997707
501526
254952
589738
59554
637692
291850
512904
749896
198924
715234
591072
412189
198924
335055
694309
14251
416120
345508
983384
659865
643493
375050
74952
456172
99755
739431
107277
773507
204831
563355
577586
169312
901815
862679
80041
555043
721372
10473
466809
431370
427244
701239
579006
520848
715896
932507
207300
895098
481133
321199
311630
543978
474662
30879
911551
904111
702470
172369
156775
183855
201452
316889
300356
531278
419369
825746
892787
142194
444211
625849
238289
171806
466871
548305
178948
344782
165039
613868
240658
180672
331529
374805
35803
229517
393500
780694
635991
833590
919214
538838
162148
483975
958961
141201
714857
641757
86764
248555
851939
548282
157433
54515
681810
896101
235625
503646
709544
385159
285214
131457
185482
202506
70806
409569
838573
421621
311157
906743
444293
626886
519978
223884
14722
606572
962458
20941
83018
674939
841793
805150
817508
545867
509123
919318
457314
817508
476770
733052
985243
295616
450661
122100
353499
819945
237094
88404
526535
749568
661301
190500
943988
922055
78818
652012
405437
949268
680603
825575
80531
729380
602239
555360
412168
926186
317990
124798
951837
610340
598966
862243
692744
971617
999533
219494
955737
869204
664036
181276
281303
461726
621523
926324
541399
608750
239564
479967
469191
393498
721226
953654
10935
452324
120355
645114
981348
845350
729506
51297
901138
538259
288302
128826
423946
646243
612466
553978
917019
154969
834418
336612
735457
630047
956601
290487
562539
34723
483422
384845
572237
402985
872569
945588
877653
199325
142904
362675
803596
388401
856926
211865
944765
757459
174007
770751
327358
437518
319810
114515
365241
966061
336889
968995
301
976491
782817
527479
458340
900116
447802
195428
355684
135720
613468
846572
570522
81714
240494
440917
715234
704031
869107
126301
772982
228530
816556
719823
407417
18815
782292
549038
846810
766948
175263
886887
323397
981555
472019
796105
174862
869898
938372
917113
6272
438239
774428
336775
27572
710680
370749
921174
752639
602005
493055
255141
868692
783533
618131
306023
786800
390743
940801
488246
971032
635090
338128
837049
628583
784441
164912
632534
239522
425920
786038
893700
629937
397643
779243
472830
106622
807581
51877
518617
793234
376416
196936
14903
446069
819272
571632
290861
594259
846738
74246
411331
138840
758389
646243
1944
81427
420612
648063
577647
126732
347754
114952
425815
965300
14957
585126
727512
501647
369028
312068
837688
254952
210373
561227
775765
424425
295037
986969
866333
708341
623436
917798
561282
696623
516636
660726
206647
227801
889986
345023
307960
504773
962653
596458
880354
58096
738009
146575
321017
222434
882719
5694
309760
317006
398199
88071
434381
624133
498237
709544
302669
861156
245081
956732
741869
870472
666981
517073
474455
187154
899328
472527
402996
583748
626702
184923
563507
997293
202074
337837
141531
953892
488133
636311
235462
749356
753811
692848
740614
444178
606241
59030
734925
863553
22555
588945
825591
836238
462109
127603
211865
693035
45028
759443
841666
794114
207769
412129
864502
201371
284194
482560
591240
288671
862275
782292
493548
199480
373793
942436
878843
290896
439028
973252
964489
95621
749356
791680
158677
774975
172980
950847
958999
288614
242060
541999
398379
689245
875203
309430
551577
595300
965040
695664
678395
89474
327884
922958
80787
234707
772140
522096
503500
411726
657358
443062
635542
831399
809246
636888
46006
41370
999504
950792
561844
283812
905531
116819
824077
985836
644084
314181
148581
849634
506900
928083
26751
793681
197374
566096
946907
932507
598678
344649
287962
283467
479289
894256
216193
483650
398545
257003
876769
971763
677726
663469
673342
319990
711170
926595
811082
811730
342699
516636
924492
930308
436861
777871
123066
493108
947410
309186
730932
439048
791476
494517
442209
840463
193002
27404
192943
92012
442831
337674
52927
629937
119002
707445
218569
905557
868864
597514
242163
565654
867145
144854
897558
644565
519978
182796
727100
752194
960462
152147
947260
738133
921165
231167
52234
770650
458463
683495
264761
138304
617197
894426
926234
165243
248197
82708
983907
106102
502370
225801
725864
230463
984978
406403
227784
144340
465860
703667
907679
60560
850885
456793
342021
885654
143451
494332
812510
360213
797526
676786
449855
612847
535171
472316
1993
494814
559662
903456
981395
963750
611938
502910
11198
334985
907780
343464
706716
235964
834264
26185
203934
381855
355326
368730
651398
271073
