696244
979002
467953
312662
239557
46540
731910
491957
459801
405722
694483
524599
731776
756963
888247
550894
336763
525501
64292
817617
38873
171826
60838
486240
647602
32583
870466
872454
699258
606901
682315
792330
343291
939357
460059
775748
871873
725446
607626
384625
989302
333560
510482
97210
704294
547165
415434
874638
627313
523534
668216
796120
41509
21688
464159
689681
811750
59517
458392
205083
954542
635266
356486
995698
518471
673271
815484
344812
320150
277626
193611
857189
188827
307862
80077
835581
55474
376542
782335
812482
491340
146187
900024
413640
641833
356511
729616
289485
160887
323544
821599
207106
659020
414976
711278
15040
816812
788006
787635
217216
299669
283315
533657
351874
2362
621640
418664
957692
80948
288514
72638
538200
541439
995399
280367
156488
357347
473919
803390
704555
373937
707490
141136
334395
867365
167309
845432
4188
582355
395956
136237
283451
681136
210037
336748
508310
816823
702433
778655
486345
376057
478178
790675
199325
531601
929822
919902
255562
41547
147947
457809
870012
332322
311117
846637
552828
510091
868913
305462
393754
135914
890774
396100
28383
613155
159152
472975
679661
656655
794828
464205
202337
660674
261922
263025
441676
19638
135006
838667
168109
100408
83034
983041
947195
868662
114887
286262
288452
20931
913890
647160
638132
515178
72738
313630
43598
994759
551303
116662
303723
219112
106014
980290
246437
8851
706263
905859
535797
171605
574204
286992
635182
119619
336613
891875
224229
566223
318977
721399
275799
96239
299499
171448
486473
77835
291747
465999
916531
367893
565028
447109
125429
82610
550654
411351
264393
58017
335490
19189
619984
563440
865231
936082
619084
351716
326092
386549
447407
714155
17497
900579
235872
859794
397017
490694
789358
411580
117291
327606
960454
998263
634846
145474
821391
293647
818610
880532
502393
205083
153270
420565
66026
656350
937060
67382
420967
565207
585415
192737
863425
44284
566223
304293
390950
745977
333178
275084
576288
346739
580119
553333
5207
654861
356486
943475
923976
324896
133999
937570
305137
609824
492172
756402
308304
283652
395558
153881
41547
946222
296820
494481
309100
488073
538558
288398
15817
944268
908149
9005
934389
984112
137098
857992
952703
603201
563865
31255
283057
245625
45672
724195
866978
97028
970136
888404
119078
451673
778655
385122
575417
885724
952898
413885
504680
882056
671202
169395
369854
666789
600035
73026
118056
433773
990587
442563
475532
687169
249536
49945
871725
390373
52703
803390
956719
435083
784568
334060
625620
412189
784568
555511
194131
392871
85143
758436
816342
453694
106401
313632
946286
456172
287761
937536
583460
190786
166935
160583
19224
784045
697181
190967
599407
246945
839628
366949
466809
262519
887482
208724
579006
144253
328517
994266
421498
696015
19492
646298
539741
110841
330705
177755
503554
47017
405603
816823
678416
439658
996048
631340
763164
600370
958350
772872
675668
196339
552501
937985
790182
679170
959690
171799
985164
444539
990554
613868
240658
934389
219660
622141
992677
495548
393500
439354
190678
605426
818254
331118
338646
21688
781171
611789
814647
108548
396926
391311
467156
778127
146306
294827
46427
269239
531215
945133
320971
846277
244770
812828
874638
186669
70806
216133
921669
119657
378493
906743
62965
66769
70161
368102
709911
172545
962458
532188
552899
95459
85691
605000
159244
680507
959905
957755
949320
159244
958837
463755
804886
77314
627948
628112
2258
771266
203495
704903
350053
714155
720579
190500
117465
831786
57795
648893
490969
116879
112708
502952
867022
25838
623449
681752
256093
838735
403310
287329
542571
910057
818648
652376
807264
141753
843863
734126
935325
97644
627657
181276
805706
728737
456527
150035
713254
495237
866753
479967
217637
181734
185804
154299
513621
19564
110421
257003
109444
892878
259091
422400
777815
54008
352723
233219
379548
996310
966737
746176
883507
350410
345139
988436
496907
630047
841610
290487
230286
228071
297788
110989
33923
411831
518958
736431
370788
199325
410017
495004
715712
388401
87770
247609
412850
427629
50697
354353
732148
437518
729729
961166
188182
727273
153270
879724
781536
273358
725175
842292
507494
137784
78200
145895
738140
135720
201224
7050
45495
901654
240494
339561
334060
704031
869107
374552
833252
695351
816556
226086
812583
883017
625541
727363
224218
604832
550983
909067
983595
999721
958628
861625
167309
5216
1724
917113
120156
693141
790727
338761
576525
803020
370749
529386
82028
102496
216626
787839
219974
538834
869182
848372
727801
588684
228336
450843
484326
730078
658260
417554
359303
784441
164912
824242
69769
156316
726823
180363
431744
304293
364938
249659
244024
132852
51877
405234
284620
376416
121177
812482
433024
479515
117291
138048
594259
694544
797881
63344
942889
758389
996310
281298
808131
105629
648063
951184
24825
378808
966575
908548
780551
183574
571101
979674
311606
861997
504218
577823
49945
853714
939357
775765
77197
295037
906206
722546
175334
609178
687136
107235
178308
43614
400315
100124
64169
713178
57496
862284
988919
711927
596458
331668
6031
281097
388439
321017
222434
53418
493358
309760
673762
905237
592196
372997
774011
498237
320971
965157
281298
909058
845432
425408
742138
687761
349568
160038
264397
921027
184102
574514
211156
524599
265325
663809
356486
562073
334395
450130
329411
557194
352383
375389
834550
706030
877805
604882
444178
473919
973738
734925
539726
329931
484633
336840
142743
102944
908197
247609
112608
518471
936559
519947
653348
192914
685340
20031
185378
866115
893865
376742
288671
112835
625541
71319
380183
737460
484641
815027
627825
439028
59063
751715
71502
834550
303456
766573
611741
137257
937350
151174
282057
536913
752728
341985
979663
116271
309430
611570
5124
924888
835577
905709
309401
205083
553495
33010
148476
563802
383979
410655
991834
339807
443062
677801
675871
152064
998026
346539
19888
999504
950792
249590
897700
982775
946755
800091
338400
561088
560822
324410
802746
888395
569808
882591
793681
776699
657849
911153
994266
184454
736448
191335
342180
731523
791581
756402
32179
105625
920525
876769
734360
394259
663469
615062
319990
47536
788695
811082
570903
656350
43614
492349
606320
582160
733942
123066
110054
756850
621228
317998
439048
252780
601446
442209
150646
889376
780760
949638
179317
553876
745965
253994
431744
138638
823821
289212
126838
822142
331840
181871
782334
452390
950216
508956
379670
933186
182796
599040
103143
553026
940663
80006
516037
495237
269716
107054
438045
88819
476212
731685
24941
275124
540486
808708
713957
741927
858236
281173
1549
684687
225801
754584
564528
872946
550654
227784
958376
630991
690005
134998
344642
73762
147000
211117
345033
889875
101741
496233
889453
650050
152889
449855
920231
769800
101855
509155
884179
246664
955739
435083
483403
966151
412850
87386
482436
948209
827158
831980
809198
409659
843124
986001
130052
98084
926225
623661
271073
