695814
492195
822194
990399
766818
286347
310824
403354
964739
904073
550525
821703
810234
817899
507668
312610
658857
685677
536342
18261
644375
577758
734041
513824
417428
430791
80846
829763
398158
673985
536862
368661
554265
289032
17
291663
810339
311170
49906
207535
478702
333705
632592
559807
887340
790575
418980
553495
513261
549471
261777
298315
853759
496634
393212
672631
655231
772906
400127
982369
622212
723828
363713
731714
885651
719641
904073
930837
538097
190667
702890
669956
899069
697489
79754
267419
573011
35980
609340
361488
363495
902658
60021
833302
922279
367508
142619
589375
385794
330712
568994
949608
458836
604917
337
867270
82396
541562
169915
677539
147707
408197
579026
471563
704169
808958
587332
321203
550536
662708
855149
926829
234545
661172
732243
637375
761245
62008
456871
679574
44678
965433
557642
84688
665548
101768
114020
846766
951541
286250
490439
608874
138323
528062
839605
368336
83290
666542
593518
438334
482150
918003
478657
456688
739201
49374
52758
779566
322984
713205
707402
880844
967601
620620
178075
321697
87981
694347
426277
127778
47906
882554
906103
251366
653065
396386
149871
146284
32162
437278
115418
294501
570500
534872
3107
721068
567690
872666
680
298830
578795
424185
862356
628154
463871
801752
594068
607167
804286
340529
792483
730518
35682
831437
368319
890794
146314
566306
930506
304680
497724
75001
385183
778254
10725
794379
125560
946235
102737
351685
5830
490439
279736
209971
631599
516723
594519
347338
946007
585654
652959
359450
986982
683511
214856
495327
965091
970844
649221
158303
483478
409057
100152
19165
681351
204273
410964
857827
264696
810206
42531
133407
172633
723908
101032
510327
393212
686158
940393
577758
398289
586009
604617
138522
541913
333644
108934
187658
145182
643369
98209
724685
812827
561094
914458
103012
708352
89117
196327
25550
410610
887237
701854
440689
955598
964905
487291
483751
157845
674634
13845
426833
260247
617290
53494
702672
806289
350239
967419
239189
957908
777052
253865
80242
904908
192007
366527
704347
342243
308488
363509
191998
62806
203181
826605
764098
663886
672867
147185
433763
330943
595541
640566
11449
866945
449102
195084
76205
978897
80624
366558
792064
511297
314496
145956
143754
237155
440363
727587
615311
836742
337609
983432
85880
151654
908786
855828
629247
426847
32780
12324
893037
516412
470249
109527
307803
457398
208627
413557
747329
325869
728447
951709
472176
979511
339536
589637
488286
965120
791760
182149
432801
557684
807718
117030
219357
53650
840939
590479
183201
146703
585158
764720
690304
275721
351685
298461
909088
704643
804007
888331
454541
253062
773521
777645
559472
396766
594753
636059
874132
255315
868975
575081
191834
14366
872777
715495
575834
698434
836742
726162
311149
83512
968143
629003
737820
1513
77188
555166
247744
992578
434243
239973
861288
743194
346537
130956
302516
101879
924329
361851
476389
101874
415928
681927
801316
105178
358737
302753
458237
239344
321207
2022
148384
125184
818495
600857
986754
445236
629421
122553
8925
266017
294529
641151
421908
101617
934200
436380
288715
609735
533361
359337
915581
538790
587282
251748
9546
348280
788866
585179
936365
770600
805177
571945
428770
125356
87285
659426
437405
276775
568700
677915
113275
592147
253678
555325
420415
316533
787851
735721
735724
264696
125821
247722
153080
234341
686619
923938
845650
876574
840424
18101
444908
468144
792317
355696
167905
44141
362524
972339
444150
258897
481017
406662
381168
561274
188308
678336
754675
395492
815463
547718
321685
191304
193274
971434
491775
540684
769409
357876
382794
404031
389624
224241
589340
437405
796220
317809
848062
177708
566856
358859
186283
191593
687949
451790
851330
864577
308010
230294
132151
413366
468762
518400
543269
950349
309685
910192
510088
44352
300523
953157
220512
249637
63989
725660
507072
237692
362283
118724
652268
362715
254831
870678
657897
823332
934396
424830
634741
475074
720082
661852
271602
974721
123547
986061
332902
706204
987160
176123
486236
790560
291582
765248
503682
906103
527261
723923
409087
100723
442784
166951
383213
599295
229504
102547
791019
728441
874132
129594
835
346040
462442
530363
831186
613516
968088
731569
925487
833682
976737
824292
498328
591814
836407
76165
189574
897069
442819
506706
292485
913586
367094
69653
56361
508770
259897
624882
479673
376893
92515
961504
239145
723497
482130
364703
411459
963049
347729
319824
685796
513045
207101
408086
133142
606237
73163
621577
454050
986021
351565
854840
158618
165535
900061
514368
595876
148306
716498
552144
516948
510130
696152
846204
302698
865422
602129
532100
568585
369046
994762
665114
364556
233896
954168
352028
469995
608378
147369
152492
737789
57486
354677
868216
109809
515037
848819
540616
338503
151654
183923
311989
465375
563643
558336
906191
902060
431252
911597
440331
125746
241437
865315
194914
155259
423091
525500
961154
781788
36627
881020
150186
258635
649221
715842
383724
213902
449803
551877
48341
5357
215688
613516
505103
202812
607148
443880
696651
32747
376
295332
597027
759360
93673
22915
736253
990794
624904
396233
427709
257679
280793
728447
698174
716355
90465
953015
370299
977729
920602
404031
247927
523022
418742
117389
653978
103183
709596
670799
881847
6110
976466
818128
316793
346108
150424
616039
299228
946429
225702
720258
760010
943286
293323
98121
942079
336094
987830
416596
955343
168598
956219
970378
673966
385976
884219
791990
775942
356696
95331
459426
467914
470666
727667
763339
241760
185511
547483
384864
172265
264283
936971
605325
166560
585437
781530
142857
576086
163609
536565
830521
938530
354389
864686
100509
946504
828204
550270
453629
684275
651681
619035
349041
44423
30200
353652
347729
707412
974822
190697
968219
698185
935454
608450
286140
943643
172711
896925
814999
333169
759763
403318
776444
841932
525055
457945
106041
982350
827820
639769
945035
326999
895344
567131
405205
848848
874700
726493
294204
862507
601544
152766
854257
712400
861975
869085
554666
828183
625799
40770
533265
792247
990905
460666
803143
590603
421630
137865
493683
387948
228714
629847
871482
921875
53494
570401
773521
369332
943717
978728
270142
302551
589471
883753
498217
508770
933110
911579
521005
264791
585654
743401
774514
573224
421181
351258
157847
367772
654121
726780
743633
219973
978339
759770
759441
355505
117254
99998
447999
655013
114676
443779
536214
983147
502054
702177
210422
219476
908786
445223
712822
373274
940405
126841
154234
883681
539153
349140
978838
275980
817172
128280
198986
518138
492821
572604
245497
388000
744248
221621
262632
127421
237579
58681
350239
435174
418509
509285
270815
356705
284292
295332
391240
763894
902658
995444
961924
295985
664798
957908
560723
755887
213414
469140
434688
796578
251366
968545
870325
72445
88696
93651
856965
132086
626091
536891
510130
111700
56206
574977
803834
566731
355851
183319
98209
161585
567287
349110
692380
