479066
414705
822194
990399
766818
286347
310824
403354
225431
381512
550525
821703
810234
817899
507668
312610
658857
685677
536342
18261
644375
940937
734041
513824
417428
430791
80846
829763
398158
673985
35641
368661
554265
779870
25127
291663
810339
822962
964845
911423
478702
333705
632592
559807
778664
396362
5355
553495
513261
549471
261777
576512
793672
337931
393212
672631
655231
198504
412926
982369
860736
723828
623957
731714
885651
862115
381512
930837
538097
284642
702890
669956
823737
697489
545804
267419
573011
35980
407933
361488
232427
902658
60021
833302
922279
367508
142619
589375
385794
330712
568994
949608
458836
604917
337
800674
82396
541562
169915
677539
147707
408197
579026
471563
704169
349731
898472
321203
550536
662708
573898
926829
234545
661172
429318
637375
761245
62008
456871
679574
404581
965433
557642
84688
665548
101768
114020
846766
22334
286250
490439
608874
138323
528062
839605
930807
859854
130793
593518
438334
58661
918003
735666
456688
739201
49374
52758
666807
322984
310605
344847
880844
967601
620620
879807
623984
411267
694347
993014
127778
935198
882554
906103
251366
653065
396386
149871
146284
253867
437278
115418
832842
116991
534872
3107
721068
567690
216795
680
298830
578795
424185
862356
740721
463871
342417
628290
607167
263283
340529
556869
730518
35682
831437
368319
890794
849288
566306
674773
266374
497724
75001
385183
778254
10725
794379
125560
946235
368890
351685
587569
490439
279736
242017
749696
516723
748860
982269
946007
585654
652959
359450
986982
683511
254159
495327
965091
970844
649221
158303
681552
409057
100152
663300
681351
204273
410964
589080
264696
810206
42531
133407
172633
723908
918831
757463
393212
686158
940393
888929
725256
586009
432086
138522
706772
333644
636031
187658
145182
883078
98209
724685
812827
788997
914458
103012
708352
89117
196327
25550
220722
402127
701854
662264
952850
183576
487291
11945
220356
777214
13845
845775
260247
967771
53494
702672
806289
350239
967419
760554
489215
943887
253865
80242
904908
192007
478717
852739
342243
308488
630659
191998
174219
203181
456091
764098
663886
865757
380389
433763
464677
595541
640566
492924
34763
449102
30026
76205
658052
80624
692864
792064
511297
314496
145956
143754
237155
818257
727587
615311
836742
358954
983432
85880
151654
908786
855828
809482
110666
32780
12324
893037
516412
470249
109527
307803
457398
208627
413557
747329
325869
21490
951709
472176
143351
339536
589637
488286
965120
791760
182149
432801
92358
807718
117030
857522
53650
164335
590479
630572
146703
585158
399939
690304
275721
351685
298461
909088
704643
804007
375215
454541
133643
773521
777645
643113
396766
594753
955704
874132
255315
868975
575081
763662
14366
872777
715495
575834
365636
836742
726162
257688
347441
968143
629003
955466
1513
77188
555166
247744
992578
434243
4288
861288
427143
592889
130956
302516
101879
924329
361851
476389
101874
415928
681927
605010
105178
668372
302753
458237
239344
281215
2022
903480
697806
818495
600857
986754
445236
629421
386124
633014
266017
727856
391524
421908
101617
773530
235543
288715
164156
533361
359337
828096
538790
587282
251748
9546
348280
788866
585179
38496
770600
805177
571945
428770
696092
87285
659426
437405
192403
568700
853647
113275
592147
253678
555325
420415
316533
787851
661
735724
264696
852568
247722
564309
234341
740944
923938
845650
876574
840424
18101
444908
468144
4876
450310
167905
44141
37922
972339
444150
362125
481017
406662
381168
561274
188308
678336
754675
395492
815463
547718
321685
191304
193274
971434
30831
540684
769409
182778
302516
404031
389624
929365
47634
437405
796220
761304
848062
177708
638758
358859
489338
358954
287451
451790
851330
864577
342315
230294
870536
413366
468762
518400
543269
950349
309685
910192
511663
44352
606633
399537
220512
249637
341279
725660
507072
44868
362283
264350
652268
362715
254831
870678
583702
823332
934396
424830
634741
475074
44583
661852
271602
974721
91258
986061
332902
457435
987160
176123
486236
790560
291582
765248
503682
906103
527261
723923
409087
100723
563338
265437
383213
599295
229504
102547
791019
728441
874132
78332
835
346040
462442
862844
831186
613516
271314
731569
302419
833682
165582
657751
32067
591814
407640
76165
189574
897069
442819
506706
297484
913586
845387
696326
56361
338547
259897
357313
305155
831723
92515
315950
239145
723497
482130
586837
411459
963049
182366
319824
685796
638365
250291
408086
133142
606237
73163
621577
454050
986021
351565
854840
371867
165535
900061
541115
740942
148306
716498
552144
516948
954164
696152
818300
302698
865422
969529
532100
568585
369046
994762
665114
705254
233896
954168
352028
996923
608378
713179
152492
757173
57486
404031
890737
109809
515037
848819
540616
338503
151654
911280
653605
491869
115256
558336
750368
902060
431252
911597
233851
125746
241437
865315
194914
212340
685685
525500
745589
781788
36627
881020
150186
258635
649221
827513
383724
577860
449803
551877
513018
841101
855711
613516
963497
202812
607148
443880
696651
32747
376
87606
597027
759360
631202
22915
736253
990794
624904
396233
303842
913241
280793
21490
743921
716355
90465
365692
370299
977729
920602
404031
247927
523243
418742
117389
62274
725481
709596
539693
574521
6110
124454
108282
998576
346108
164475
616039
586776
946429
225702
720258
760010
943286
190998
98121
942079
478894
591001
416596
955343
168598
956219
212048
673966
81717
884219
791990
186496
743304
95331
459426
467914
470666
112814
763339
241760
249116
547483
384864
172265
264283
41752
605325
642696
585437
781530
142857
576086
519492
536565
11863
938530
354389
897988
784370
946504
722876
550270
867390
197403
651681
619035
349041
44423
30200
353652
182366
707412
786284
190697
968219
698185
935454
608450
286140
943643
172711
896925
814999
333169
759763
960366
575430
841932
525055
457945
110066
982350
827820
639769
945035
326999
969868
567131
405205
848848
453768
726493
971041
74235
508164
446215
854257
712400
861975
725903
554666
898512
625799
230766
533265
792247
308316
460666
65418
590603
421630
886238
180447
387948
191604
251398
871482
781655
53494
570401
773521
369332
943717
978728
270142
302551
589471
883753
498217
338547
889727
911579
895983
264791
585654
743401
681986
573224
421181
351258
157847
367772
654121
726780
743633
219973
978339
759770
130464
355505
117254
99998
447999
562020
350957
443779
536214
983147
320522
702177
210422
219476
908786
545532
827324
539472
125069
126841
154234
883681
539153
609764
978838
275980
817172
895598
198986
518138
492821
572604
245497
388000
136876
221621
127018
127421
237579
58681
350239
435174
418509
509285
302383
356705
284292
87606
391240
763894
902658
995444
961924
425308
952263
489215
330632
835579
213414
7179
555889
796578
251366
968545
870325
926923
88696
500087
739972
132086
629966
536891
954164
638293
241034
574977
803834
566731
355851
183319
98209
161585
908884
750342
692380
