69472
492195
822194
990399
766818
175832
855784
668134
964739
611949
550525
821703
951666
817899
643573
312610
658857
771528
37693
18261
644375
322995
734041
415365
762691
632633
424110
829763
254831
673985
366235
368661
554265
289032
17
141774
87110
42015
753501
295968
478702
259009
689261
47078
887340
790575
422016
490064
18107
549471
116737
298315
853759
496634
887242
140064
467582
772906
400127
982369
105417
956261
623957
102171
885651
719641
611949
177349
15964
284642
637817
669956
899069
697489
169738
931229
573011
35980
439269
302500
363495
902658
13213
214605
922279
367508
142619
589375
385794
330712
919887
949608
895871
314726
337
867270
82396
541562
669578
677539
147707
55095
13267
471563
841763
808958
587332
247999
550536
141678
855149
926829
234545
23174
429318
637375
924192
937887
456871
679574
44678
965433
557642
84688
935032
884365
114020
138333
964163
286250
490439
247467
327473
574772
839605
684707
83290
297308
895220
731148
607014
524775
320281
456688
623897
49374
52758
779566
64682
903475
928443
220227
967601
847714
178075
321697
85099
694347
426277
170025
47906
882554
543750
251366
653065
396386
596094
146284
32162
490215
625307
832842
116991
534872
3107
721068
567690
333718
680
980563
624300
897186
862356
58875
644775
714343
594068
639477
263283
344321
792483
730518
35682
575769
368319
918447
849288
956167
930506
284638
695546
75001
385183
656416
10725
794379
125560
7196
102737
351685
240675
490439
279736
209971
510478
516723
248545
347338
706204
571226
215985
359450
17488
683511
254159
495327
965091
22408
830640
158303
813552
409057
925803
271314
681351
375872
410964
841229
264696
780537
42531
133407
172633
723908
918831
921109
887242
686158
685163
322995
91301
213209
962381
873328
541913
333644
282974
187658
145182
643369
98209
288229
308312
817433
914458
550631
782224
89117
905409
21935
410610
268972
291664
595266
177307
964905
822044
483751
157845
70288
657483
845775
848909
206392
302478
702672
426014
456751
967419
65541
957908
777052
253865
80242
780081
909557
366527
234198
986659
491405
363509
191998
318943
203181
826605
24483
642240
672867
147185
866609
375316
137821
640566
232219
866945
563219
30026
224905
978897
80624
810222
792064
545234
314496
145956
143754
795645
461980
286398
615311
836742
15107
62324
792726
855258
685492
295922
629247
33806
766103
12324
414798
940750
291560
109527
307803
457398
486621
413557
364217
154729
21490
111257
472176
898099
339536
589637
488286
581084
791760
808300
432801
253365
807718
58214
303393
4331
730658
883759
787649
286514
585158
764720
690304
293935
351685
523206
542028
456878
4191
888331
139552
133643
650910
504697
176556
396766
594753
636059
874132
255315
320287
512191
191834
14366
487539
314726
144839
698434
836742
492132
257688
83512
968143
186081
955466
191964
77188
491282
247744
992578
159883
239973
573539
427143
592889
130956
739444
643636
984295
995490
527325
16149
415928
519148
801316
105178
562950
907121
458237
387770
321207
584382
903480
855689
991605
709956
986754
445236
748491
91652
8925
266017
313191
641151
381502
839176
934200
436380
279557
609735
357637
359337
915581
538790
737307
686907
9546
348280
788866
623684
936365
770600
176422
571945
923546
617458
197257
483573
357421
276775
782533
8483
339116
220321
253678
929839
420415
86166
736148
661
407693
264696
103906
247722
153080
515055
686619
447686
558886
878417
840424
332635
444908
468144
792317
355696
862688
780985
398664
296571
444150
258897
675531
406662
308562
721105
547241
110904
754675
395492
192761
547718
321685
191304
459426
31135
491775
540684
967822
357876
739444
511757
389624
224241
373987
357421
841969
775046
19054
177708
566856
358859
489338
15107
348436
451790
119415
864577
132519
206921
154077
442773
989436
518400
922042
737442
309685
724098
510088
44352
300523
463470
254334
527355
319272
725660
507072
237692
362283
118724
652268
362715
254831
228280
435125
823332
991735
882714
289756
475074
480522
661852
27612
974721
557116
234545
497613
706204
551337
176123
486236
790560
964185
594562
503682
543750
441783
843104
409087
349072
645107
497188
383213
599295
229504
102547
494685
660058
874132
129594
199680
346040
249375
197344
637512
613516
271314
731569
302419
183050
976737
914465
479490
736906
836407
76165
189574
897069
442819
506706
292485
913586
715733
69653
56361
833573
259897
887145
8092
376893
92515
961504
239145
723497
908976
364703
411459
963049
381228
971194
346155
513045
207101
642807
150766
926900
73163
278194
967822
986021
268471
971843
371867
165535
900061
382681
740942
738222
202869
489466
427331
938616
696152
993311
103489
865422
602129
532100
902020
478726
459212
665114
71321
415368
885272
352028
362219
185933
791455
152492
737789
309905
511757
868216
983885
101824
773516
51609
682784
855258
183923
730668
465375
563643
558336
995763
902060
431252
911597
440331
125746
241437
379663
779383
33440
725354
525500
745589
529472
699931
453090
326009
375789
830640
797022
383724
649627
449803
491637
513018
924127
215688
613516
963497
202812
607148
616790
553745
32747
376
295332
597027
759360
93673
567185
736253
862344
859248
491841
80884
332947
280793
21490
698174
497185
320983
953015
52495
355366
920602
511757
247927
741258
418742
510721
598588
103183
878736
814248
952031
991226
976466
818128
559323
346108
932823
187509
299228
946429
143097
720258
121514
474056
180553
512922
942079
563865
886516
25329
955343
67016
671928
970378
943808
385976
884219
31826
385460
520997
95331
459426
867252
73810
516423
600322
965669
185511
390877
384864
172265
378411
936971
605325
885019
550467
872423
705368
576086
519492
836314
17305
395108
591104
864686
161205
54615
542779
550270
867390
347596
402735
619035
179888
247085
870182
353652
381228
236942
974822
190697
968219
698185
102742
608450
709213
614026
223956
896925
814999
531085
346591
403318
776444
841932
525055
484611
106041
736976
827820
639769
228555
326999
895344
57742
308417
150070
874700
829894
181429
998524
40048
589354
854257
712400
950161
927231
631031
898512
625799
40770
533265
792247
990905
460666
980478
687089
284941
230215
618410
828486
228714
251398
683244
487494
302478
969864
650910
880804
943717
414599
844390
302551
589471
66006
498217
833573
713062
18385
126165
264791
571226
743401
774514
257615
886252
17189
148859
329444
5546
726780
393153
886120
748564
771672
410344
355505
250571
99998
447999
655013
114676
659570
74833
254218
758503
867849
210422
177626
685492
445223
712822
746606
940405
50102
219125
448663
827354
632765
978838
349953
817172
41184
621663
783406
887637
163293
245497
388000
892875
579304
262632
44803
237579
935424
456751
392673
418509
138072
270815
733686
284292
295332
391240
7660
902658
275867
75660
318998
952263
957908
560723
755887
899444
469140
434688
796578
251366
968545
414029
994740
558154
500087
856965
132086
626091
536891
938616
15632
555784
574977
610278
385183
355851
183319
98209
135065
567287
653337
692380
