217069
974751
813512
71953
50789
718364
655108
749843
322242
268794
119437
755376
519461
665224
37792
930339
616055
983649
928897
408000
524681
870848
112047
828858
614493
725252
717662
594310
826048
401598
626466
218339
909126
77914
412207
198028
141785
163629
345094
768042
762877
205742
571564
285152
518418
192893
41173
238172
519844
946485
624314
636899
78428
237410
990505
340716
830507
782336
462357
441724
146676
245127
382689
61614
130628
280578
377537
279758
724037
238920
557873
793355
506376
594310
426464
251231
11347
372548
225381
476121
918733
861920
284347
524678
500487
824412
583544
829501
909126
484778
104138
412602
385442
727723
187987
851588
679540
380401
909126
992613
982018
481465
72307
537036
320618
571769
607918
703633
734352
722503
891056
590653
292920
538890
809439
718579
232185
593184
935440
410683
754010
876935
889437
423311
837721
622687
783985
804534
741222
875959
931667
120796
670310
212540
455220
608643
398045
800982
930935
769113
774728
624801
378474
360081
948827
20064
35056
686562
11347
601421
736070
275052
56607
677670
947701
264420
558143
683906
451495
344538
855969
839381
848702
382543
74630
150409
652059
236094
292981
7715
563504
100776
563504
106662
861687
560658
851046
292816
907421
878007
35066
198553
803384
16499
227663
415933
143529
577286
744082
155116
280074
801274
202800
36204
725592
133422
52316
701543
493434
111367
626781
605930
14025
255673
984635
476505
310069
589178
374047
31732
574170
793716
671482
849083
321336
936449
512387
721099
568650
484805
341386
253653
671524
358034
752679
166266
905414
476681
428846
472505
261287
849591
538737
900820
307906
524358
566605
871576
469839
978976
67157
182729
169895
622251
335980
125503
995633
957307
624259
563504
654443
239622
259286
913172
873192
702583
848812
665069
583894
351835
895311
529960
50789
75147
139712
809439
894205
355968
17126
784400
775947
862907
859776
886943
648746
396084
809277
442814
526257
761329
962859
20422
610156
802817
27934
58462
970856
720845
139323
239874
418176
470459
444552
337159
428687
495696
212966
168631
3885
752065
917808
534697
279745
94706
535395
233835
512521
835566
889437
749755
728230
617180
665563
123985
92667
461392
30262
948704
411523
67965
792755
24259
247688
936376
73155
705537
748467
981426
524544
524678
137668
787684
905791
336769
263727
779027
386113
700105
113692
182195
879460
958815
587104
373971
959953
796428
762760
321880
151255
861920
222288
277990
182195
362538
482771
743859
763301
536974
971687
398266
62348
680426
699379
435741
136035
346340
558261
235974
188272
453003
786539
362636
70935
253751
195827
2408
534822
578504
599384
344538
68150
388007
713144
903656
816035
42027
742217
235235
91492
243486
257052
817964
324157
176550
4605
394701
273724
704381
524871
213052
207397
719009
946695
925934
358034
70552
231673
841601
706562
348280
575261
225106
184646
15240
789189
862907
151852
156908
144966
557873
793116
321235
175522
623237
913797
316345
207538
153683
314389
582080
788534
384722
311181
479571
292920
745327
778416
45793
449377
824014
151755
414697
100776
303214
74630
198204
84397
782703
782779
836833
402855
409519
794558
184026
488537
809162
408209
155681
412382
950061
648266
178375
503988
582077
491984
484805
831665
461425
384902
993004
251183
422042
41156
720232
749843
318400
461392
34014
45793
252375
537540
716190
17348
341771
868571
912874
759495
289281
120966
717662
166822
374929
944373
670033
452514
117047
560161
231227
586396
684176
986893
247076
324328
671482
727527
432339
739696
591846
361118
734858
658018
478478
971081
601756
217488
417801
910360
6019
285334
470459
767121
389115
971584
813151
275490
590742
156279
473018
238982
670024
302120
315616
53354
895549
631950
475205
126004
583024
540933
307620
987192
146182
375998
380401
274229
47819
366076
449872
849083
855977
953591
247688
410109
864337
52546
341771
839545
864936
93712
398085
552093
901290
165988
813699
298844
724655
836833
696748
780031
866313
648018
827060
95989
975238
449043
601156
465514
847037
234275
306069
260383
156559
169895
818994
705537
762877
318624
7625
191778
210161
344382
607636
912807
537985
57909
535529
260383
614596
953591
705537
975783
260040
657593
730227
118049
425310
595085
435443
358500
955129
180086
56650
14476
737383
437733
638975
384902
807267
366076
279735
202528
422647
861920
982109
213558
485248
261656
278076
384231
375998
990153
775814
420473
818655
42098
121334
690548
157457
889049
428255
44978
803028
71205
205053
19365
680102
39165
947587
172736
757413
927080
236161
589256
671773
177843
137469
736849
755742
116342
316438
461214
803077
487286
578008
324328
418365
652569
164753
161651
181707
406655
873470
382543
983403
819236
180274
372590
449144
199173
831446
485560
724933
873617
640603
617088
825440
119437
606213
509302
606820
67837
322490
307687
627415
972422
610078
235763
341385
631744
430256
435069
285334
530994
604612
78833
539613
176817
185825
547231
259286
125811
23206
56099
575761
180036
224947
847372
744239
540933
156817
312232
446436
131863
977425
869166
695763
509149
178824
303071
920993
755809
240028
200548
434135
860478
900037
621619
157642
64438
779376
214281
586554
259584
434953
349522
899883
987759
821684
828643
118049
652983
621909
363249
655761
34670
126244
156606
940094
965820
835081
941423
38294
580060
213096
843535
442826
255587
139707
757244
435669
306940
899883
288434
964687
683348
743726
401962
251156
751486
531930
757922
780400
470808
575776
328517
561202
646150
856469
953487
819946
447761
622744
488317
235444
936784
672255
42678
172248
695461
671776
454688
206579
136438
796074
345241
384231
910652
710439
816419
799849
857296
489995
985113
446352
786843
99520
481749
967642
519260
768328
821585
412602
834464
331403
917467
640848
922159
800140
93250
156960
514472
136081
606580
995744
555072
311181
492005
242909
490418
932592
84606
966438
249961
776515
718579
333189
764140
14437
116627
441724
472540
9163
723375
186682
342635
228274
50883
756838
156821
120707
259549
383597
810486
5282
600343
272307
352924
481006
723375
906554
252145
206541
892336
596624
581150
528592
164002
811136
773944
522098
795671
259549
24671
773293
104307
569615
250213
728356
796074
96997
812987
89878
498945
239622
791938
155116
99576
669297
111541
205838
279124
130969
569209
386113
258051
365138
109218
269090
279270
864285
415128
629612
511718
39165
377720
207986
315535
374401
251347
375280
425448
440887
16014
778483
198830
992150
739411
146966
46183
109569
793445
566605
854427
425153
381100
637804
682712
728523
842245
73010
868258
973863
146591
452514
988431
757106
229708
350365
492855
718670
309220
560374
156730
617777
332810
657593
956146
534017
715568
600598
603980
440223
338551
970616
117695
509622
990505
328963
991088
420948
728060
985615
397361
769340
157044
814555
932462
783568
224268
668666
379495
605105
585813
261509
9163
796136
544186
178742
278369
671773
289281
409212
321268
743251
526320
388637
969044
218435
761329
180036
