217069
974751
822957
55266
621436
679505
47198
972563
322242
270777
119437
176916
519461
760854
674333
156145
409055
530689
928897
182461
524681
121215
112047
828858
23730
639299
678447
681168
809677
401598
626466
183329
826409
301832
478000
198028
141785
535045
345094
768042
762877
205742
571564
285152
518418
192893
41173
238172
519844
213233
774620
994819
78428
237410
609718
464091
284498
782336
874521
26012
617819
960112
880823
780678
651734
280578
161263
279758
551360
238920
730185
793355
132625
681168
426464
251231
472058
372548
573515
476121
995683
933359
229579
524678
556183
824412
400140
541304
826409
214024
695979
412602
212418
389868
187987
571898
679540
267135
826409
941767
254596
481465
72307
724897
907993
571769
813477
239793
734352
264046
757262
520367
292920
700685
342192
718579
232185
157197
584505
798982
36854
194363
889437
423311
706290
622687
957512
348695
657937
712739
26051
146880
670310
212540
695918
608643
631773
800982
893055
13744
877255
624801
603600
360081
948827
20064
35056
726422
472058
480420
427523
440872
919726
119115
901677
264420
558143
468443
60892
344538
855969
267017
848702
382543
534636
554300
652059
512360
495974
524741
563504
826028
563504
106662
861687
997793
851046
292816
270464
745646
537344
198553
894431
16499
538627
98385
239975
577286
744082
155116
280074
801274
202800
799183
250173
133422
52316
701543
493434
152849
626781
605930
14025
255673
984635
195792
967740
646018
296281
377642
574170
893937
820366
849083
321336
936449
512387
721099
663900
484805
80928
253653
272493
791050
752679
51597
905414
476681
778914
957746
41580
194491
716291
900820
619054
232852
566605
122370
26909
11612
696977
182729
562658
622251
689971
301865
835142
669621
13693
563504
583566
759019
368903
303256
912940
702583
848812
718690
583894
351835
562901
335941
621436
75147
139712
342192
713973
236256
17126
888262
72359
755413
265893
8516
545164
396084
757211
801490
429751
761329
962859
763397
610156
259030
226658
58462
970856
195144
139323
239874
418176
875244
444552
337159
428687
495696
325587
168631
936962
752065
917808
534697
200739
113064
535395
148210
512521
149632
889437
593924
478470
617180
96871
123985
650855
461392
30262
948704
186819
297321
792755
48306
151086
936376
888922
638572
748467
981426
690778
524678
137668
66993
128940
668048
666731
779027
799115
700105
113692
182195
222863
958815
724992
373971
729674
796428
949461
907516
151255
933359
725286
277990
182195
295615
482771
202906
763301
536974
971687
665218
895040
680426
131997
270845
614026
293848
525447
232676
188272
526252
932208
128402
70935
253751
946299
595625
686765
341344
90050
344538
407476
129949
429373
903656
816035
958729
742217
235235
826964
243486
538607
817964
324157
737222
4605
394701
273724
464429
673929
213052
92700
719009
614213
317978
791050
70552
155981
372116
207071
578224
575261
985644
184646
15240
789189
755413
151852
310050
517531
730185
793116
989602
60210
597852
160956
713977
207538
450794
314389
338512
335029
387241
311181
839680
292920
825591
543668
45793
449377
824014
331067
414697
826028
733679
534636
855971
84397
668756
782779
757538
402855
730953
794558
719925
531830
754500
408209
923437
608958
950061
326602
178375
124664
421313
491984
484805
819094
922920
11279
993004
327783
930472
486509
124606
972563
318400
461392
34014
45793
252375
537540
406539
17348
341771
868571
912874
376335
289281
120966
678447
166822
356584
223425
670033
806141
64889
525747
231227
586396
460644
986893
247076
324328
820366
387047
172535
407693
591846
532939
734858
784161
844983
971081
397121
206891
417801
808604
6019
67543
875244
767121
670550
997910
681923
45156
590742
897222
171579
238982
670024
302120
972461
53354
724332
920775
495743
516924
583024
848910
84683
785535
302762
456898
267135
858779
47819
366076
449872
849083
175147
390377
151086
576092
415681
990237
341771
839545
864936
413109
398085
266858
901290
636685
813699
258311
724655
757538
696748
780031
46652
287064
736880
95989
209126
516272
994550
182917
256431
961270
306069
386326
271045
562658
818994
638572
762877
70566
885497
191778
144272
344382
722641
494778
141142
211892
535529
386326
764314
390377
638572
598863
987212
437440
730227
146596
373530
595085
198710
358500
48358
180086
56650
728337
612781
879371
638975
11279
846744
366076
423529
688377
506089
933359
207642
850919
200742
933302
831927
654882
456898
24757
775814
420473
410540
42098
173926
725678
83283
376551
428255
501213
553380
173713
205053
983704
105759
600499
730423
172736
473973
944804
236161
589256
671773
144029
137469
736849
957580
980718
316438
461214
803077
14837
578008
324328
418365
652569
164753
683858
480017
406655
873470
382543
983403
839359
579672
910165
449144
357049
153919
255158
724933
187781
894321
920808
825440
119437
709929
651186
35022
32431
652474
307687
34716
17774
667375
412449
341385
631744
915899
789272
67543
721272
604612
78833
55275
538339
185825
839640
368903
12400
511084
517813
575761
243015
224947
776313
133691
848910
156817
312232
823512
759994
977425
334730
695763
173837
120281
303071
124576
614323
957985
200548
434135
363115
900037
702967
157642
64438
779376
421378
586554
981451
785368
524356
778491
24141
783933
587850
146596
704734
621909
363249
341050
390504
948849
199300
940094
965820
881524
487826
38294
257801
292494
843535
212796
255587
502132
414651
435669
306940
778491
471170
431600
683348
743726
401962
156449
107742
531930
757922
186135
979326
747379
460174
426358
175517
453653
374138
420167
266695
516802
819602
857094
116939
672255
42678
689942
695461
660760
292990
206579
136438
796074
345241
654882
260415
485635
816419
799849
680711
489995
809710
446352
786843
105284
481749
967642
499855
768328
544813
412602
197348
331403
469736
640848
311573
298310
93250
668821
614113
372506
981839
32619
436289
311181
308739
109876
490418
643895
84606
966438
626935
776515
718579
211764
157050
743136
99235
26012
472540
9163
723375
350775
716704
884682
50883
756838
156821
649637
902338
383597
733989
5282
600343
535671
352924
324657
723375
217568
765093
206541
892336
473478
382129
528592
219262
252310
493737
484562
795671
718482
519224
773293
104307
569615
46748
159377
796074
96997
812987
89878
215344
759019
549850
155116
723747
222742
363421
205838
379914
377901
451452
799115
258051
689850
109218
269090
416640
591464
415128
747142
751615
600499
340626
629317
508585
888715
251347
807233
14316
440887
16014
939399
198830
96730
723799
186741
688484
109569
793445
566605
665512
425153
381100
637804
485842
368874
842245
73010
167534
126142
258344
806141
988431
510349
344129
350365
492855
121593
661402
460731
752785
632961
332810
437440
956146
593589
715568
470771
171961
440223
976379
970616
291539
154276
609718
328963
753893
62994
728060
985615
341462
769340
236456
814555
932462
783568
224268
668666
314197
728165
517251
928628
9163
496124
795413
178742
748794
671773
289281
409212
489957
743251
731648
31916
973352
546955
761329
243015
