217069
974751
822957
583308
621436
679505
47198
972563
322242
593417
119437
176916
519461
760854
674333
838340
775418
792637
928897
182461
524681
870848
112047
828858
580921
684557
834383
594310
809677
401598
626466
902204
909126
77914
478000
198028
141785
779150
345094
768042
762877
205742
571564
285152
518418
192893
41173
238172
519844
262359
40500
994819
78428
237410
990505
464091
922151
782336
874521
26012
617819
245127
627923
548032
651734
280578
161263
279758
580456
238920
730185
793355
506376
594310
426464
251231
472058
372548
573515
476121
918733
552540
486060
524678
254344
824412
400140
541304
909126
254710
695979
412602
212418
727723
187987
906725
679540
380401
909126
941767
982018
481465
72307
724897
320618
571769
607918
5267
734352
263964
757262
248881
292920
118237
342192
718579
232185
593184
569549
798982
36854
876935
889437
423311
837721
622687
783985
515466
657937
712739
931667
120796
670310
212540
695918
608643
282503
800982
680638
769113
219359
624801
378474
360081
948827
20064
35056
457611
472058
480420
736070
440872
119372
677670
947701
264420
558143
286110
60892
344538
855969
48955
848702
382543
32485
150409
652059
236094
495974
893934
563504
826028
563504
106662
861687
580776
851046
292816
270464
878007
537344
198553
803384
16499
538627
98385
239975
577286
744082
155116
280074
801274
202800
799183
250173
133422
52316
701543
493434
869443
626781
605930
14025
255673
984635
195792
1717
537031
374047
377642
574170
893937
820366
849083
321336
936449
512387
721099
568650
484805
80928
253653
272493
13641
752679
166266
905414
476681
778914
472505
41580
194491
716291
900820
619054
232852
566605
871576
26909
11612
696977
182729
169895
622251
335980
301865
995633
6064
905595
563504
583566
759019
368903
913172
912940
702583
848812
718690
583894
351835
895311
529960
621436
75147
139712
342192
676049
181983
17126
888262
72359
862907
859776
482389
545164
396084
809277
70353
381935
761329
962859
763397
610156
802817
226658
58462
970856
163289
139323
239874
418176
470459
444552
337159
428687
495696
212966
168631
3885
752065
917808
534697
279745
730588
535395
278693
512521
149632
889437
593924
478470
617180
96871
123985
92667
461392
30262
948704
186819
542036
792755
119674
151086
936376
73155
705537
748467
981426
524544
524678
137668
66993
457944
668048
666731
779027
973224
700105
113692
182195
222863
958815
724992
373971
959953
796428
888837
907516
151255
552540
222288
277990
182195
295615
482771
743859
763301
536974
971687
398266
895040
680426
117807
435741
136035
346340
525447
232676
188272
526252
458918
118248
70935
253751
582165
551268
686765
578504
90050
344538
407476
129949
429373
903656
816035
42027
742217
235235
91492
243486
538607
817964
324157
737222
4605
394701
273724
563634
524871
213052
92700
719009
926387
317978
13641
70552
231673
372116
207071
90704
575261
225106
184646
15240
789189
862907
151852
310050
517531
730185
793116
989602
969320
646365
761857
713977
207538
450794
314389
572564
335029
387241
311181
839680
292920
745327
543668
45793
449377
824014
331067
414697
826028
303214
32485
198204
84397
668756
782779
757538
402855
409519
794558
719925
531830
754500
408209
155681
608958
950061
326602
178375
503988
129080
491984
484805
819094
922920
11279
993004
961608
486739
534116
720232
972563
318400
461392
34014
45793
252375
537540
406539
17348
341771
868571
912874
376335
289281
120966
834383
166822
99520
223425
670033
508887
744807
560161
231227
586396
684176
986893
247076
324328
820366
387047
172535
674297
591846
841549
734858
784161
412742
971081
397121
206891
417801
670120
6019
285334
470459
767121
479522
997910
813151
580226
590742
441688
473018
238982
670024
302120
355209
53354
895549
181040
475205
126004
583024
848910
307620
987192
146182
456898
380401
233294
47819
366076
449872
849083
855977
953591
151086
934968
415681
990237
341771
839545
864936
318018
398085
266858
901290
636685
813699
298844
724655
757538
696748
780031
866313
661964
670129
95989
209126
449043
994550
182917
256431
237184
306069
386326
156559
169895
818994
705537
762877
70566
885497
191778
144272
344382
607636
287694
537985
211892
535529
386326
764314
953591
705537
619935
189670
437440
730227
146596
425310
595085
198710
358500
48358
180086
56650
888777
663087
879371
638975
11279
846744
366076
241235
688377
506089
552540
207642
850919
200742
261656
831927
384231
456898
547434
775814
420473
410540
42098
173926
725678
83283
215167
428255
311402
556505
173713
205053
983704
680102
39165
947587
172736
473973
12973
236161
589256
671773
177843
137469
736849
957580
116342
316438
461214
803077
14837
578008
324328
418365
652569
164753
526374
480017
406655
873470
382543
983403
819236
579672
281548
449144
357049
153919
485560
724933
320723
228248
617088
825440
119437
709929
859947
35022
67837
652474
307687
34716
17774
945657
412449
341385
631744
505533
435069
285334
530994
604612
78833
539613
538339
185825
819663
368903
12400
256808
56099
575761
373159
224947
847372
133691
848910
156817
312232
765596
709106
977425
334730
695763
173837
77067
303071
124576
755809
465902
200548
434135
779603
900037
702967
157642
64438
779376
421378
586554
981451
785368
349522
778491
982768
783933
751972
146596
704734
621909
363249
341050
390504
948849
199300
940094
965820
881524
487826
38294
257801
213096
843535
212796
255587
953474
757244
435669
306940
778491
471170
964687
683348
743726
401962
156449
107742
531930
757922
780400
470808
575776
460174
426358
646150
856469
374138
819946
99605
516802
488317
857094
116939
672255
42678
172248
695461
671776
454688
206579
136438
796074
345241
384231
788384
485635
816419
799849
680711
489995
809710
446352
786843
105284
481749
967642
519260
768328
544813
412602
834464
331403
469736
640848
311573
800140
93250
668821
514472
410670
981839
995744
269951
311181
492005
109876
490418
210550
84606
966438
626935
776515
718579
530393
157050
14437
99235
26012
472540
9163
723375
966542
342635
884682
50883
756838
156821
649637
493294
383597
810486
5282
600343
752307
352924
851682
723375
906554
714217
206541
892336
596624
50445
528592
219262
644496
773944
522098
795671
718482
240313
773293
104307
569615
46748
728356
796074
96997
812987
89878
215344
759019
549850
155116
723747
222742
826153
205838
317862
130969
451452
973224
258051
689850
109218
269090
279270
434747
415128
53616
511718
39165
377720
629317
315535
888715
251347
375280
14316
440887
16014
778483
198830
282129
723799
146966
46183
109569
793445
566605
854427
425153
381100
637804
682712
368874
842245
73010
264688
126142
258344
508887
988431
510349
560970
350365
492855
718670
661402
189658
156730
632961
332810
437440
956146
534017
715568
470771
171961
440223
338551
970616
117695
212972
990505
328963
541474
329047
728060
985615
341462
769340
236456
814555
932462
783568
224268
668666
379495
569680
585813
928628
9163
720772
795413
178742
92981
671773
289281
409212
744601
743251
224320
31916
882391
368947
761329
373159
