509900
974751
106242
521684
538394
718364
332475
876425
829127
157312
453349
281398
246714
440566
176702
838340
605992
824482
473148
116770
641367
423514
63689
151763
23730
273578
834383
681168
809677
401598
465460
909359
826409
301832
333743
93785
477872
150286
49738
841114
351111
205742
55174
474270
518418
490439
317556
904807
126780
484691
26787
994819
998252
563235
136582
788906
144536
301531
874521
26012
430298
960112
817282
447247
509060
957234
388437
279758
66539
391025
778411
793355
241067
681168
948779
65312
161260
180965
225381
394561
797808
400098
229579
681546
566504
824412
11655
541304
826409
214024
645184
147997
752414
389868
187987
444154
540716
450664
826409
474552
334437
423469
749709
626625
792080
571769
813477
239793
136814
264046
951571
520367
18420
308472
154497
718579
232185
812201
358935
410683
189356
5095
701172
328077
837721
812540
783985
117522
741222
503940
129196
187967
18259
927185
165829
419968
631773
800982
41903
444328
971070
742801
620728
360081
310111
20064
555339
39987
161260
639553
427523
122605
919726
511843
901677
264420
600042
271062
494725
919577
717806
199449
665848
245662
716143
63312
160588
512360
811847
524741
570139
826028
570139
106662
861687
739971
576379
437926
546993
745646
67406
828569
221279
49284
442960
98385
756861
481952
807819
23506
280074
801274
29017
272513
64788
418008
52316
425862
894030
540268
983451
605930
269829
255673
984635
476505
967740
646018
374047
377642
574170
202529
597741
104819
107693
218307
376535
879003
738510
484805
532395
310821
676370
13641
752679
834655
608252
476681
778914
957746
41580
947951
650932
222021
338361
247099
55837
871576
661242
238347
147077
182729
920716
156105
395098
357588
595196
669621
867914
570139
583566
457826
420217
811011
913648
170326
951574
669504
773648
290120
699963
158653
538394
2426
563534
154497
389852
699515
934274
473469
775947
466161
928858
8516
648746
704173
809277
626620
429751
894059
211220
763397
610156
859666
226658
79600
970856
845063
770459
666764
418176
925012
577652
885077
428687
306646
574373
526454
651707
964012
509942
534697
775763
361315
535395
78245
512521
149632
701172
998735
706624
439910
541870
242237
14782
461392
99362
17540
711154
307248
380488
983020
247688
936376
73155
799753
605053
939224
259421
681546
137668
66993
297760
33381
31057
282058
945247
700105
113692
4376
307238
564913
41137
136036
200371
122996
828418
481402
895973
400098
387826
643990
4376
61945
725399
155675
551096
43875
525115
499902
632265
1037
905215
709871
249046
891056
262604
407607
621425
526252
689847
128402
70935
253751
347349
595625
534822
211226
212631
919577
407476
129949
713144
916794
266537
730846
578151
26985
715644
135097
638395
33890
625303
901055
700948
394701
151992
464429
673929
231970
605265
955351
551578
317978
13641
230516
445301
801183
207071
187390
833030
427301
745264
562675
789189
466161
455631
310050
693022
778411
968409
290155
794841
597852
132980
713977
449816
849930
53599
572564
335029
387241
311181
652058
18420
825591
187700
632981
148292
946530
775738
492384
826028
143167
716143
198204
450430
102712
455444
836833
402855
821910
810339
160413
973485
754500
521431
155681
608958
856943
503403
358811
416888
93044
757856
484805
886392
975703
539815
247603
327783
898869
913957
749071
876425
991325
461392
34014
632981
103164
429166
716190
272633
241735
156352
912874
500433
18372
610947
834383
351237
99520
736175
670033
806141
406996
729366
984633
120770
684176
282765
77574
719006
597741
63050
587897
407693
433031
178819
557785
583405
774967
878858
649400
785341
417801
324685
592511
285334
925012
763704
757866
997910
813151
580226
931610
567824
171579
514030
206581
389161
270274
53354
724332
166597
734119
516924
766187
816103
932632
125648
925200
919601
450664
391848
682432
486693
888276
104819
175147
403975
247688
466499
809078
990237
241735
839545
818519
693806
530445
407584
650664
636685
434600
930013
521672
836833
942982
571199
179779
309205
22950
95989
662175
516272
992981
182917
847037
961270
741723
805537
898882
920716
610997
799753
351111
159575
885497
711155
144272
733630
607636
529242
537985
660199
558680
805537
414480
403975
799753
674601
262011
437440
260705
201745
373530
446010
103138
358500
48358
251604
883771
77602
763889
783172
45975
539815
846744
486693
423529
882469
580418
400098
607892
850919
763577
657533
869177
334669
919601
71349
775814
115642
410540
947581
623014
725678
246613
230672
859275
237366
640450
398237
353214
19365
105759
358001
475051
172736
473973
496007
770
639434
420107
921760
137469
139522
755742
980718
316438
350774
695956
14837
578008
719006
418365
593914
622501
819002
926570
445154
873470
245662
461924
819236
361179
20577
449144
635931
418110
978942
491286
901807
93409
806097
695608
453349
548374
400355
344599
406133
652474
324515
592916
972422
790552
848819
503907
66078
915899
39946
285334
925950
604612
341168
796886
163533
47734
40481
420217
12400
878800
631709
419392
431757
934267
206295
133691
816103
736266
312232
915292
76474
489641
407841
411048
776192
563452
684990
985612
647602
812657
702392
24264
290425
900037
921945
557800
287535
779376
214281
586554
400726
785368
524356
164726
920536
783933
814451
201745
227708
186632
782049
742788
390504
924680
199300
125705
224727
881524
991588
38294
551035
891406
843535
212796
390750
953474
893257
435669
479955
164726
471170
459898
493810
898206
716608
662931
107742
240100
780037
703830
300017
261765
662296
561202
805237
304945
962356
266558
388448
738208
900010
451042
936784
703728
501592
273888
268745
660760
45955
211878
133259
274679
321354
334669
530270
784085
816419
761277
680711
489995
915448
446352
877140
99520
841536
967642
499855
352549
22534
147997
834464
165636
649814
640848
198747
298310
161402
656994
129514
399498
981839
69219
687604
311181
854811
630674
859159
793296
880968
613211
877184
776515
718579
488220
157050
743136
396426
26012
464138
870275
715783
941072
634910
771511
772686
809363
437139
649637
493294
383597
733989
130131
69198
535671
352924
659247
715783
217568
765093
266088
541894
853858
487338
188496
579251
798963
970091
933292
788804
718482
191978
912032
378458
569615
32595
496101
274679
234215
798993
51750
667221
457826
549850
23506
496919
222742
374175
944029
379914
171815
451452
945247
833585
372118
110719
269090
393911
978568
622199
747142
751615
358001
340626
629317
508585
635085
251347
861796
14316
754875
16014
848329
273342
288378
807185
634974
478318
109569
568246
55837
22151
78216
163865
126917
318579
684052
481146
73010
264688
893889
146591
806141
554471
611420
496915
725458
492855
7299
741727
808857
752785
632961
411110
437440
645367
933455
715568
745773
941805
403820
419194
970616
291539
895218
136582
481465
416721
53567
385352
615738
341462
769340
236456
297449
253740
662436
658386
668666
928786
728165
963745
368628
870275
720772
929818
935676
748794
420107
18372
409212
489957
539830
994597
459326
973352
218435
894059
431757
