250058
270071
358329
709019
411581
447300
569123
75443
842910
117700
141490
647297
712130
627297
125615
629805
635965
671160
941118
899863
463104
807614
365899
949503
911389
758129
360595
105883
358930
434450
11471
888712
499313
360825
734420
380305
576541
822189
950427
884588
818662
645317
124172
584760
8491
314228
275447
955453
892773
700438
836977
183748
32823
179948
757014
853823
81648
649446
395439
6127
648148
63559
586734
971556
843902
373053
56615
791535
411314
827028
18387
360579
232047
614613
735368
82999
66022
564531
15453
667245
252645
57828
134130
173176
863448
804438
532176
913528
730354
971679
834338
316587
624314
471441
314733
11369
331310
854047
491116
603555
959033
288676
443867
267335
786717
580891
255670
62143
593732
121686
458154
970839
86207
759518
597365
587172
711639
886580
417437
405893
690197
594587
116428
732715
681644
312648
8236
29350
272309
430055
480802
215696
654029
461652
442166
230753
67085
766409
259542
77365
374481
783987
394015
411796
251555
174715
896188
480962
795939
911389
920830
185032
678405
382882
975971
816086
74848
553318
862816
879170
126100
952060
780330
941164
999852
495296
749444
864694
186239
711377
269664
774723
476685
973653
762226
477139
308583
119301
430428
396762
932069
617154
955804
574055
884007
206720
846293
818331
551091
587103
748167
495296
576058
690566
598151
629918
318922
379000
294300
91572
508190
221707
949850
10551
755777
545844
783199
20433
360139
709193
856714
903257
942906
209017
126486
519264
954651
659851
477780
52036
914717
344766
240686
842084
9718
30080
903981
865885
65950
731517
814222
922456
410507
453195
752097
149329
379967
663233
30912
183629
551256
99297
126123
272734
762282
301275
69843
256787
598148
974073
714971
86816
523447
85746
750998
313986
627719
291933
6637
733896
18901
326063
582277
821798
257665
540394
943143
910420
906466
106080
134065
196761
251555
394122
974721
74978
263566
533613
343216
511878
37732
295333
611173
814849
299444
1437
835278
664455
927919
921440
26375
177960
495825
683851
936528
115912
572967
625382
594146
88439
158023
637099
637516
303559
716823
611771
218117
265561
272323
805464
787408
963142
795398
29520
468397
343985
600084
519426
296648
58437
689852
284017
211745
445194
500556
703720
827223
957498
400556
985662
881787
633008
355523
277646
274554
6091
713953
836601
760162
383524
957165
859427
358329
203990
861777
402537
272309
609522
630745
840063
974486
972763
65893
315881
718405
339632
329565
50508
609436
162300
213272
581623
671409
594550
734375
530349
402719
415089
665748
96634
147822
259857
465973
589356
172686
656249
2712
102611
328155
987718
729750
110478
218482
446564
39467
518978
906883
391142
899949
708385
322256
905275
371623
879970
89763
133695
471131
454394
411172
101733
713306
381833
786867
592770
835559
717276
623331
339653
774484
326446
559131
178943
457530
182787
445194
542420
803980
118698
814638
447768
768285
585661
551787
573661
139145
492162
948172
817851
94025
446562
317858
22372
802469
852565
721562
148601
120265
511549
613871
583678
394499
563876
846513
283506
290845
563838
840955
322285
116463
772312
795675
736395
230234
846682
179623
383110
584760
265152
793260
17489
294956
446288
701788
559038
672874
370732
151565
166496
820116
390064
715137
602452
141152
156985
478661
751150
172064
708184
917454
83413
551165
678115
630866
616191
567153
598044
625382
688122
199315
76786
552995
649458
153331
416662
186574
116500
210918
522806
859918
612546
404147
317527
108457
97324
79794
136269
899436
326813
245418
708847
311567
134862
77407
523342
837482
262755
435347
165645
179948
414191
830546
502364
218482
637260
836357
457209
635379
724201
470268
134878
687236
774157
534714
834424
148865
509534
150874
859327
962084
198717
933556
793230
937877
170842
747766
345523
516092
25598
427579
491599
143648
224005
373581
401384
337810
702002
514000
512309
976746
306818
45202
45795
375461
202663
678451
350180
207136
488730
380723
881891
163617
497599
487209
87514
363572
837175
325250
687784
859855
979101
353007
548974
303262
141388
507502
981443
122234
447939
356981
687725
716939
661190
874641
74846
14230
98804
800222
322450
845400
453086
781789
298558
596200
493433
500875
482996
553411
394146
383014
98340
880276
671818
407653
202417
981709
530349
689852
830705
17193
244089
772101
397685
332949
395964
632210
564830
497246
856306
812420
700147
972958
216814
405401
892279
98125
595000
593510
704175
480296
19814
467604
939841
201902
244662
135860
810870
835586
183542
119552
393215
611903
305697
196338
493232
96664
769381
618206
98261
825639
211812
671438
547763
267921
949001
974659
790702
244879
642778
500744
595874
684747
71688
951071
837830
668006
807502
817813
285967
104863
624314
211950
89667
959198
211667
681268
867320
716916
183070
988809
24112
50079
955149
869650
152860
863313
784657
808105
559131
347149
802332
119835
931563
144022
235987
198833
867454
426283
162716
223026
296415
123120
836943
444926
604979
423141
507502
682110
807964
869915
165326
361217
783199
624635
783174
174715
108960
920998
801974
974109
88424
300616
311424
332151
721033
710900
235761
377580
166150
43627
470268
707542
646698
14612
846076
372850
445142
440503
479179
782288
57828
641771
510248
517977
926696
795939
546703
524594
851650
607972
427250
228005
836864
856005
784657
768710
380305
755506
542034
548631
758129
974214
667480
998270
970449
386818
783199
597777
679896
608200
548450
816804
992787
366277
718130
7405
558870
773426
522731
554618
238026
119743
243497
292949
151403
883017
868422
457
79638
495677
344020
199391
436620
114153
784583
828408
480481
903603
483176
224878
414197
268286
558082
56924
721580
844695
294958
639696
780449
631192
397643
129275
195430
602452
172295
626903
702706
809072
329716
80391
576541
845400
56924
36106
238007
675529
45764
415407
718465
311048
536193
225304
981913
698386
635317
985172
370256
159543
611173
817700
938697
590868
293948
555298
480058
16757
125227
778049
643385
726424
340937
188196
207620
534700
523344
165326
796119
22393
139145
997148
682398
848358
581623
825263
973831
418833
56305
556397
349241
144821
336914
711377
930062
139303
504537
467037
940885
821930
607965
820116
911121
739252
88382
589557
539045
108290
615256
148867
629992
664549
458154
496213
514817
319439
599802
466226
926153
368541
491116
846921
277921
979765
442244
78075
160126
265801
839257
272734
655824
28155
801876
850062
80050
619178
681791
353683
28230
405755
98986
9216
510735
594550
645776
213558
761665
669278
341786
203227
838512
588890
513947
999831
563005
27794
136161
206671
425514
325963
712141
514335
613290
878743
495275
848855
411239
767669
709393
838474
607050
841830
166150
951010
369753
976635
603589
59862
379145
601217
520533
388763
155386
305317
670191
592770
978989
549668
416869
219266
504749
331877
633887
591144
163326
234506
880028
700723
434341
865685
831032
221099
421869
249302
147822
108290
576353
264662
652408
818037
680886
73944
154610
