250058
220718
358329
729720
817558
300958
569123
75443
252682
117700
141490
850564
712130
627297
125615
629805
77465
671160
201138
727137
463104
807614
864490
910356
575598
758129
655903
105883
358930
427166
11471
888712
126657
265138
584361
380305
576541
858459
176778
884588
818662
548360
124172
148053
8491
314228
285363
955453
338411
700438
385937
183748
32823
179948
757014
853823
507623
649446
395439
6127
648148
856300
644653
928760
72573
326409
56615
791535
632772
827028
18387
699663
690934
614613
735368
203783
66022
564531
15453
667245
722286
57828
134130
173176
503227
804438
532176
906436
14315
596114
766242
316587
999661
471441
368914
11369
589915
497522
491116
560458
609844
288676
416094
267335
786717
580891
255670
62143
593732
121686
20187
970839
318260
759518
395345
745962
782950
85262
462917
460103
592684
473101
830549
196393
209184
312648
717229
280667
272309
214970
480802
215696
33004
461652
442166
705346
67085
766409
259542
77365
374481
355831
654404
510388
1196
174715
896188
145817
795939
911389
920830
825533
678405
382882
975971
316172
212882
553318
600681
690265
498793
952060
584276
941164
999852
952246
730192
864694
186239
711377
269664
774723
476685
713346
762226
696515
165533
975145
430428
118698
932069
617154
971902
857263
709301
743442
873698
818331
551091
587103
243311
952246
576058
295636
598151
629918
894875
379000
100397
91572
919608
156631
672859
72502
755777
545844
783199
20433
360139
709193
856714
482940
557240
909202
824567
978262
954651
659851
935296
52036
775407
61766
240686
842084
9718
458232
311120
819014
166813
581203
583442
157800
355906
453195
896289
961943
379967
289046
162858
621201
551256
99297
126123
847220
518486
301275
412245
256787
306004
314533
142813
86816
451187
602375
750998
313986
627719
62665
6637
148001
196496
478303
582277
821798
257665
540394
884137
951425
139572
222651
134065
8534
453689
381374
974721
74978
589915
279173
343216
511878
37732
295333
611173
814849
299444
1437
835278
301533
927919
157257
26375
177960
495825
683851
936528
406918
501190
625382
594146
88439
169893
637099
637516
460379
716823
601462
475242
149208
272323
613203
787408
199266
795398
986303
220111
343985
600084
261886
296648
616236
689852
284017
211745
574713
500556
703720
645301
918345
980841
139787
881787
451975
406314
277646
324506
6091
154717
836601
760162
383524
957165
859427
358329
203990
861777
54591
272309
609522
407287
840063
222271
972763
65893
315881
718405
894578
329565
553496
609436
162300
213272
581623
148756
594550
734375
399123
402719
415089
173129
866451
147822
259857
290587
589356
819195
656249
227784
178580
934627
987718
729750
328054
518726
446564
39467
518978
875535
654896
899949
667110
322256
905275
371623
879970
287494
844749
965338
454394
411172
101733
713306
381833
565487
995228
252426
191735
623331
339653
762646
326446
559131
83732
749993
182787
696554
287173
803980
500058
714910
447768
589972
585661
551787
573661
293908
492162
668790
817851
94025
474544
317858
648428
86816
871860
721562
148601
120265
511549
770153
583678
911699
563876
846513
300206
290845
29511
840955
322285
689297
479163
623692
736395
193922
957683
179623
383110
148053
59855
471758
17489
7905
446288
164580
967690
336718
975219
200003
355756
469478
390064
715137
602452
978793
858155
615941
487348
172064
539749
917454
83413
551165
898331
553788
836509
567153
598044
625382
745154
622907
961424
767693
649458
153331
416662
186574
233260
511396
214722
859918
612546
138740
317527
188655
97324
79794
701890
610150
708509
461285
708847
311567
155543
77407
523342
192757
262755
435347
20563
161594
414191
830546
350752
518726
637260
836357
496375
635379
2387
21539
134878
718131
97880
534714
834424
148865
232335
150874
859327
521796
198717
401226
793230
937877
170842
551109
345523
306330
25598
427579
751580
571433
224005
84621
401384
916420
306759
968060
551736
332501
306818
386166
45795
533897
202663
678451
802347
207136
602935
577624
244968
274502
497599
487209
155237
363572
480543
325250
322110
859855
128076
353007
548974
303262
271687
507502
318241
122234
642015
356981
407049
842878
897749
874641
664181
780721
125769
832819
322450
845400
898726
781789
49810
596200
493433
500875
17606
690020
394146
383014
98340
417381
671818
380880
614492
981709
399123
689852
831523
17193
199553
772101
339211
332949
395964
625016
564830
497246
252088
812420
111994
324314
216814
405401
892279
98125
595000
593510
704175
480296
311353
467604
939841
194574
491691
135860
810870
835586
183542
119552
393215
611903
305697
343370
493232
592965
54342
934064
68116
825639
754301
671438
547763
487137
77869
7835
709566
549731
642778
500744
595874
561896
71688
717754
837830
668006
807502
702479
285967
104863
999661
94981
737479
397103
211667
698899
867320
435982
519650
988809
24112
50079
955149
869650
958995
863313
985071
808105
559131
389530
333963
971488
931563
139572
924004
947164
486436
426283
847946
223026
296415
697013
836943
444926
604979
655363
468966
382832
807964
869915
165326
361217
783199
624635
166813
174715
108960
920998
801974
698960
349287
300616
311424
332151
721033
710900
547425
513352
568115
43627
21539
707542
613070
14612
846076
856588
769310
440503
479179
494338
57828
641771
165245
517977
233122
795939
546703
164
742016
683833
59040
228005
94645
856005
985071
768710
53691
668316
133824
548631
714733
974214
817224
998270
225122
386818
783199
597777
679896
199483
271687
816804
992787
366277
718130
725422
558870
773426
522731
554618
835227
119743
243497
61333
151403
883017
604093
457
79638
495677
893715
170040
436620
935249
349620
828408
476309
372913
483176
224878
414197
268286
558082
597743
721580
844695
513508
374913
780449
222929
397643
129275
984631
602452
581618
626903
702706
362611
329716
693952
576541
845400
597743
36106
715471
675529
45764
415407
345068
311048
536193
77642
981913
634713
635317
985172
734447
159543
611173
231825
130088
879532
114327
838427
236312
16757
125227
778049
643385
726424
340937
881374
207620
534700
523344
165326
796119
22393
293908
997148
682398
848358
581623
421881
134688
462260
56305
556397
349241
144821
336914
711377
621901
161215
823347
867517
940885
156192
682757
861831
215239
845915
88382
343653
539045
717174
615256
148867
629992
664549
627915
331386
514817
874527
228315
450630
377248
605828
958723
846921
277921
193067
643334
912503
939583
265801
697984
847220
426697
842240
632034
898340
886787
619178
252999
149853
28230
34140
283307
791169
506751
594550
645776
267120
2158
669278
341786
203227
838512
574158
357111
318094
563005
27794
136161
206671
929026
730096
712141
514335
175737
154717
495275
848855
28683
767669
709393
838474
680340
876107
568115
489406
84551
976635
603589
59862
403129
869887
520533
388763
155386
173363
899579
995228
978989
291251
45079
219266
504749
331877
633887
591144
163326
314370
880028
696299
434341
848358
831032
663789
421869
592634
147822
717174
331740
264662
652408
766637
680886
73944
47697
