346452
220718
358329
729720
817558
300958
569123
75443
252682
117700
141490
460066
712130
627297
125615
629805
385827
671160
201138
727137
463104
807614
490108
910356
575598
714733
655903
105883
358930
284504
11471
269214
126657
891715
869542
380305
576541
858459
176778
884588
362657
548360
124172
888039
8491
353195
989568
955453
338411
414922
385937
183748
32823
179948
757014
853823
507623
649446
395439
611983
974732
856300
644653
928760
72573
326409
56615
791535
632772
827028
18387
699663
690934
614613
735368
203783
66022
564531
15453
910950
722286
57828
134130
173176
503227
804438
532176
906436
14315
596114
123940
412513
999661
471441
812155
11369
589915
126352
371880
560458
609844
288676
416094
267335
786717
474946
255670
157001
593732
121686
20187
434798
318260
759518
446679
745962
782950
85262
462917
496034
592684
473101
830549
196393
209184
312648
717229
280667
528260
214970
480802
208357
33004
461652
442166
558892
67085
766409
259542
77365
573602
736966
654404
510388
1196
174715
896188
145817
795939
911389
920830
825533
678405
382882
975971
316172
212882
553318
600681
397046
498793
954798
402650
941164
474837
952246
730192
864694
311168
711377
269664
774723
476685
713346
762226
696515
165533
975145
622020
14389
932069
617154
971902
857263
624212
743442
745300
818331
551091
450521
243311
952246
576058
295636
878040
629918
894875
379000
100397
91572
174389
855900
672859
203960
755777
545844
805843
343503
360139
709193
151958
482940
557240
909202
824567
525033
391212
900230
882265
52036
276649
899405
240686
842084
9718
458232
268114
819014
795896
641962
583442
157800
355906
453195
896289
961943
379967
154256
437798
259324
551256
862481
126123
847220
457275
301275
37678
256787
306004
314533
212026
86816
451187
602375
750998
313986
627719
62665
210941
148001
196496
478303
80898
821798
503809
540394
884137
951425
26991
222651
134065
8534
453689
381374
974721
74978
589915
279173
343216
511878
37732
295333
591360
814849
299444
1437
835278
301533
366506
593561
26375
177960
495825
683851
936528
406918
944490
625382
594146
88439
169893
637099
637516
460379
716823
601462
475242
149208
272323
613203
787408
166198
795398
986303
220111
35040
600084
261886
296648
616236
689852
284017
211745
574713
500556
703720
645301
918345
980841
139787
881787
451975
406314
658763
324506
6091
439977
836601
760162
383524
242139
859427
863997
203990
861777
54591
528260
609522
407287
840063
222271
881965
65893
520261
718405
894578
329565
553496
609436
162300
213272
56473
148756
594550
734375
837930
51223
415089
173129
728104
147822
259857
290587
331172
678405
656249
227784
178580
934627
987718
729750
328054
518726
446564
39467
518978
875535
654896
899949
220541
322256
905275
371623
182068
287494
844749
965338
454394
411172
101733
713306
381833
565487
995228
830958
191735
623331
339653
822893
326446
559131
83732
749993
182787
696554
287173
803980
172518
714910
447768
589972
585661
551787
438929
293908
39687
493553
993238
94025
474544
317858
648428
86816
871860
721562
575915
120265
611542
770153
583678
911699
563876
587165
300206
290845
29511
403544
322285
689297
780427
623692
906895
193922
957683
179623
383110
148053
59855
471758
629785
7905
908649
164580
967690
163107
237545
200003
355756
861831
390064
715137
571250
650284
138374
216552
345737
172064
539749
831326
749061
551165
389850
553788
836509
567153
682937
625382
745154
848926
961424
767693
649458
153331
416662
186574
233260
511396
999091
889009
612546
810853
317527
188655
97324
79794
972872
610150
708509
461285
226025
311567
582209
905758
523342
752970
262755
435347
86507
161594
414191
830546
350752
663054
881562
836357
496375
366565
2387
21539
134878
97880
97880
534714
834424
148865
232335
150874
859327
215722
18782
401226
45620
937877
862353
497060
345523
306330
339742
427579
751580
740382
224005
179533
401384
916420
306759
968060
551736
332501
827998
386166
45795
533897
202663
678451
802347
207136
602935
577624
908079
274502
497599
487209
155237
363572
480543
325250
669511
859855
488839
353007
548974
303262
271687
507502
994741
122234
642015
356981
407049
842878
935930
874641
664181
780721
125769
832819
322450
845400
898726
781789
49810
865619
493433
950043
17606
976756
394146
347440
98340
417381
671818
380880
614492
229520
837930
689852
831523
821881
199553
772101
525457
332949
395964
625016
921305
497246
252088
812420
111994
324314
5524
405401
892279
326698
595000
593510
704175
480296
311353
467604
459638
194574
290447
228690
810870
171398
87974
119552
393215
611903
305697
75026
885368
592965
54342
934064
68116
729703
754301
671438
547763
614427
77869
7835
709566
549731
642778
500744
595874
561896
71688
76643
563978
668006
807502
702479
285967
104863
999661
94981
737479
397103
313830
698899
412768
799846
519650
988809
24112
50079
955149
869650
958995
916046
985071
808105
559131
389530
984341
971488
931563
139572
807
947164
486436
426283
847946
61860
296415
697013
836943
444926
486901
655363
468966
382832
807964
869915
165326
838155
783199
624635
795896
174715
108960
434935
801974
698960
349287
300616
311424
332151
285049
710900
547425
216317
568115
43627
21539
707542
613070
14612
810558
856588
769310
440503
479179
462602
57828
641771
165245
517977
233122
795939
627007
903783
559918
593334
694468
228005
75853
78905
985071
768710
53691
488753
173539
548631
714733
974214
817224
998270
225122
386818
805843
244099
607692
199483
271687
816804
992787
366277
718130
994235
7690
773426
71834
554618
94001
119743
243497
61333
151403
883017
604093
457
79638
321757
893715
170040
851985
935249
667164
828408
476309
372913
483176
224878
414197
268286
840435
597743
721580
844695
513508
374913
607211
222929
681509
129275
984631
602452
665901
626903
702706
362611
329716
693952
576541
845400
597743
36106
715471
675529
45764
415407
345068
311048
536193
933141
981913
634713
635317
985172
734447
159543
591360
231825
130088
879532
114327
838427
236312
16757
316036
778049
643385
726424
340937
119424
68242
848331
523344
165326
796119
22393
293908
997148
682398
848358
56473
421881
134688
462260
56305
601585
349241
144821
336914
711377
621901
161215
823347
867517
940885
156192
682757
861831
12671
845915
88382
692748
539045
717174
250089
148867
629992
664549
627915
331386
514817
885575
419640
450630
377248
605828
635714
846921
277921
193067
643334
912503
939583
265801
697984
847220
426697
842240
893110
898340
886787
619178
252999
149853
28230
34140
283307
791169
506751
26089
645776
267120
17245
731394
341786
203227
838512
574158
658044
591843
563005
62257
136161
206671
929026
730096
712141
514335
175737
439977
495275
722302
28683
767669
709393
929078
129175
876107
568115
40024
84551
976635
603589
739169
403129
869887
452494
388763
319882
459638
899579
995228
978989
291251
45079
219266
504749
331877
633887
591144
163326
314370
880028
247095
434341
848358
920758
663789
421869
117946
147822
717174
517312
862869
652408
119518
680886
268766
47697
