40130
237321
863997
793738
655962
95947
249761
316485
381132
117700
709120
647297
285192
57740
486119
229030
499015
691768
115394
727137
463104
807614
482733
949503
509778
574308
451046
1928
358930
498242
754821
765668
238175
581420
584361
46828
417481
226532
176778
881853
433119
108318
205046
940006
557665
353195
370460
250897
900135
414922
836977
183748
13677
636535
767754
436502
494009
422239
160785
611983
229090
42031
24940
780320
962407
629855
291336
974379
632772
827028
13712
971447
389624
317667
53812
186786
445331
664645
24763
325211
163720
77352
338848
6927
404445
98113
303518
906436
14315
78072
139474
580801
664416
594566
802188
11369
30087
126352
371880
208863
332145
288676
361068
255468
828023
428162
758246
879849
593732
121686
390121
434798
318260
905278
570997
176273
980489
824115
462917
366606
592684
473101
830549
702943
209184
700532
636355
280667
528260
224839
743032
593984
913310
654064
862066
705346
67085
716673
70254
77365
573602
736966
387363
510388
19674
904685
896188
145817
847938
509778
920830
856522
678405
222499
552454
992316
746643
854160
862816
777796
354241
909245
679738
406568
999852
952246
730192
349811
186239
711377
269664
781078
723580
302960
762226
952603
165533
119301
534866
500058
561130
173274
812717
438929
27198
199341
745088
54734
551091
300133
289371
952246
576058
972397
923845
520166
327727
143733
923994
163382
682083
362781
672859
915744
755777
545844
303664
73332
220711
692794
151958
482940
715773
647798
126486
612307
593028
900230
872308
52036
774175
83542
250408
484649
646318
363826
123232
819014
630945
581203
769299
600787
576791
348217
515537
160338
436560
590062
907089
148116
551256
359704
492867
605152
473049
301275
412245
256787
525271
314533
212026
172339
523447
85746
224811
616859
853234
291933
447482
171032
899714
101791
683457
65190
503809
797941
115376
440111
636943
682851
720166
442947
19674
436210
470732
74978
30087
533613
343216
503027
873885
863660
49414
814849
992822
1437
835278
540180
381306
814304
996450
177960
26332
257759
421075
484399
765716
625382
173675
332875
138593
201412
464195
658692
163636
601462
475242
215220
272323
524892
468367
166198
882918
81517
901559
579743
600084
440049
895943
616236
642640
700502
460936
37993
500556
791056
846316
76310
400556
139787
859930
451975
400933
110670
266506
799330
713953
467109
98507
636947
857007
859427
863997
150137
317316
439816
528260
358108
882468
840063
750790
732546
65893
66574
736744
9672
679440
44285
531394
501511
765908
808325
482323
594550
734375
511261
684633
523517
860446
728104
496505
259857
290587
606141
678405
337039
53864
178580
747150
204565
471878
328054
518726
967501
975682
358424
560513
654896
424662
137194
266362
905275
45607
182068
287494
133695
374603
546473
624522
522967
424936
884373
565487
592770
252426
435086
410703
324414
822893
452098
476372
83732
846593
746403
37993
943588
476140
500058
981661
56814
107700
914983
348204
65151
293908
492162
639154
2558
94025
896799
831297
452292
172339
372586
220121
877023
120265
747825
502251
230440
865121
270770
481662
215352
630113
827107
840955
264428
767125
306369
824485
934192
399963
957683
349185
433750
940006
552012
271214
410687
7905
446288
164580
559038
163107
670772
644840
355756
374195
46809
715137
231739
650284
663381
29895
487348
565248
371385
471596
254079
949724
895009
826377
836509
903129
84917
625382
775710
954194
961424
417481
649458
772730
615191
186574
116500
591628
202624
889009
291374
603333
317527
318834
568849
594906
701890
707231
406537
245418
337947
579781
474305
344203
281562
192757
352664
106823
86507
396395
993770
782633
350752
518726
796156
446620
361415
635379
136666
794913
28391
519762
519762
712964
834424
289960
509534
252216
687544
305752
166766
295524
172412
908512
799218
400544
581018
624652
18281
974339
943776
117692
572344
84621
230404
916420
306759
949401
516418
430996
741527
402966
796345
72840
833587
678451
802347
831894
807288
20967
908079
823477
473719
325275
621920
503843
917923
768316
669511
859855
314136
211665
251473
672397
604302
899306
994741
953701
447939
684774
407049
755805
153586
563530
814756
29689
125769
281457
322450
881628
574698
230183
547351
596200
623788
420863
482996
976756
544258
307987
327521
417381
671818
380880
202417
809483
511261
642640
321785
821881
244089
184001
445964
53525
395964
625016
703207
96296
252088
254958
209725
646983
5524
405401
269970
603609
819978
593510
453454
939598
662682
467604
939841
237490
836457
135860
173782
835586
793870
556501
245452
531254
865003
75026
114359
222464
769381
186034
98261
492745
801115
465219
925441
69072
996860
221368
180501
193525
925584
653297
194335
851048
91827
95880
125160
71553
134457
961697
500063
706170
664416
104343
593494
397103
235847
698899
867320
733333
143436
682083
24112
730336
955149
316710
673652
404172
101856
937282
476372
65647
984341
119835
931563
636943
807
606327
525020
608242
720498
223026
252812
123120
302369
595143
9343
26859
899306
869924
806472
25087
165326
690629
303664
11956
630945
904685
773611
196806
396789
65274
621676
278605
230861
956910
860762
612307
547425
665764
720326
937537
794913
932249
103930
94025
174732
819403
637677
920263
985891
298535
77352
435642
952528
517977
718162
847938
645146
382420
469240
683833
694468
597039
75853
587924
101856
697843
46828
731812
294361
881035
574308
541181
190445
887163
225122
649687
303664
244099
607692
8048
604302
242884
377340
487825
573692
406015
558870
773426
44745
268400
94001
168632
638919
61333
94480
219062
604093
534800
990203
495677
574916
280395
851985
274933
297097
864488
476309
188814
483176
91445
414197
268286
844713
597743
21890
645382
157089
424194
780449
222929
654812
715336
195430
231739
326007
626903
702706
616051
298887
40101
417481
881628
597743
36106
238007
510089
122944
985335
345068
501911
956588
900144
265679
941025
929548
985172
891878
278729
49414
46953
360100
177187
527356
651856
700881
238652
515285
636706
643385
78806
352755
570368
68242
439436
523344
165326
647621
22393
293908
210178
458820
559578
808325
421881
973831
152653
730810
601585
746403
556960
113524
711377
475943
567481
532389
868993
73873
156192
508077
374195
520742
6943
627223
271619
131564
16872
815992
954674
567789
664549
390121
496213
599294
319439
959809
442182
192915
605828
371880
673
136473
228664
643334
603714
854163
265801
287185
605152
532109
842240
816922
898340
865686
619178
746924
475772
320264
523178
71468
9216
45319
594550
345453
769396
17245
731394
869822
309095
966473
204365
378711
109441
742603
62257
774131
529943
517013
572530
530820
167838
351985
713953
495275
722302
843797
133679
893169
929078
129175
477494
720326
163353
965563
976635
603589
818379
403129
377524
194689
28394
319882
939841
975679
592770
729953
291251
232165
448723
622346
331877
633887
993822
509534
387042
880028
911670
161328
559578
920758
441639
413829
786322
496505
16872
581932
132948
652408
948156
452472
73944
657212
