426120
503704
971617
18078
873721
223465
645000
740361
121021
39298
189538
777934
192439
339402
780891
569163
171197
992356
65151
441459
50530
180984
200724
287353
19359
410508
362303
181434
121156
803991
476216
193361
560744
490180
904981
467212
598597
390223
987107
56804
978299
446485
271235
889895
983253
556311
346457
76874
255065
865083
552327
812356
292176
527467
108845
895157
595663
758220
339491
641124
753000
496478
513350
259764
345951
482736
269858
502832
181184
703283
776015
166858
660974
963157
222135
670367
270519
318418
835634
652111
304804
103118
65277
130980
789732
191269
692114
347535
990993
738635
841005
253269
652691
230101
930206
274315
152371
464324
680302
169391
190000
95348
807487
165265
107106
779525
272415
798458
324882
843676
258762
640551
382063
507856
501936
713464
379038
777404
965695
548069
69755
848554
630447
275596
913447
392279
65488
129051
853971
202776
617320
280473
519256
891688
422126
336458
600395
527877
804671
814751
957864
107514
449211
44058
575702
57860
694034
649392
421770
412870
638489
895005
54395
854200
740249
826850
835149
137339
38279
221058
532046
821699
154968
32361
40367
637888
821224
798681
728097
56416
742000
908049
570209
606384
57687
270489
895170
607848
847007
511245
188533
918819
101970
543188
92259
865474
495710
168711
806334
993836
440492
442912
994911
497647
361422
796965
130088
702559
969127
371286
106302
847563
697587
32170
490490
104061
160739
17244
362552
254407
900178
35285
463852
104747
467117
671054
269610
915146
914752
365121
75136
725663
855752
265159
695588
870112
798393
761646
965695
399459
679706
665954
702791
507248
399459
757655
396364
993836
160653
134254
650554
683166
447530
606566
991295
556311
76411
750148
468888
106940
84356
350518
687195
74178
642272
456142
151253
848215
106063
252086
641898
637844
453583
160928
683673
227906
819594
147487
266377
565587
941569
894771
958535
640610
736353
202235
625218
116829
4179
857588
945712
84650
847809
749822
541765
242596
119102
407396
909111
171402
655537
905003
831589
138750
971109
964824
952328
280738
543
58511
724074
576104
410508
905468
389525
84321
188310
250415
377922
97268
211323
40367
954026
690777
357499
835715
724074
686573
179485
346890
861664
782556
354737
597429
715910
803521
565276
961548
261165
433002
38054
175861
950860
919852
907296
614171
475220
372572
617628
916472
722812
764276
946363
365121
418773
396870
411127
749301
484078
957329
766599
428612
813255
866047
853291
238855
730642
463852
808602
69127
214619
319966
141024
131170
935395
66466
740249
22637
801567
5365
28819
621175
70467
875669
370979
650133
64832
834617
683157
705415
867381
222374
623836
846826
90072
878944
80863
6567
860872
43231
666135
987942
775601
680990
754136
492915
971600
243358
638599
459722
941475
960327
630731
980784
320273
916650
92313
344544
753000
772303
258806
98448
811324
353218
952433
483895
400889
888968
316056
892137
321253
492025
623836
335440
48215
261606
249138
860079
340622
810031
233581
290694
752342
878499
513991
436117
793662
842161
546447
49671
499543
771591
675942
650609
956602
282345
831589
827834
804988
589895
513350
322432
534044
150139
406018
28552
697558
28012
633327
946695
67393
993836
156762
385397
687283
732153
622039
125390
75566
775421
146541
285249
1185
829203
106068
367837
803202
507856
143506
581109
137107
130188
941569
963750
145561
876179
549158
973532
29654
299532
461220
329724
553513
876553
372917
600158
609714
439879
428702
926141
445484
701814
289788
897890
979899
455805
842220
389458
700861
893538
723112
791870
212634
733879
774721
305429
276961
861639
331497
385424
625081
108091
853582
892654
109657
218431
993836
371206
99554
182386
554494
955354
551050
530066
426826
637215
944762
616937
138029
325193
831634
396647
177045
776492
810085
732955
386143
414502
133063
113348
130305
662694
828301
707444
15525
252388
379545
146550
19563
103189
829865
307544
171176
983839
706689
165827
290861
367202
373467
480816
514459
877104
277102
991268
818532
440367
189918
95857
880475
995586
434549
717426
670733
372232
608335
109846
702097
270634
514798
385239
895303
452046
85638
738044
874391
322692
736353
493503
63279
585051
685263
902782
182128
952598
280045
184050
577163
497410
208391
323434
782709
145063
507214
771081
443475
171197
942178
227670
402420
775069
343379
97404
331497
563937
956969
498420
564881
484279
362367
935395
832908
497694
650380
222292
699044
58485
91496
979329
52738
299610
763538
754827
203975
407369
533951
18560
415793
590227
583067
241339
759990
92703
21346
904670
507869
193027
824000
241612
888754
43777
914284
202235
369682
945122
598332
916389
499478
935746
427295
442607
496618
353469
773296
443357
896201
846196
463881
723997
184339
211323
144550
955307
678611
31808
877168
530353
571331
392365
875270
40077
218970
724074
89335
206562
737846
353876
494639
164794
77770
75255
497647
655612
345464
758220
462531
866634
364740
414901
595074
329724
983839
613727
458661
865474
58852
305322
831728
774036
805847
794608
469026
806641
85569
911330
98565
649660
67540
185766
804539
678665
925055
372917
984354
65277
495767
615703
908049
349480
928191
438853
939075
553076
695101
676253
340501
278289
17062
296444
305875
340249
27918
329074
624158
430427
740985
232167
217795
972350
542388
568998
771247
671108
823689
472835
354936
376880
26621
275765
244948
223248
281056
911792
554494
5188
203417
112318
460330
878657
502565
836018
767387
465876
478747
119102
668542
878278
345431
165235
297685
247871
602311
583756
2328
226954
852620
450165
171530
893498
306620
49660
84650
180046
928706
79636
93159
405459
842350
457322
578570
330200
461919
353469
568998
155406
940478
416974
109684
885421
501394
543669
123275
727399
318418
713329
854775
71282
228158
990206
251282
5927
66657
7661
117699
6307
116658
673271
92544
48385
240463
597768
971177
366397
878882
847359
806495
991554
20670
287702
969423
608335
853021
664021
558204
911800
924956
832940
873270
904981
274760
659348
652691
229975
724074
305130
476718
722044
187628
267101
99583
150126
410817
124185
129639
740379
398902
304562
445871
794940
525455
255021
515033
9959
763475
3870
455827
563340
356275
45891
923103
902471
200696
167738
186508
719204
748077
868846
170225
342877
443607
161485
40776
692106
271245
528790
39586
991430
121128
990680
326204
60166
999168
460951
295502
700009
341388
386930
17690
985725
983839
506496
500860
475080
671963
810031
375236
78571
103118
371286
904873
672362
5188
298066
288459
149386
273893
738324
401201
859485
671659
399953
497695
117925
873200
565690
510683
395782
262384
907389
991427
880294
56801
82447
671418
671659
977593
811398
149830
318174
668939
996493
738082
429916
207664
565706
776229
76328
771860
112152
171196
570070
689636
903045
251514
116432
70932
175623
226771
124489
825269
772362
22793
802806
881261
835699
92484
832608
394990
245624
28159
719553
117733
721790
720690
196194
911800
39298
263140
611563
249736
569680
