426120
781855
971617
18078
873721
223465
595524
859628
121021
39298
189538
777934
192439
339402
780891
569163
171197
992356
65151
441459
935845
180984
418963
287353
19359
842130
362303
181434
893963
803991
476216
193361
560744
490180
904981
467212
598597
390223
698818
316146
656361
446485
271235
889895
983253
556311
346457
76874
255065
608391
552327
812356
292176
947468
108845
895157
595663
580560
339491
641124
753000
496478
513350
259764
345951
482736
269858
502832
181184
703283
703382
166858
660974
963157
222135
670367
270519
318418
801354
652111
877443
103118
829898
130980
789732
191269
692114
347535
890880
738635
841005
253269
652691
230101
473581
274315
210354
464324
680302
410886
190000
412656
807487
165265
107106
607685
527594
798458
324882
843676
258762
640551
711133
855024
501936
713464
379038
78976
965695
548069
69755
707948
132975
275596
913447
392279
65488
129051
383183
202776
617320
280473
519256
547525
586967
336458
600395
527877
804671
814751
957864
107514
449211
365416
575702
57860
694034
649392
421770
3594
813083
618980
54395
760027
140798
826850
835149
137339
38279
715641
532046
821699
154968
32361
40367
41028
821224
798681
728097
56416
742000
522641
55839
606384
420959
270489
895170
607848
796098
511245
188533
918819
101970
239697
92259
865474
495710
168711
806334
993836
181337
5939
994911
497647
361422
796965
130088
702559
326400
371286
117601
847563
697587
32170
490490
104061
160739
87580
93372
254407
900178
612785
463852
468778
467117
914950
373616
915146
914752
365121
75136
145289
855752
424864
695588
189230
798316
761646
965695
399459
679706
665954
702791
183809
399459
757655
396364
993836
160653
616151
650554
683166
447530
606566
991295
556311
124644
425154
336253
106940
84356
350518
687195
74178
664764
456142
298047
848215
106063
252086
299442
403419
453583
160928
875215
227906
819594
147487
266377
835149
941569
894771
350085
640610
528427
138651
625218
235545
4179
857588
729070
84650
847809
749822
36134
242596
959816
407396
909111
171402
655537
807731
831589
138750
971109
321511
952328
280738
543
58511
385351
576104
842130
905468
467336
84321
885048
765925
377922
97268
211323
40367
954026
690777
963545
835715
278069
686573
434189
346890
861664
782556
354737
597429
627050
803521
565276
961548
261165
433002
38054
175861
950860
919852
907296
614171
475220
372572
617628
916472
722812
764276
946363
365121
418773
396870
495099
844483
484078
957329
766599
752002
813255
866047
853291
238855
730642
463852
792299
69127
886297
319966
141024
131170
935395
66466
140798
22637
801567
5365
474559
621175
70467
875669
370979
650133
64832
834617
683157
705415
640097
222374
65241
846826
90072
878944
80863
6567
573762
43231
666135
987942
582361
347034
754136
492915
609150
243358
63762
459722
941475
960327
630731
980784
320273
916650
92313
344544
753000
171349
258806
98448
811324
353218
127172
483895
400889
245151
316056
892137
321253
492025
65241
922784
48215
261606
249138
318382
219956
810031
233581
290694
90809
878499
513991
436117
793662
842161
546447
49671
499543
771591
675942
650609
956602
282345
831589
827834
804988
366790
513350
322432
534044
150139
406018
28552
909223
28012
633327
946695
997943
993836
156762
385397
687283
512178
622039
125390
75566
775421
185098
285249
1185
829203
106068
367837
803202
855024
143506
581109
137107
311170
941569
963750
145561
876179
549158
973532
29654
967406
211629
329724
553513
876553
372917
600158
609714
798738
428702
926141
445484
701814
844774
957194
979899
138029
842220
389458
125405
189665
426122
791870
212634
733879
774721
305429
276961
319956
331497
385424
625081
108091
853582
892654
109657
218431
993836
371206
99554
182386
554494
955354
551050
530066
426826
985824
944762
724909
138029
325193
702718
396647
177045
776492
810085
732955
386143
414502
133063
11291
130305
662694
828301
560717
667731
252388
694555
146550
361159
729506
829865
293421
171176
643599
706689
165827
290861
367202
373467
480816
514459
877104
277102
47091
639030
440367
48037
606240
92194
995586
759639
717426
917144
464149
177173
109846
702097
270634
514798
385239
895303
452046
85638
920395
874391
322692
528427
493503
63279
585051
748896
902782
182128
952598
138537
184050
577163
497410
208391
323434
487227
145063
266481
274761
443475
171197
374351
227670
586869
268279
343379
97404
331497
563937
956969
498420
488036
153334
362367
935395
832908
346840
650380
222292
699044
58485
91496
979329
482584
299610
763538
754827
203975
407369
715304
18560
415793
590227
583067
224357
759990
649350
34739
521070
507869
193027
192739
373845
76630
43777
914284
138651
369682
250137
598332
916389
499478
935746
427295
442607
151154
852389
773296
443357
896201
353764
463881
723997
184339
211323
144550
258153
678611
31808
877168
530353
571331
150777
137907
40077
218970
659289
89335
206562
737846
353876
494639
164794
77770
799550
497647
197856
345464
580560
362258
93899
364740
169423
715641
329724
643599
613727
458661
865474
58852
305322
673017
837770
619133
794608
748196
806641
85569
911330
98565
649660
67540
185766
804539
797674
925055
372917
388206
829898
495767
615703
522641
349480
928191
438853
939075
553076
695101
676253
795603
278289
17062
418656
605369
340249
27918
521325
380231
430427
740985
537296
217795
972350
542388
824086
771247
671108
300392
472835
675396
376880
26621
275765
244948
608632
281056
911792
554494
5188
203417
112318
460330
878657
502565
836018
463650
465876
478747
119102
925348
504769
492949
165235
297685
247871
602311
832599
147827
226954
399857
450165
171530
99673
306620
49660
190610
180046
928706
687787
99667
848133
842350
457322
578570
330200
461919
852389
824086
338120
940478
416974
342960
885421
501394
543669
289332
727399
318418
713329
854775
691379
228158
899258
251282
5927
66657
7661
117699
6307
116658
673271
92544
48385
240463
597768
971177
366397
878882
847359
806495
991554
657681
287702
969423
177173
981783
542761
17705
911800
203355
832940
873270
904981
274760
6953
652691
229975
280736
305130
510661
722044
770537
267101
601899
150126
410817
637366
373110
740379
398902
304562
445871
794940
414378
255021
515033
9959
673492
986582
455827
563340
208452
45891
923103
902471
200696
597722
111514
719204
748077
558578
170225
570042
443607
161485
304120
692106
271245
528790
39586
175522
355368
990680
326204
60166
999168
590226
295502
700009
341388
386930
17690
985725
643599
506496
935714
559340
671963
810031
375236
78571
103118
371286
904873
672362
5188
298066
288459
149386
273893
738324
401201
859485
671659
399953
497695
117925
873200
565690
975471
395782
262384
907389
991427
880294
56801
82447
671418
671659
343862
811398
740446
318174
668939
996493
738082
429916
207664
565706
776229
488017
771860
112152
171196
570070
689636
559718
138029
116432
70932
175623
226771
124489
825269
772362
22793
802806
865978
835699
92484
832608
754668
245624
28159
612013
117733
721790
720690
327120
911800
39298
263140
611563
249736
569680
