557147
510723
898587
551647
359972
434440
972310
432892
602640
559662
297861
388254
80958
591805
753798
242492
192103
819000
530275
465883
541077
570037
267307
179893
998383
991292
447403
755996
332099
803991
858734
704970
567478
204752
609595
849115
925129
693720
452087
240837
898587
153329
645159
603396
110592
128542
610275
440258
898984
125711
332986
227932
107841
642995
29006
863351
524430
252772
844650
14134
180996
90508
846188
260533
101919
740306
566703
556205
594866
861086
401833
702382
302107
508740
159232
674346
646966
37241
575128
688670
792369
900641
919274
547328
582258
366212
7997
976510
361423
997070
518532
918557
173295
314221
244532
445218
566354
603046
310078
288456
973220
432617
201502
521033
605822
718863
159860
954998
654122
829263
148404
565390
126624
169480
619943
979549
755335
769984
283562
113922
120564
430580
643943
704943
489412
803643
297867
932662
756766
332185
946767
118403
967415
737176
673477
648773
684742
106940
178301
620653
951090
717176
694198
97003
535995
3159
735536
645038
390923
987014
527969
941578
767059
28944
903138
905490
890020
930935
906749
914681
839016
757443
394227
582599
57002
560105
886351
788743
324618
798191
71785
166142
809480
909657
14509
8972
442613
433589
386293
736418
56076
100388
651075
809831
539427
982603
813833
419626
233097
208194
25071
880649
926530
714745
902730
796965
168392
180996
98563
64591
728056
389046
395734
802932
585470
145832
577800
138934
839591
776325
240502
852759
395881
668581
291526
753126
597923
324829
164444
819974
129241
346806
590176
538709
302655
113851
299657
668889
283562
581027
86228
248187
724817
292084
581027
285034
203645
521848
656646
634715
300583
907230
158715
966522
359023
128542
443442
778385
660686
203355
442643
223625
216130
824668
512460
469640
988497
466652
207740
542967
768390
125924
977042
927372
279043
295484
527794
629947
60464
712392
605256
181605
937973
755010
506760
952546
963205
239959
620450
727304
243576
472530
752517
965382
709740
249494
68666
898011
318943
987205
135228
698561
220244
294942
839051
300859
114409
314841
717666
771650
447627
691472
991292
246505
742429
322067
330455
620066
446619
528844
88294
57002
124661
845152
434278
874176
487593
743404
233610
522987
404710
562707
157244
980265
197021
391446
395165
471253
41805
841224
286074
681076
824958
235804
755264
329292
436245
388675
585624
498590
373168
130861
215079
819974
603693
136092
924115
196207
228053
190843
440065
277386
982663
946230
646966
137086
23818
395881
785751
655802
422879
244808
763012
202822
979255
66729
903138
97365
833190
872438
459751
755167
770930
108857
19744
411868
51024
975043
853795
300575
506009
982006
725420
179474
26914
875686
368893
801496
399105
309013
489218
823463
587533
841973
792564
428557
296248
925536
718725
602588
159393
137793
318072
264795
813624
899321
497922
515943
180996
376983
863794
670274
654881
184272
442197
822010
998299
885730
578500
331085
542771
558573
618606
520615
720809
443675
359090
988890
410715
687140
466652
48846
519984
862875
135405
730940
901349
754378
646924
717672
19795
345978
673429
451404
584237
341662
220244
306448
359988
508740
846188
437617
254258
225873
24821
332167
486077
154033
302887
222549
859756
671052
32523
343812
355880
510737
891559
879192
45155
761655
460655
174841
620532
51693
314841
74839
453361
169480
800484
758069
95103
669133
501401
903497
971289
205177
330455
841190
272612
966473
302485
468693
953286
912981
432439
690652
644081
108044
969134
164166
908018
368158
337375
620563
646621
268424
166830
362490
122756
179903
418903
251618
343221
909078
504338
300407
639794
363120
548280
34676
934857
332499
809395
595154
884848
750522
795363
206528
848
7530
164323
574937
204769
76001
652431
803291
703976
913640
566822
836013
416095
607566
644627
735491
347279
751702
465708
702397
737456
437060
668581
88743
610515
680928
135158
586080
624138
190207
710623
638703
181457
592195
465883
646922
945403
568323
344906
193765
624735
273540
87692
398329
300544
858311
414808
923897
2971
410770
496249
458348
988102
302101
618292
938740
50535
509113
220045
346077
398215
680461
579657
793754
338872
395729
593546
325421
745331
906839
707195
274762
515969
611636
792451
992935
344785
624815
753437
597246
48687
16724
716955
357192
586092
582273
903127
192103
696841
30069
108944
681505
791834
108066
548280
702590
765862
213158
402616
460374
485463
979255
582888
653287
833272
222292
6937
304367
275021
825393
840371
528511
423154
524835
744941
14746
127257
419482
602163
118574
733598
66154
529432
874762
86826
457875
309743
323051
724815
883616
729915
433310
721760
952546
443096
128542
453503
684708
202314
276354
60610
364469
665096
66372
909715
758382
490959
215800
373223
515994
82316
88294
948420
810424
424604
28367
556542
285948
575425
884975
921551
815047
729915
703180
435975
425810
221343
212006
483203
223625
7170
438589
714745
636332
656448
252772
640530
146180
642514
696160
591606
468693
646922
792812
462245
982603
613467
804276
213206
488327
569831
505310
31297
250148
482061
532865
136386
755696
539022
120814
435858
215904
754639
432439
263213
919274
924174
437060
166142
390410
487280
573077
282525
647775
149348
905937
776099
96535
878207
513829
453513
948084
289881
50700
795446
635750
832290
236113
240533
397687
167940
162126
734430
408307
320342
769984
154578
505332
460126
509838
916135
556874
303212
547208
164323
483966
985212
991889
212868
823128
439448
150832
738512
95773
888792
334144
950549
29006
210413
800846
725908
84678
475202
28146
687263
485137
391670
789583
5507
404194
659644
42879
318756
764773
361126
521070
45362
736058
120709
657299
135980
611956
531843
66372
162126
904126
174033
535279
484133
507736
166314
208411
417653
200104
37241
864980
600956
258648
282953
32122
525190
949043
677932
471985
854175
727180
561622
264224
81783
912042
816351
749773
132854
492979
627836
600491
604263
725127
46748
276280
969423
50535
734532
258990
77689
967667
25218
545328
728169
609595
204834
7704
173295
900601
437091
266690
542032
290994
148
116632
739270
934667
624680
953443
78976
56219
707174
50533
730447
21581
504951
244475
158969
96610
196972
340682
642849
528651
204801
573975
430196
782029
301245
231671
568657
790992
256776
441477
277314
544207
23853
754933
222549
284141
95214
426177
876648
386784
527792
362746
424315
966985
541118
305084
105210
149411
217980
751527
771957
968772
646922
278004
935714
234825
44748
687140
120709
250560
900641
64591
495786
823018
483966
878753
292289
327586
430120
842133
780428
205284
715764
730522
511383
491287
977145
2008
454847
340654
874768
90357
198121
179474
190699
751680
814576
715764
568345
31293
569098
807610
956331
708727
322259
546698
972691
724817
863319
755151
207770
473115
507786
117540
492166
572005
200685
593745
950401
474787
501886
200302
132514
306584
481136
246659
283141
281848
165119
105572
647141
898267
483546
29006
268937
969890
626580
132563
967667
559662
258971
676082
774290
934505
