738040
25531
136198
927830
756981
801164
559989
281138
542761
733037
141971
323715
381244
665345
949102
491203
765153
436845
800698
125409
777059
459886
530788
716578
893465
326376
787136
746741
542356
254559
513294
792328
61501
476
654523
763594
214384
357993
645413
202731
492562
156381
600028
309263
975967
140567
841567
621462
986560
422379
698228
960038
847251
512458
348831
689760
490955
357021
791488
42935
67766
71468
521282
724411
660426
234430
653574
974433
644039
885812
595712
802876
951379
539131
286648
934172
737876
112913
899817
668199
520540
628379
62303
209386
168005
546389
947800
690580
256736
793831
152656
205054
63201
408950
713558
232524
125620
947601
614476
909498
12883
206484
770453
931047
724450
367289
875363
297169
810510
43896
89448
88340
15239
127872
578047
969166
547454
644300
729238
124418
447081
321415
534033
444636
121182
658627
201873
50665
568977
118846
382053
384123
14547
738203
152752
707329
384369
756884
621800
630560
406362
819156
665843
471933
342417
299337
544052
88684
93950
128802
854158
397293
829596
267965
25798
303574
431362
703644
5807
96339
537045
725516
200441
46064
508393
429357
202423
419078
503657
865473
774589
59151
850753
346916
755102
665414
126105
727474
950521
728785
542886
801175
191643
192956
484935
19638
30521
586837
644498
446728
176823
546539
322340
173242
355836
768748
606770
600252
486741
431980
423101
682033
246340
375610
171745
876576
21310
513421
785747
857251
933654
697133
698269
561597
802687
831647
936439
768148
657035
718879
295599
543397
744236
852058
967833
609465
185049
94039
967795
54014
52934
962173
550948
210883
645339
716200
928901
504730
468154
527283
982606
347031
199267
990375
595503
715038
5938
233310
830738
700784
164423
628983
13581
577267
887653
375754
233191
356650
798950
663607
768310
137158
121137
824296
329031
475199
799350
775106
879988
358488
16085
484223
19875
500252
307034
237702
285944
556350
199960
889398
208345
160081
75427
526833
738530
937290
149363
626196
736894
841088
745747
706161
531392
8817
625851
81599
139326
703785
818991
825418
406375
328452
482378
477479
41565
968609
44933
49609
672234
466058
663606
191337
775882
951490
823714
141797
844297
570574
923624
220845
127008
502045
509683
633715
457546
464970
312530
88351
519010
345647
708965
459158
774863
234226
761068
308831
387169
627250
661068
134230
62784
862672
682401
141875
694351
329891
589017
705782
240031
179500
451496
753050
556124
669987
619825
185600
391376
497790
336618
343774
151890
275802
774892
869732
835370
267527
968296
662546
145954
340332
207199
272430
491976
306499
998338
92533
611228
202245
576002
359663
353203
294231
150891
810824
924003
998272
937218
252132
438433
155461
407844
963802
92242
664922
734450
478278
971577
784631
264271
755666
609894
4250
162431
842934
343653
541308
510429
635843
726413
595657
158488
688672
429475
43255
359776
562559
469067
564126
634830
620360
64350
340004
33386
58042
129797
754640
398040
550853
649078
383997
698377
324802
350250
525105
134023
593920
986721
13948
63485
623320
825793
489885
340467
105609
945286
477817
549427
977384
558090
87454
307900
47887
834361
705782
415492
827979
489974
152032
508586
922473
489920
67813
463558
37927
132820
914605
158615
776299
66084
585578
599155
124093
845549
587259
302983
506316
901866
513712
264605
102291
696925
603630
913714
635715
716573
23778
327608
990835
58974
102016
526951
900087
373244
364782
411274
366404
221736
492156
546539
667189
904842
2030
303092
674472
737484
568086
450751
749398
29896
261068
966050
220560
702249
110839
821279
233201
729102
628433
272745
743956
303122
810219
74075
830848
942377
962198
671286
745595
128230
303107
992809
997226
147033
146966
380540
29957
196172
855818
610811
470177
170751
250763
945126
113567
797934
467469
398971
196456
270567
379112
929762
191907
680022
555332
379856
980392
121151
542881
875045
660887
673471
294397
567307
120926
968710
318438
55709
227249
355111
353331
656179
337781
867389
989054
863293
568099
126227
112913
704062
730585
571918
144612
929481
355425
624046
136863
944024
600339
107842
242166
602319
477692
984120
536017
955374
763361
724051
581069
911353
494880
74597
720656
609692
484387
936596
624799
62751
590619
970272
911887
181976
612937
349660
989276
993639
914127
333318
433117
94675
742538
77884
401034
604799
168463
43682
780885
124516
247585
218386
993639
864037
63799
929080
829506
566165
502230
259149
653731
453794
693429
868912
758803
729492
121307
224886
205628
820911
770674
582127
260554
634928
882238
183469
327766
667661
404172
47709
71590
871868
144237
699245
825469
410831
879313
826767
927476
855937
367694
858082
965338
399404
674217
132108
254633
662481
992356
407188
173525
941758
250505
826070
19166
299305
55548
137429
360663
54912
331946
297767
971315
937551
557003
76836
117151
586025
195184
341857
356541
704675
789778
884486
425846
626918
451378
287547
795274
667734
222387
22653
784512
312473
590725
436166
168237
707329
73086
112567
369452
688509
884383
296444
983678
915478
604394
572125
244810
556196
139443
817373
46946
685930
71565
933545
402417
439026
487453
173738
586422
175740
5587
222455
250966
223676
271041
512936
748552
281928
905203
651659
773014
437047
426502
686293
958638
5968
455444
150789
702120
23741
670759
937899
234259
709212
280147
674277
741820
327256
427813
16885
50202
334277
568873
251156
366806
897888
495809
612672
969572
955111
48361
98365
922210
221063
29081
192092
225602
331009
215023
248995
493653
342793
160479
104129
151959
274562
520061
183494
867391
578611
786533
313973
230661
343593
669926
676602
89488
825529
515287
79080
298981
362375
207897
345157
958513
633319
989400
755080
208393
158079
783052
549293
313898
272897
198522
994794
578728
139121
692877
601209
213843
634411
976638
416389
418000
424250
332221
329771
142398
715744
133635
991460
677794
898733
637998
643505
986471
342272
760829
499950
975048
185593
277179
531505
173968
720509
399467
224231
822029
913229
944591
638304
613179
208375
392987
503613
816384
988573
735768
656661
668954
531038
66831
598174
689177
718085
734803
512936
357506
67454
284990
189762
46984
642359
870746
935933
464803
242143
203644
603074
880176
981575
634704
601090
748800
604442
78352
150862
541881
320180
604469
384336
573442
153526
628015
55175
749733
707843
5431
382296
653965
759501
637180
420885
627897
576517
397712
269355
481470
828453
556699
421245
438788
396134
333501
418535
637941
413606
634036
812995
757313
995747
140012
200778
954503
861203
876729
25778
857296
30414
239238
579034
210458
646341
893656
656369
4983
200642
41805
951791
390577
50370
707905
523049
80076
8008
547403
701908
686293
116788
246719
345514
689681
607781
893926
39771
157835
706625
610187
616089
961178
329773
626290
576985
886051
679142
777677
372669
276422
894979
565905
320464
848999
655558
931352
920049
841117
877626
669699
601715
13197
681220
215396
887467
617330
663189
255688
683198
586468
746596
970002
