402280
25531
136198
38370
930393
801164
559989
281138
542761
733037
141971
323715
924252
799998
949102
491203
765153
436845
800698
125409
777059
459886
530788
716578
307883
223838
787136
746741
542356
254559
513294
614855
61501
476
654523
763594
214384
416213
945305
202731
492562
618792
600028
309263
975967
140567
841567
621462
986560
585139
698228
748403
847251
512458
348831
689760
490955
411635
694061
42935
67766
71468
521282
992707
660426
234430
653574
252581
741111
885812
595712
802876
951379
539131
286648
934172
581369
112913
899817
668199
847052
628379
62303
209386
168005
546389
947800
690580
256736
793831
681073
205054
63201
792556
732292
582617
125620
947601
527634
909498
605516
206484
770453
931047
580653
200606
875363
858683
200441
529889
89448
88340
453482
599407
578047
969166
571192
256220
729238
124418
447081
99330
794283
444636
121182
658627
201873
50665
568977
82675
102993
384123
14547
738203
152752
707329
347674
756884
621800
831267
406362
819156
665843
471933
342417
601627
863801
88684
93950
128802
247527
397293
829596
391753
25798
303574
431362
703644
5807
286587
537045
822695
200441
46064
508393
533832
357357
419078
503657
865473
774589
59151
850753
346916
598339
229778
415085
727474
950521
728785
925637
801175
191643
192956
484935
19638
732735
586837
313912
446728
176823
546539
814401
666038
355836
812758
606770
881449
486741
431980
423101
474033
906290
375610
171745
876576
322773
513421
785747
857251
857648
697133
698269
561597
802687
559572
936439
768148
396379
718879
97269
543397
744236
852058
967833
234118
185049
94039
967795
54014
52934
666032
62363
876700
645339
716200
298385
504730
468154
527283
982606
195068
482963
990375
702837
715038
634774
233310
830738
700784
624297
433296
13581
835878
887653
375754
545920
753220
798950
942529
768310
137158
414356
824296
821213
475199
540869
775106
879988
358488
16085
484223
19875
500252
195866
237702
122482
32086
199960
889398
531776
191487
75427
526833
738530
937290
149363
626196
736894
841088
745747
706161
531392
8817
625851
81599
325482
931074
818991
898508
406375
328452
482378
477479
405674
968609
44933
49609
672234
267931
663606
223967
218240
372354
795178
141797
46022
570574
923624
220845
127008
502045
777155
633715
457546
248277
312530
88351
252015
345647
708965
40806
774863
234226
761068
315535
331148
627250
661068
410053
62784
862672
682401
843424
694351
329891
589017
705782
240031
61120
451496
753050
556124
669987
619825
185600
391376
668840
336618
343774
122611
275802
826275
869732
962155
421075
968296
662546
145954
530021
542863
988600
491976
510429
998338
92533
611228
259891
631622
599190
353203
65217
150891
810824
924003
998272
541098
252132
438433
155461
407844
963802
92242
958328
734450
478278
971577
784631
264271
752568
180841
4250
162431
498926
343653
937779
510429
635843
726413
595657
284144
857435
429475
43255
359776
24417
469067
564126
398919
620360
64350
340004
33386
58042
647992
754640
897851
367163
649078
827672
698377
324802
350250
525105
134023
596806
986721
249838
63485
80125
318702
489885
340467
105609
115452
477817
549427
977384
558090
700983
442957
291732
834361
705782
230084
827979
489974
152032
575876
922473
489920
67813
463558
37927
757125
911843
158615
449596
15318
322182
599155
124093
845549
199594
471843
725466
901866
513712
566435
334494
696925
603630
913714
635715
716573
365449
327608
400378
58974
186621
526951
900087
373244
364782
411274
366404
221736
492156
546539
589542
904842
2030
303092
674472
737484
992238
450751
749398
29896
261068
678376
220560
702249
496286
821279
233201
729102
324167
272745
743956
809180
482280
431427
830848
101369
962198
671286
745595
128230
113994
992809
997226
147033
233413
380540
29957
220001
137393
610811
470177
170751
250763
945126
632943
546967
467469
398971
196456
270567
379112
929762
788709
529748
555332
379856
980392
298544
542881
875045
660887
673471
294397
567307
120926
968710
318438
647289
227249
76004
353331
656179
337781
867389
989054
863293
876094
126227
112913
118892
660318
571918
144612
929481
903213
624046
136863
490515
893922
588383
277493
808716
477692
984120
536017
955374
313686
451858
581069
911353
226037
438282
545116
609692
484387
936596
333567
62751
590619
970272
911887
181976
612937
74187
989276
993639
914127
166012
106110
94675
742538
77884
401034
604799
168463
43682
780885
106964
247585
218386
993639
864037
63799
968977
829506
986925
502230
259149
653731
453794
693429
868912
549356
247861
121307
224886
205628
222498
770674
582127
260554
634928
882238
183469
327766
667661
404172
47709
71590
871868
336711
114892
844124
495477
879313
244030
927476
855937
367694
858082
965338
399404
598716
321361
254633
662481
992356
302264
173525
511751
250505
826070
19166
299305
13029
137429
90076
54912
331946
801032
291720
937551
557003
76836
15444
586025
195184
341857
356541
704675
789778
973646
257392
626918
534376
287547
795274
667734
222387
22653
784512
171737
279508
436166
331749
707329
73086
112567
369452
688509
884383
780472
573814
915478
604394
572125
244810
575903
139443
88596
516030
850109
71565
13523
402417
439026
487453
816720
586422
175740
863242
76928
250966
223676
271041
512936
748552
704091
905203
651659
773014
437047
63599
686293
958638
5968
669367
150789
702120
291284
72546
937899
843344
709212
865364
674277
741820
339323
427813
16885
50202
334277
568873
366842
366806
897888
495809
564732
598202
644220
48361
515366
922210
221063
580183
192092
225602
331009
215023
248995
493653
342793
160479
104129
725825
236686
520061
183494
867391
173454
873292
313973
972922
343593
669926
676602
981575
507821
515287
79080
261608
362375
207897
345157
958513
633319
989400
755080
208393
7940
783052
549293
313898
946403
198522
994794
578728
139121
692877
783467
213843
634411
976638
472004
418000
424250
332221
329771
142398
778775
133635
991460
426088
435950
637998
756471
986471
342272
760829
499950
975048
185593
277179
531505
173968
720509
399467
224231
492320
520275
944591
638304
613179
208375
290523
317002
816384
988573
735768
745241
668954
531038
66831
598174
689177
718085
734803
512936
357506
67454
284990
189762
603293
642359
492622
985594
464803
242143
203644
603074
880176
981575
527804
102701
748800
604442
78352
150862
541881
320180
604469
337857
280105
148262
628015
55175
749733
859912
5431
382296
653965
530938
456609
420885
627897
576517
397712
269355
745707
654577
556699
421245
837663
396134
333501
418535
637941
413606
466706
812995
443959
995747
140012
200778
900519
861203
876729
25778
857296
103858
239238
579034
210458
646341
893656
147305
4983
200642
41805
951791
478556
50370
174765
523049
80076
861501
547403
701908
686293
116788
246719
345514
689681
607781
893926
39771
157835
360456
208558
616089
986726
355444
62899
576985
886051
679142
745017
372669
985470
894979
565905
111410
848999
655558
731942
920049
841117
877626
669699
601715
13197
291476
215396
887467
745043
663189
802755
730261
586468
746596
273000
