571115
576456
136198
927830
756981
801164
940412
949464
621999
241519
141971
323715
699401
237248
949102
491203
600028
436845
604011
573928
256635
987572
530788
427889
576068
969371
787136
746741
542356
254559
513294
964548
576145
466420
921790
951707
950924
175604
611957
202731
557978
156381
600028
507728
975967
511131
40601
621462
986560
422379
22901
1871
549080
512458
251558
689760
490955
138630
121276
152833
302740
146389
856729
678854
660426
981836
510162
133434
644039
885812
644871
802876
951379
539131
130532
887404
737876
112913
899817
442427
151952
628379
62303
209386
811951
655561
246115
690580
509220
793831
513818
642297
63201
690912
713558
472229
125620
828488
770836
909498
448821
33831
770453
98226
724450
990147
787587
317562
975967
43896
89448
601434
26321
127872
338258
969166
547454
644300
981363
124418
377626
321415
224962
444636
121182
112
201873
281963
568977
141808
731104
384123
29584
738203
313110
707329
164859
735864
190964
630560
406362
368224
168929
908538
342417
299337
544052
88684
485248
128802
854158
397293
829596
324902
415960
303574
514848
703644
169092
96339
537045
440665
557866
24951
959049
429357
202423
419078
707900
600486
219383
175974
850753
265676
492554
665414
126105
727474
100606
728785
542886
751935
191643
192956
484935
19638
30521
586837
181011
446728
176823
512185
322340
669223
886082
400401
606770
600252
801958
431980
201596
391364
380297
375610
884232
834833
21310
513421
785747
370991
933654
279598
698269
449352
176005
44221
68582
286058
857903
621643
931242
543397
994
356288
789245
498274
422191
213965
951451
109146
101397
932772
550948
210883
645339
716200
742970
29795
633932
527283
479548
552214
648145
591001
595503
715038
380334
233310
830738
107044
292157
628983
618136
577267
887653
375754
811787
310702
798950
310229
67881
416445
121137
824296
329031
475199
799350
775106
879988
713158
639016
484223
19875
500252
307034
237702
285944
409881
199960
800635
169234
129055
519944
526833
841926
19532
312749
137719
215038
841088
205690
445131
846175
8817
625851
837469
139326
399155
53873
198455
406375
328452
482378
477479
628509
896163
44933
606903
672234
862788
663606
191337
366846
508770
823714
393167
60321
947269
923624
868948
897023
502045
874099
633715
457546
607959
312530
88351
765819
345647
882699
896527
930578
234226
761068
955920
387169
627250
243199
553437
62784
768310
682401
141875
694351
329891
534019
705782
494264
367770
264156
275864
597787
669987
260441
185600
391376
853205
374059
235408
151890
275802
505516
869732
835370
267527
968296
334504
145954
340332
671769
272430
491976
118368
665926
92533
746728
328487
193539
871258
477479
294231
529964
657446
924003
998272
937218
522153
497376
155461
830848
297883
514232
641061
247114
745599
971577
107726
264271
755666
677844
877128
162431
842934
343653
450401
522692
635843
296932
595657
386027
688672
779580
43255
980911
259241
134586
440815
634830
991210
218251
340004
33386
58042
129797
754640
398040
866710
12786
383997
755121
11951
763557
525105
134023
593920
14754
13948
343591
623320
182366
489885
225194
105609
737267
994871
116245
977384
558090
326206
328445
637166
834361
705782
415492
827979
483405
644005
508586
922473
489920
642359
463558
37927
961201
914605
158615
776299
66084
214106
599155
124093
886266
142550
671882
506316
901866
540156
773109
102291
337454
603630
74643
635715
716573
722207
327608
990835
58974
623529
666647
33471
373244
364782
673012
63738
221736
589917
475682
927879
904842
523281
303092
674472
737484
205265
450751
749398
29896
261068
807880
525556
702249
99632
909074
590708
729102
772212
750490
484416
423921
810219
74075
830848
887449
962198
457546
745595
128230
303107
992809
997226
900793
905786
380540
900896
980979
855818
549516
651234
908016
752696
945126
113567
888637
467469
398971
196456
880427
688805
929762
694248
680022
555332
598485
980392
569636
542881
318644
660887
673471
294397
567307
120926
1405
108137
55709
685930
677365
353331
656179
337781
706625
989054
54184
492322
108030
112913
453243
730585
571918
144612
266755
355425
624046
395827
944024
864891
107842
561476
360599
623574
451935
536017
955374
351280
50068
631274
516262
953101
74597
439872
609692
732917
936596
785560
896342
590619
833404
911887
608451
997833
695909
804731
806197
784388
857420
964526
121790
850057
77884
750891
604799
168463
43682
447955
593102
247585
43549
806197
503974
63799
929080
829506
566165
502230
259149
595069
453794
116283
917765
988488
729492
121307
224886
205628
820911
466595
582127
776621
634928
474683
775515
327766
667661
404172
47709
71590
278508
654312
699245
825469
410831
879313
826767
211426
443203
367694
858082
965338
399404
674217
537532
907571
662481
252361
85691
173525
941758
556773
206876
430517
299305
801510
137429
360663
54912
862775
854089
814530
42119
557003
76836
117151
586025
536495
526197
392318
316927
789778
884486
695447
626918
451378
250512
220558
583843
388133
315756
360086
784505
20631
330071
732422
707329
654363
112567
369452
92370
424017
373181
519945
742887
604394
821864
244810
836300
139443
817373
638681
685930
41732
933545
402417
68639
544238
843084
933289
175740
16443
895952
651247
124553
271041
512936
748552
158453
905203
651659
217869
741368
426502
443655
497888
5968
455444
150789
702120
23741
520570
937899
234259
67555
243372
674277
741820
618144
493172
438575
372537
334277
676062
251156
774957
460764
675980
612672
969572
379080
48361
98365
922210
221063
29081
192092
485622
953566
215023
248995
493653
342793
160479
273353
691824
396150
520061
477181
358552
787714
155827
313973
230661
343593
806762
676602
892419
240336
109249
79080
778507
362375
933117
345157
215981
908599
989400
23451
930205
333796
783052
549293
39341
36482
198522
994794
578728
69356
921927
168216
139028
692712
921845
416389
587675
424250
647399
329771
92129
35892
950620
840885
677794
184500
637998
643505
986471
342272
760829
132830
975048
537795
303688
748456
545373
523823
809886
224231
256959
903838
944591
638304
613179
422004
17164
503613
816384
402923
735768
656661
668954
531038
66831
926881
689177
718085
734803
512936
606461
67454
873320
123376
694742
642359
128734
860916
389573
242143
216513
603074
722719
141849
634704
601090
499034
723173
756476
995401
541881
320180
604469
367175
350038
868294
628015
55175
749733
707843
307334
382296
653965
759501
637180
389706
627897
817611
862974
269355
481470
828453
934254
421245
535787
396134
333501
528425
465331
413606
762287
812995
684263
15639
452128
200778
27658
861203
953879
907601
857296
553358
239238
579034
836545
646341
893656
519483
4983
228859
836345
781907
390577
629027
750490
523049
80076
558470
44788
701908
272510
198444
246719
345514
341007
731286
303860
188189
671779
413589
77060
870857
949067
509222
626290
576985
886051
679142
990070
665386
276422
251514
398065
168794
848999
491213
766056
920049
841117
561185
910422
388304
13197
681220
790707
887467
891613
258702
255688
241935
848417
746596
970002
