288286
451327
275888
971367
381043
68554
790341
744186
199372
122206
546336
437691
518504
461122
679491
827100
61331
644584
67447
619528
895763
583778
422714
421190
827017
443562
363585
325832
387506
334340
190671
311380
768269
436014
222100
930678
702470
733397
923996
172198
294272
324262
480117
981565
847727
725341
673877
406202
151516
261728
112381
102654
709148
768651
268567
59556
488771
288286
320691
342356
926566
252944
999121
64736
256531
293599
523113
911242
252437
548505
433526
455759
797402
199859
43190
110005
225107
60694
675826
752575
642913
285980
728244
98738
957715
546389
388403
359460
656747
133742
596058
197251
325164
55207
543911
327985
282734
12019
552988
199027
559345
55000
771534
568584
988541
804329
242140
221980
237083
189319
943567
27653
782807
701504
334016
461578
545872
228230
336389
554658
830414
502242
66592
603736
516350
866642
648841
386536
844641
761580
553050
681594
21930
992915
341257
857202
652804
197014
706440
751002
944021
817607
676384
437750
502718
208096
441315
586763
978468
520358
509074
714880
113712
889625
192135
231774
280093
643042
550219
333659
937484
296055
517616
461930
220060
96678
141081
907926
118973
621940
380645
425110
479678
310372
135360
104687
653060
5255
504073
249967
302772
526901
362240
935623
957716
36994
443596
584080
504786
188759
401261
75420
992207
700475
507345
281134
471338
441036
993962
721823
871820
913659
676542
481708
253910
55000
814224
92093
45576
442638
195635
249214
632017
282628
999155
386937
729731
878576
719139
714832
913699
156128
970506
648147
254436
506601
372791
415111
306015
247836
700189
277047
651987
935564
317588
988118
892780
223012
867941
633012
107339
576909
248933
923098
227536
640315
610394
576856
21665
657723
360496
924776
232054
437142
135874
102285
102118
630419
669000
920117
509480
571637
238417
899843
9839
572082
233538
9962
944580
918363
223672
127241
911746
276368
827515
595234
38873
805856
90903
693215
111310
588731
894318
140570
281134
448605
114568
834674
691872
144178
730779
12627
503186
904230
228264
63945
551562
857090
453195
789289
65734
504642
207536
215656
291308
941033
438179
920802
619153
866719
685579
38601
775770
101104
892897
473999
720337
99496
244148
44600
895763
780589
474321
518350
648485
799374
321415
289560
845781
743768
986763
131027
356363
763230
569930
163855
118306
992915
410611
715749
729965
749312
536479
158685
9254
873969
735166
310553
936953
248125
34815
971002
974399
327351
411510
894976
985758
62492
75450
678033
222889
957716
705048
570593
770538
851559
801192
234355
376072
134388
740011
863697
724702
568906
675039
911655
674804
928390
517312
683793
253227
697745
67629
347348
343754
832440
773777
311334
166152
625183
351967
5255
229212
804518
641246
666246
504605
387289
316228
90940
29349
467191
154998
684287
86584
43044
287553
932189
566448
254473
817607
486455
931344
51308
849434
366628
90720
874148
149727
317554
519217
296067
703531
55522
832348
499436
720777
619173
920773
112404
397205
323503
779252
174052
551388
637334
763650
753217
1807
836264
478113
140570
337398
761149
432148
555197
779446
286214
920280
14498
804063
662095
266681
310553
746982
525267
282418
183206
294956
393466
757431
161720
623353
199646
817077
557868
791288
362142
934239
173823
805801
718677
13890
347298
158546
891592
274928
425006
964964
759370
230586
471978
221040
128081
178555
255431
36261
960578
255361
189514
306678
768253
372236
840013
221040
467416
23380
492232
236530
725269
619186
488872
630874
545080
739465
701059
418193
301380
551562
589205
960546
115080
621940
502775
477885
286214
274445
608990
277080
79714
571541
361429
240349
651499
971002
106893
261739
184864
132501
977793
817315
882644
140669
224557
756013
103416
159021
607076
598691
584473
857601
184810
519645
268260
316561
521685
172761
944580
798868
589998
295704
701504
444591
513727
901254
764544
37334
182557
646455
425110
42615
58555
992207
61117
325164
41538
315953
267810
160408
239894
898144
255140
131509
354264
639261
394675
317333
92004
790757
45098
787718
343754
767378
724264
624592
834566
34494
499436
331731
566621
25972
707109
115960
247648
425255
677849
200914
416663
163300
317318
173201
938346
892371
230380
650446
302551
390235
90720
886063
884631
99406
370294
91142
163438
164434
35024
433643
54612
255431
364145
192379
612179
334627
961666
514552
552571
778852
824526
207344
431815
872860
276031
927942
759370
244812
2279
18046
175103
453794
341266
774325
124630
990117
729731
388038
179486
610394
156593
898950
517266
735331
775409
201172
140069
555669
592793
575282
48980
856415
274097
981889
146210
642896
600631
150770
67208
144723
791237
40168
443953
890707
258496
752575
793829
529432
699539
165364
935613
512733
73359
303568
106231
677162
685385
107428
643012
578146
298613
205894
167844
772913
172772
886388
482217
518504
624289
571273
171108
887963
942094
930834
433532
752977
790602
616080
702063
833459
33496
119905
231834
716336
462634
90720
236991
857202
568932
361429
55348
117781
557101
766786
153912
620554
302608
326337
747300
655311
466929
279417
226710
715491
593722
336389
130612
228545
205157
807436
742247
703686
761068
513010
118477
223676
560903
37017
242140
898703
517122
900793
96639
407869
567737
136044
347822
447682
919313
854405
391974
121609
991545
969214
695540
379316
96437
345365
369367
851052
982285
12901
913362
555723
228545
355328
550860
416920
939713
958267
209600
703686
484562
856969
608584
316395
725470
994526
332740
11078
302341
53613
874148
761259
974399
966800
51926
396953
466064
327507
176670
415111
261728
47295
749342
269090
423994
62
961747
332075
854276
525515
69154
466929
725341
907201
476
164417
94521
180452
874591
315981
188372
54540
750387
405287
65398
151516
897959
411198
145014
183133
196658
648005
962154
261480
128081
436538
309416
366189
932869
791288
863753
536321
865988
23470
638304
579476
500999
429765
447002
487188
662808
805396
908382
973258
610966
44493
369330
396839
184057
363782
268380
838060
660314
445800
864261
778018
309416
889204
397824
853140
257912
438784
7792
720304
302341
659602
222547
725681
131986
537675
795038
999121
338699
608511
181870
824627
798221
801760
328006
904254
724583
132045
936599
785883
351958
501006
540747
541926
553050
915980
490209
624180
752977
421813
133545
27506
828237
122733
533653
195678
842862
214251
584436
670874
771534
554658
546389
662095
903899
230290
72071
454082
253723
70363
920773
53092
351967
863491
945215
573261
515688
44380
251926
828237
181790
431566
800251
869249
315667
545872
721341
904699
521423
366628
377893
127380
114880
461051
992915
549386
465964
745580
641886
425515
884444
346727
815987
696619
828680
329777
644774
533020
894332
606958
330640
925399
9758
131509
467604
973917
365803
971367
23858
670223
914391
183206
551215
475757
357029
199372
971728
783127
723431
209011
427587
167849
534918
132501
400527
283817
752917
989704
147509
676384
56081
344387
544557
720304
973900
709385
811420
