547070
744381
251345
821416
844987
537797
940339
575784
731294
910296
966448
142858
786076
179124
203361
350311
45935
297217
892479
695675
397813
935837
243336
238083
410528
507812
573912
228096
905187
941900
706254
367797
468520
20251
296613
840537
690133
440205
937591
667059
71543
655691
432628
108494
74417
394442
854668
553399
363051
423506
416124
155614
284158
612489
332105
858823
86136
811579
78583
748885
356935
853191
631937
672761
714386
900669
990513
163033
324203
159422
58209
309156
718710
72222
588266
277239
829002
856583
623576
827159
421936
793266
941591
108141
53716
822070
281670
917694
379401
869773
859486
465458
907423
837570
260928
664675
425704
603221
444878
296848
724689
788551
661441
631501
937034
538756
352364
329252
263191
495433
887591
61206
824853
491690
506105
508801
319555
562191
393310
591163
286530
121725
669395
930685
787736
759938
882700
312686
187244
401280
114477
198593
36420
913835
220692
929225
959690
143903
25723
325905
302365
584603
505228
510916
414962
131392
151123
573340
498911
417477
201185
872033
455289
790962
111309
198814
814102
431982
642785
348313
301602
510646
307247
947605
879230
451640
573717
524105
298964
548723
21049
27877
930300
19427
685431
610661
919178
557861
282528
39240
273192
415041
841362
952822
747703
862762
606813
504349
170503
746803
255565
731604
451231
183207
681338
987975
846530
944608
915757
178963
701934
512561
707044
877829
708757
506433
309217
513002
499824
699565
335524
653504
451739
750017
789291
377038
420631
365340
759464
231068
616542
134773
997403
246009
444348
972844
719835
718839
124920
21871
161393
396958
997696
944961
561828
10177
21577
251723
561939
679166
643423
884007
205563
701272
199335
872518
994890
494898
431011
130765
583047
209016
928486
332416
628428
941328
953787
86851
593772
743247
355867
131975
816305
908307
136683
430979
198995
357166
703551
283197
177223
49191
932871
297172
140144
430176
555736
388525
904649
892801
60904
684082
502893
977907
517825
633978
593256
8240
381672
656115
656221
796789
392068
661885
382306
900842
935978
461896
508388
522753
442675
495075
300118
475380
285275
81027
39176
517196
644732
842994
651773
991773
930506
776659
974338
120232
848696
966595
124248
537411
17478
986475
443855
16247
952341
332127
449159
152617
96927
191572
610688
479070
37461
885151
126597
77784
643559
64736
415513
868903
228679
357305
203080
62715
739079
951853
811830
238928
769707
799219
683733
152892
254740
795914
55482
507785
61379
189164
701594
442267
702796
929658
487450
781211
230022
400930
347336
908371
479798
352542
992615
523751
688945
645452
299770
669130
570119
102822
293249
142043
381722
696112
408153
18876
766761
251640
582756
243807
267371
289320
543437
207073
548794
556292
685883
386934
267947
800544
993687
900724
906113
77505
470147
119846
918501
758377
273041
390617
233821
907653
563909
647658
828393
835609
742998
651347
320085
676962
358422
170658
511737
869334
962122
400405
567540
758081
653846
891066
291621
556087
337892
424384
533284
436323
245056
688844
833037
154465
176974
715219
85108
228656
716710
496058
503361
822435
845753
353415
981387
219545
110557
811990
397997
24928
416872
687955
557908
709364
981928
786312
100782
550900
809523
674682
802869
916594
282747
233690
893916
839738
287126
629847
279712
199908
596068
609842
944416
80724
377478
812125
879644
978263
482955
319839
759306
310007
706378
629968
894178
114492
622675
92408
624153
681098
199313
316229
863879
515699
767808
327488
582503
247338
588504
391341
213912
219077
126734
167665
262023
863931
11366
541243
276342
211484
202810
471481
38411
886638
302664
206719
785521
970823
185593
47008
418095
74483
976361
967076
609772
137474
742241
814007
152784
994481
476177
859325
179489
113439
76709
686425
538065
228723
154214
803163
857834
898146
650575
840167
194047
638090
472701
973260
161168
577293
884866
287000
684762
639826
348653
972151
646995
18803
385129
411090
771258
751959
760990
735556
499166
554666
336533
233193
106944
271356
290045
599114
831220
518669
117268
772237
687523
817364
986915
935376
538987
781157
985768
754683
886415
233122
508082
567172
705783
223654
598220
176122
293458
666947
617187
58751
812269
548861
311711
979145
377318
608661
779366
407125
606034
481023
625048
183668
290158
351603
790512
783702
463639
780078
634308
765495
831975
376263
84396
917279
299330
234839
408430
337056
304198
326298
870789
693741
35400
185351
716579
421447
534930
639239
249826
958367
463461
118410
362482
446802
685962
555082
668786
16136
158462
859370
750211
76403
926483
172013
225921
567927
293183
555816
310258
306441
101196
841746
838473
548839
627282
281712
507262
721605
728080
577791
119540
713545
968596
132014
489230
216491
250842
233402
108990
287397
246949
528853
905959
634523
652057
21658
95769
873483
3286
258445
993170
14043
696192
974663
263122
283378
498310
856953
447157
498267
92972
222795
352289
335117
841388
667092
2881
723258
237444
392901
517925
208511
864323
778348
852204
662762
599091
381677
963685
743728
899081
681337
258388
353610
590123
391895
134696
853373
902646
588481
746309
14279
431545
500043
179223
957374
749857
477549
686793
643973
454282
915041
581268
784861
981804
76051
304521
420201
326024
804082
295967
780919
608638
183896
303715
722352
714492
973950
194216
461148
743766
364727
272604
474725
334314
549034
449109
388245
892443
774208
816372
789792
550500
242893
37247
325241
817744
417696
213049
378877
830616
799088
725884
617854
679436
484134
860607
687093
504481
282803
715653
830318
516684
740064
240836
839266
217116
957860
606750
695990
766246
21779
780522
901484
305097
656823
20706
536634
798988
116793
747688
706060
57885
338569
770536
391610
998133
995879
901598
460754
443478
231466
311541
820135
372266
297730
793359
38863
115937
575803
867634
760429
152710
829704
602237
304910
313106
47651
756528
704499
521486
522206
338629
821383
517653
322035
808870
841205
535770
186002
966438
765145
312765
973690
473889
571956
866076
111699
51999
933536
955651
803809
867464
564624
833418
751266
679321
897706
201885
510118
928969
790742
961126
56378
689037
76118
180508
896369
536373
144520
93251
661915
982353
368381
783920
404128
24731
201187
389294
949098
622529
411546
780112
678319
738976
390996
929428
393935
513588
948607
454216
455958
42395
44001
128135
780706
6352
194048
504246
83964
818411
933149
596085
289044
388565
24911
912641
467798
632383
481287
200182
632419
162381
617799
841447
420216
205654
562309
161014
845615
391564
143508
604666
727052
845429
817169
734999
886137
334194
766408
417261
474662
652405
148125
705884
824562
586026
407507
833199
336969
877107
130573
585311
784582
337824
989950
767157
462155
100492
962497
656304
896802
479847
406237
900800
339221
213690
661436
803696
682780
173286
481779
286500
605643
555085
224
183614
289400
938041
390199
732538
378192
389433
213816
115298
411599
927150
693558
885544
686760
776043
364624
897066
586129
13856
502652
870803
878132
944373
58541
