705446
744381
251345
821416
844987
537797
940339
575784
731294
910296
966448
142858
786076
179124
203361
791523
45935
297217
835762
48155
397813
900047
442522
238083
410528
507812
573912
228096
905187
941900
706254
158041
468520
168261
296613
840537
690133
440205
937591
667059
71543
956154
432628
108494
74417
394442
854668
553399
363051
423506
416124
155614
284158
612489
332105
858823
86136
811579
78583
748885
356935
853191
631937
672761
714386
900669
990513
163033
324203
159422
58209
309156
718710
72222
588266
291061
829002
711138
623576
827159
421936
556301
162463
108141
53716
822070
833052
917694
379401
66227
44710
465458
907423
837570
260928
664675
425704
603221
444878
846994
724689
788551
661441
631501
937034
538756
352364
329252
263191
45490
21144
61206
556595
491690
373659
508801
319555
562191
393310
591163
286530
121725
97979
930685
787736
759938
882700
312686
187244
401280
114477
36235
36420
913835
220692
929225
959690
143903
25723
325905
302365
584603
505228
510916
414962
946000
151123
573340
427707
417477
201185
872033
455289
972078
111309
198814
814102
431982
642785
348313
301602
510646
307247
947605
879230
451640
573717
524105
298964
548723
21049
27877
930300
19427
685431
610661
919178
79899
657876
39240
273192
415041
841362
952822
747703
862762
606813
504349
170503
746803
255565
653198
451231
183207
681338
987975
846530
944608
915757
178963
701934
403931
707044
877829
907086
506433
309217
97800
499824
699565
335524
653504
451739
750017
440064
377038
420631
365340
759464
231068
616542
134773
997403
246009
444348
972844
719835
718839
124920
21871
161393
396958
116714
944961
561828
10177
21577
251723
561939
679166
643423
884007
205563
701272
199335
872518
994890
494898
431011
55594
583047
290739
928486
332416
628428
941328
953787
119319
593772
743247
355867
131975
816305
908307
136683
294222
198995
357166
703551
283197
177223
49191
932871
297172
140144
913664
555736
388525
239979
682823
60904
684082
502893
977907
175276
633978
593256
8240
381672
656115
656221
796789
392068
661885
382306
900842
108199
461896
508388
522753
442675
495075
300118
475380
285275
81027
39176
517196
644732
727737
651773
414415
930506
776659
974338
120232
848696
966595
332344
537411
17478
986475
443855
16247
952341
332127
449159
152617
96927
191572
610688
479070
37461
885151
126597
77784
643559
64736
415513
868903
228679
357305
203080
62715
739079
384514
811830
238928
769707
799219
683733
152892
254740
795914
55482
507785
61379
189164
701594
442267
994152
929658
487450
292218
230022
400930
793938
908371
479798
352542
992615
523751
688945
645452
299770
669130
570119
102822
293249
142043
381722
696112
408153
18876
766761
251640
582756
243807
267371
289320
606860
207073
72032
556292
685883
386934
267947
800544
993687
900724
906113
77505
470147
119846
661921
758377
273041
390617
233821
907653
563909
647658
828393
241929
742998
312163
951135
891423
358422
170658
511737
869334
962122
400405
567540
758081
404114
537150
291621
556087
579860
424384
432901
436323
245056
688844
833037
918199
176974
715219
85108
228656
716710
496058
516026
822435
845753
353415
981387
219545
110557
518377
397997
24928
416872
687955
557908
709364
981928
786312
100782
550900
809523
674682
802869
916594
282747
233690
966862
46110
287126
629847
279712
199908
596068
609842
944416
723878
377478
812125
879644
978263
482955
319839
759306
310007
706378
629968
894178
114492
622675
92408
624153
89708
199313
316229
863879
97707
946751
327488
582503
28682
588504
391341
213912
219077
126734
167665
262023
863931
11366
541243
276342
211484
202810
471481
435114
886638
302664
206719
785521
970823
185593
47008
418095
74483
976361
967076
609772
137474
742241
814007
152784
994481
476177
859325
179489
113439
76709
686425
651486
228723
154214
803163
857834
898146
650575
840167
270100
638090
709113
973260
161168
577293
884866
287000
684762
639826
348653
972151
289381
18803
385129
411090
771258
209789
760990
735556
499166
686269
336533
233193
106944
271356
290045
599114
636859
518669
330050
289324
687523
817364
986915
935376
538987
781157
985768
754683
886415
233122
508082
567172
705783
223654
598220
176122
293458
666947
617187
58751
812269
548861
311711
979145
377318
608661
779366
407125
606034
481023
625048
430569
179104
351603
914886
783702
463639
780078
67347
765495
53564
376263
84396
917279
74828
234839
408430
337056
304198
326298
870789
693741
831542
185351
716579
421447
534930
639239
249826
958367
426801
118410
362482
446802
685962
555082
668786
391121
158462
859370
750211
76403
926483
172013
225921
567927
293183
555816
310258
306441
101196
841746
848461
548839
571433
281712
507262
711914
26774
577791
119540
713545
968596
132014
489230
216491
250842
233402
108990
287397
246949
447595
905959
661661
652057
21658
95769
873483
3286
258445
993170
14043
994298
974663
263122
283378
498310
856953
447157
498267
92972
222795
352289
335117
841388
6595
631044
723258
237444
504160
517925
208511
864323
778348
852204
662762
599091
381677
963685
743728
899081
681337
258388
944135
450399
391895
134696
853373
902646
588481
746309
14279
337213
500043
792890
957374
749857
992384
686793
643973
454282
158451
581268
784861
981804
76051
99831
420201
326024
804082
295967
780919
608638
391035
303715
722352
714492
973950
194216
461148
970408
364727
272604
474725
334314
549034
95684
388245
892443
223806
816372
789792
550500
242893
37247
325241
817744
417696
213049
378877
830616
799088
725884
131037
349190
484134
860607
687093
504481
923306
715653
830318
516684
879439
240836
839266
217116
957860
606750
695990
766246
21779
780522
901484
305097
656823
20706
536634
798988
116793
747688
706060
57885
338569
770536
567540
998133
995879
901598
460754
231153
231466
518549
820135
372266
297730
793359
38863
115937
575803
989951
760429
152710
135053
602237
304910
313106
858699
482328
704499
521486
522206
338629
821383
517653
322035
808870
841205
535770
186002
966438
765145
312765
778838
473889
571956
866076
111699
51999
736484
955651
803809
867464
564624
833418
751266
679321
897706
201885
510118
928969
790742
961126
9397
689037
76118
718204
896369
536373
144520
353119
661915
451965
368381
783920
404128
24731
201187
389294
949098
622529
411546
780112
678319
738976
390996
929428
393935
513588
948607
454216
455958
42395
431271
128135
80934
6352
194048
504246
83964
818411
933149
596085
101976
388565
24911
912641
467798
632383
481287
200182
632419
162381
617799
841447
420216
205654
562309
161014
845615
391564
143508
604666
727052
426
817169
444023
347468
334194
766408
417261
474662
652405
148125
705884
824562
164952
407507
833199
336969
755850
130573
585311
784582
337824
989950
767157
742053
100492
753483
656304
896802
479847
406237
900800
339221
213690
661436
803696
682780
173286
905502
286500
605643
555085
224
183614
289400
938041
390199
732538
378192
389433
213816
115298
411599
927150
693558
885544
686760
776043
364624
897066
618795
13856
502652
660362
633473
944373
58541
