284041
744381
251345
206787
427067
537797
866276
575784
731294
831192
469204
142858
786076
650726
39280
594382
45935
297217
892479
695675
841225
935837
432199
238083
410528
507812
573912
667892
905187
941900
98155
790416
468520
20251
296613
17893
690133
440205
937591
935035
332274
655691
538713
108494
275554
633427
854668
553399
999858
423506
534471
155614
284158
967882
332105
858823
86136
892220
78583
297119
371470
637865
868679
865612
59776
900669
990513
163033
324203
159422
58209
309156
718710
616220
588266
277239
829002
606427
378943
827159
421936
981968
344819
636206
53716
732936
527098
762763
35467
925978
859486
465458
907423
335351
260928
357431
425704
603221
822910
158000
724689
33346
247328
631501
937034
538756
352364
85007
263191
158285
887591
273949
709196
491690
446660
844524
319555
632868
879701
885837
286530
327699
669395
420595
281859
219911
322318
312686
925672
127702
346422
198593
36420
913835
912681
929225
959690
143903
632498
452200
461608
584603
515832
510916
414962
660163
151123
526790
498911
722457
201185
227374
455289
638918
111309
198814
814102
292896
457376
348313
877417
982825
783783
947605
879230
592247
626733
524105
227471
548723
21049
27877
230567
660112
685431
610661
919178
557861
282528
244021
273192
415041
23233
568336
156396
862762
706837
240479
170503
746803
901979
960431
451231
19205
681338
987975
846530
796430
915757
178963
701934
372319
388804
877829
708757
853983
44069
513002
499824
699565
879963
856856
451739
750017
918623
32713
420631
365340
759464
231068
616542
466489
997403
173964
390277
972844
112180
718839
124920
475137
161393
396958
21616
108395
561828
950814
21577
251723
561939
679166
643423
288391
205563
701272
199335
514750
868356
494898
431011
130765
583047
209016
928486
504976
628428
863858
953787
831517
593772
743247
355867
623594
666280
908307
288523
430979
198995
357166
703551
593469
177223
590866
903008
424995
937379
430176
555736
388525
904649
892801
60904
684082
502893
609146
517825
633978
392419
856208
507051
939725
656221
278867
122025
661885
730674
279441
935978
461896
508388
522753
668780
955020
256815
664934
285275
81027
39176
517196
644732
842994
651773
789115
42351
433334
974338
120232
152654
584569
124248
537411
17478
986475
959689
16247
952341
532682
832412
105673
96927
191572
610688
479070
654107
456908
126597
363671
643559
64736
415513
868903
853844
357305
203080
62715
739079
951853
811830
238928
249595
807968
683733
152892
798716
795914
396983
507785
827806
112125
701594
442267
949076
929658
487450
781211
230022
400930
347336
908371
479798
352542
992615
523751
688945
645452
663177
669130
570119
165583
154076
636654
824135
696112
408153
285375
166209
251640
582756
243807
267371
289320
199602
207073
923624
556292
685883
794165
893211
800544
503986
218717
906113
77505
470147
119846
918501
380531
273041
390617
233821
668822
563909
647658
282267
731459
734360
651347
100369
676962
358422
170658
132437
550896
962122
14217
323521
692942
437062
891066
291621
397002
337892
336438
937053
12359
245056
688844
833037
154465
982794
715219
802524
228656
716710
496058
198620
822435
845753
47290
981387
371055
110557
811990
397997
24928
416872
687955
464692
709364
981928
786312
100782
391917
809523
674682
802869
132420
662252
233690
893916
839738
287126
343530
279712
199908
16891
250936
944416
80724
377478
812125
647756
978263
482955
319839
61958
310007
706378
629968
894178
114492
815993
92408
624153
583873
800055
316229
863879
986060
833935
327488
582503
247338
234817
391341
314170
219077
170488
167665
262023
863931
11366
541243
749992
792986
504453
181342
498859
886638
941016
19627
785521
970823
683081
47008
418095
39947
238412
96084
609772
600706
742241
814007
152784
994481
317090
859325
179489
113439
827221
686425
510693
228723
154214
803163
857834
898146
650575
356847
194047
638090
229931
973260
161168
577293
884866
287000
878653
639826
348653
340245
646995
18803
858176
502434
284328
751959
760990
989728
137942
384607
442547
253297
248868
453694
290045
599114
831220
518669
117268
216575
537279
817364
528815
843686
538987
543977
985768
945041
47490
233122
427305
30307
705783
223654
598220
176122
293458
394862
380829
58751
812269
548861
587572
216122
833920
513684
837149
407125
351961
336383
625048
183668
290158
351603
790512
783702
900949
780078
367475
680604
831975
924915
31140
917279
299330
234839
611390
795552
304198
782464
870789
693741
35400
185351
716579
114600
8504
987997
249826
958367
463461
513604
783056
446802
35728
555082
47799
16136
699948
859370
750211
76403
926483
172013
525029
567927
908686
555816
310258
918637
385037
841746
530697
548839
627282
281712
145477
721605
924703
577791
119540
963974
979318
132014
489230
422813
297336
233402
108990
488000
547264
132954
515962
336846
339595
537894
897575
919590
172490
258445
993170
14043
829022
974663
771757
103273
447208
351239
390767
498267
52788
559372
352289
335117
35703
667092
402304
723258
514722
392901
517925
589686
864323
57293
852204
662762
939669
381677
963685
743728
899081
978955
258388
353610
590123
695909
573331
853373
112199
588481
20595
970693
431545
293064
179223
957374
901978
222361
902712
492304
582430
915041
708606
784861
981804
76051
304521
768554
326024
804082
295967
780919
264034
183896
303715
722352
714492
973950
676463
461148
743766
364727
272604
34913
293168
549034
449109
388245
892443
774208
816372
130501
60191
747751
37247
325241
475212
417696
213049
378877
830616
894067
206866
617854
679436
351711
860607
687093
620969
282803
242824
830318
516684
740064
240836
839266
735133
10127
606750
331738
766246
21779
508772
3199
936957
656823
20706
536634
150483
193875
747688
564772
406102
794138
914567
380543
998133
573503
901598
110555
544043
231466
311541
820135
372266
109629
86952
38863
115937
575803
725756
760429
788609
829704
602237
304910
252482
47651
756528
704499
521486
945287
126676
262734
517653
322035
808870
691301
535770
186002
966438
765145
937997
973690
346060
571956
866076
37734
206256
933536
968825
803809
867464
564624
833418
751266
679321
897706
201885
595375
928969
990922
961126
56378
689037
590079
885170
896369
5422
144520
374487
661915
982353
368381
783920
901677
916699
907507
163167
263442
996313
536925
780112
678319
931790
390996
842161
830151
622011
530703
454216
455958
42395
410694
128135
780706
6352
871539
583334
83964
355674
933149
596085
627062
802317
24911
758060
556973
632383
481287
694479
664755
571898
617799
84756
420216
205654
562309
649917
845615
391564
143508
389083
474247
889559
304571
558325
886137
998444
648736
51385
474662
652405
617302
705884
602166
388088
407507
491
336969
756451
130573
585311
784582
337824
626283
767157
843346
765235
280267
357846
905425
522463
406237
538367
911302
404041
661436
640620
213340
173286
990667
81965
605643
459899
224
981704
289400
803733
390199
732538
448455
223868
922697
115298
804777
927150
693558
885544
686760
223188
977187
897066
584683
13856
502652
870803
933912
944373
58541
