705446
294309
251345
821416
844987
258197
436093
445971
731294
910296
98302
573086
687955
351052
439276
791523
45935
297217
835762
981745
258088
900047
131209
238083
410528
4223
573912
72042
905187
659320
706254
158041
468520
168261
296613
840537
690133
440205
916216
667059
71543
956154
432628
108494
199824
394442
854668
477210
363051
400041
416124
155614
284158
536240
332105
858823
86136
180470
78583
748885
930007
853191
423864
672761
106803
900669
358875
163033
324203
159422
58209
309156
718710
899935
588266
291061
829002
894119
623576
827159
421936
556301
129164
108141
53716
156349
996606
531582
379401
66227
44710
465458
907423
837570
260928
664675
685446
55829
842081
145008
724689
788551
661441
631501
937034
538756
352364
329252
263191
45490
21144
61206
556595
491690
373659
508801
319555
240461
647058
683495
286530
853801
97979
930685
787736
759938
882700
312686
187244
190821
114477
36235
36420
913835
220692
929225
93846
986666
25723
325905
302365
584603
505228
510916
414962
687595
151123
702174
427707
417477
641246
872033
455289
972078
621835
198814
814102
590091
642785
969171
301602
510646
878164
947605
456226
451640
573717
524105
298964
548723
21049
27877
374267
19427
536568
610661
428560
79899
146212
278683
750199
415041
841362
952822
747703
37089
606813
504349
170503
746803
255565
373330
332218
7030
681338
795965
516558
944608
915757
178963
701934
403931
33347
877829
907086
506433
309217
97800
499824
699565
376298
653504
451739
750017
136853
377038
867822
365340
337448
231068
616542
906803
997403
246009
444348
972844
719835
718839
124920
644746
161393
396958
116714
944961
561828
686421
21577
251723
561939
955805
643423
325937
171817
484605
199335
852880
994890
494898
431011
55594
583047
290739
658752
332416
628428
941328
953787
378736
527433
743247
355867
131975
363297
908307
871854
658568
198995
357166
703551
283197
855688
49191
623778
297172
140144
913664
555736
388525
985666
682823
60904
684082
502893
977907
175276
633978
862
8240
839810
656115
656221
728518
36804
221597
382306
900842
108199
461896
47349
701458
442675
495075
300118
191374
285275
37131
39176
517196
269915
727737
651773
414415
930506
776659
974338
309385
848696
966595
332344
956728
17478
61259
443855
16247
952341
906415
449159
109231
5201
191572
610688
479070
235659
885151
126597
77784
380541
64736
502312
868903
228679
357305
203080
62715
739079
384514
811830
750476
769707
883284
669367
152892
254740
795914
819023
507785
61379
873645
701594
442267
994152
929658
487450
406933
230022
400930
533474
416514
602805
119373
992615
523751
127038
645452
299770
669130
570119
102822
906119
142043
535322
696112
482516
18876
766761
251640
563118
243807
267371
289320
606860
227232
727599
556292
685883
386934
267947
800544
993687
985223
906113
77505
528886
119846
907349
664728
8111
390617
233821
907653
563909
279737
828393
241929
742998
312163
379029
891423
358422
170658
511737
869334
788270
684966
567540
758081
404114
468117
291621
556087
579860
848667
432901
966270
245056
688844
563563
918199
176974
715219
459022
228656
716710
496058
516026
822435
531212
859387
981387
219545
450520
518377
397997
24928
416872
777827
793994
709364
981928
786312
100782
550900
833688
674682
802869
189385
282747
482409
966862
128435
287126
629847
279712
199908
596068
609842
944416
723878
671092
812125
22628
978263
482955
319839
507793
310007
706378
629968
894178
148844
622675
92408
423770
89708
199313
936538
754734
358526
946751
327488
582503
28682
588504
391341
213912
219077
126734
167665
192409
863931
11366
362216
276342
211484
202810
471481
435114
413779
328535
206719
48687
970823
185593
47008
418095
74483
976361
967076
609772
796761
742241
814007
152784
994481
842314
125954
179489
849109
76709
686425
651486
228723
154214
803163
857834
898146
650575
146362
270100
638090
709113
627306
161168
530351
884866
691955
684762
639826
348653
972151
289381
18803
727880
10062
771258
209789
760990
735556
499166
686269
336533
233193
106944
271356
290045
599114
287422
518669
328617
289324
687523
817364
986915
191373
745344
781157
112737
443204
783298
233122
508082
567172
628421
223654
291393
176122
293458
666947
617187
58751
812269
548861
311711
381378
377318
608661
779366
407125
606034
481023
625048
430569
179104
351603
133181
783702
463639
780078
67347
765495
53564
376263
822953
463527
74828
234839
408430
337056
304198
263931
870789
237937
831542
185351
716579
421447
755670
639239
456850
958367
426801
118410
362482
705282
685962
555082
668786
391121
158462
859370
383381
10692
926483
172013
225921
567927
566977
608525
310258
127205
101196
841746
848461
548839
571433
281712
507262
821516
26774
577791
7707
713545
196493
68413
615040
216491
250842
15996
108990
287397
400672
447595
905959
790408
652057
21658
485033
873483
3286
258445
993170
14043
994298
974663
263122
796243
498310
856953
447157
498267
92972
222795
883788
335117
841388
6595
631044
723258
246070
504160
517925
208511
864323
778348
852204
662762
599091
413823
963685
743728
899081
681337
258388
944135
450399
391895
134696
209561
902646
588481
329767
14279
477600
500043
107998
957374
527955
2093
686793
643973
523973
738631
581268
784861
981804
76051
74782
125007
85982
804082
520435
780919
322149
506586
41666
315170
714492
973950
194216
461148
970408
364727
272604
474725
334314
549034
585768
388245
892443
223806
816372
789792
550500
242893
37247
608460
817744
417696
540068
378877
830616
799088
237701
131037
349190
484134
860607
687093
557758
923306
715653
979617
639858
879439
260320
35772
217116
45262
581975
695990
766246
21779
276666
985561
305097
409104
20706
536634
259160
116793
747688
706060
57885
338569
770536
855582
429121
995879
901598
837795
90982
231466
518549
820135
372266
297730
519977
38863
115937
575803
385062
760429
152710
135053
602237
304910
313106
858699
482328
704499
521486
522206
338629
821383
517653
322035
808870
841205
535770
793595
277443
765145
312765
778838
473889
571956
301505
712850
448457
736484
955651
803809
867464
408020
833418
751266
679321
897706
201885
510118
928969
790742
961126
598610
652247
76118
718204
896369
536373
144520
353119
66061
451965
368381
783920
404128
24731
563567
389294
949098
622529
411546
780112
678319
738976
390996
929428
393935
513588
948607
454216
455958
42395
552589
128135
627034
6352
27810
504246
609759
248012
933149
766969
39073
388565
24911
932365
691520
632383
481287
200182
385616
162381
617799
841447
420216
205654
48133
161014
845615
391564
143508
604666
306500
426
817169
444023
156486
334194
766408
615543
145804
148072
148125
705884
824562
295177
407507
833199
916240
521270
130573
585311
784582
337824
635954
767157
915995
100492
991256
656304
285389
750562
406237
900800
205375
213690
661436
803696
682780
173286
303958
286500
605643
555085
124311
937020
652587
938041
390199
732538
378192
389433
378815
115298
411599
927150
421240
885544
686760
307477
364624
675804
277253
900243
502652
660362
633473
62537
58541
