717174
758910
406006
364076
769644
935591
21345
990023
713399
352746
445852
749016
960432
450896
839755
274503
286002
277700
785341
237287
771635
317838
961921
872706
7493
299801
332262
781558
859044
226484
845651
873293
228264
51799
494704
298180
806110
471379
558311
112856
309964
85484
394710
782365
130395
1529
15931
840788
487639
555395
940673
491242
393551
20706
349101
184678
437562
181415
977345
100613
773636
22461
922145
414210
595788
528184
430594
831989
665101
657064
551683
439132
551818
493848
498214
399175
562705
509835
641057
573100
750531
716423
146344
522847
409002
405474
539493
70935
585621
620655
336972
757717
519067
451021
323979
952154
671871
319696
600158
533252
254669
79933
594944
899095
657705
339593
97733
750412
102815
267157
131557
686620
323611
276304
724015
4858
936953
663775
332065
426616
858508
250779
532762
492558
462185
323425
111724
501999
505797
463840
949260
884229
471574
992651
290311
835123
78031
548146
475266
173384
883027
505830
513177
210789
782077
384990
96501
115518
921574
417477
687341
498652
155998
707850
205552
424962
447176
709457
586933
629619
715592
414415
22549
710962
695591
451640
434204
786413
904035
615549
352040
162310
284692
911730
84969
355955
786413
509634
900082
174602
902922
317987
797346
884725
56923
651451
33106
473671
950597
859335
462897
679995
474758
183207
119772
7480
877957
328713
304640
650550
12901
317996
236786
945149
721142
783153
313124
785324
989606
419993
5523
372635
131824
665216
503580
277181
384823
384695
643804
982638
331994
672278
450958
404068
211073
677638
25679
969655
650963
839755
593184
67472
797321
808509
856195
211300
878493
475435
41410
950455
345772
332294
192175
918120
199335
141754
303064
889402
990358
729347
231725
351916
199118
422214
644866
9033
840316
599263
218132
410107
989434
797521
810192
606379
349075
622924
772471
245944
32860
132523
668188
983312
905684
584780
756209
381805
792761
733811
462897
136777
656114
209907
684576
305012
6512
92678
537746
489958
339737
279052
257824
657701
89923
80262
337746
483963
43987
298987
558047
125784
47926
834244
314232
242185
11404
495626
559539
13294
475086
757750
554553
902989
115173
490991
861341
928626
41111
416088
781558
250864
836468
212430
897747
360469
550682
232913
445733
314012
387485
619229
583912
637255
938291
688821
349996
720275
33788
335698
310029
964874
409965
582412
278384
496238
762700
505376
919208
230234
841202
695273
472322
842927
672168
794743
788044
85467
765592
365494
445910
394363
194053
886017
277075
404068
411790
616961
742975
808887
599698
833592
750412
129809
993234
294391
930698
475965
994171
150577
654629
111215
771473
302175
289842
628156
211961
412196
973010
569581
441764
403563
982916
212212
66634
758423
58055
958427
557917
347661
21467
733152
480752
213623
873345
434280
17399
613605
5440
619535
476750
250226
506198
793404
594571
992870
30066
744936
256596
62293
33096
69947
524976
239528
309303
700604
910540
744148
733396
866658
828431
842826
688209
204120
414665
767284
871698
638010
303675
882408
875196
454949
782183
397687
731530
668464
869522
318079
83893
617943
724921
697596
324271
655678
873850
861444
211042
960432
625937
348540
743425
87330
651271
904692
503487
287811
251974
482028
150757
432133
338776
217798
414303
239790
243017
801132
426152
435379
492558
896576
402402
461611
406252
844746
676889
533930
703761
51922
403624
455167
606062
376974
242528
892233
516475
270619
571885
822914
265026
175089
865771
142282
793866
867568
270158
935365
20097
598958
358319
674306
241167
716682
69776
935591
42890
576389
629061
495433
253038
87087
367119
362255
786460
725529
717604
876803
606858
630002
226332
481034
437828
361173
353729
411505
375078
464593
809012
166587
425738
43749
697701
586598
465020
740308
413111
412716
592380
481601
901013
759933
310914
357837
259834
759974
419845
740083
439333
875358
952628
700067
705757
316038
646995
613339
529335
187606
926509
976641
576136
489708
292700
299900
642462
744446
140379
508802
257802
352040
911049
765648
864082
982367
307881
675059
528075
743425
936899
451021
651250
406006
365582
815159
427305
334403
141053
673324
111576
129722
403842
624347
425291
150757
743770
246693
782365
381378
797971
610697
923196
38450
364338
705520
767000
908348
274229
849838
880771
919289
103429
51922
347016
643742
144683
675059
757308
975414
506509
739961
43321
519881
805669
339480
587566
757591
435122
958427
645154
218439
680035
689863
509835
998742
701251
106127
758842
151401
912570
803149
518206
965189
782077
748338
719109
344358
175125
550240
285430
842826
887489
485308
774784
563899
101196
394566
192265
416815
487325
699446
269495
543473
572570
665764
133037
376046
916933
915021
774784
74731
80485
771320
782982
459957
503429
218529
640682
225088
191454
126200
612663
551683
921952
489416
17768
700629
721253
419828
424001
4489
859335
814626
102415
62298
134432
963661
578615
335117
917858
904663
173631
657755
922108
477600
186318
500120
304736
284548
134570
728111
36031
362842
629602
621358
665563
943417
536812
113129
638726
714711
701316
196701
170201
980198
869629
552716
13094
504672
292509
681625
798144
16003
916933
748658
211300
892855
128291
247246
475945
563222
869446
27870
184728
37476
659626
935345
783210
639188
41666
49687
146040
13208
18958
668188
927824
38139
155138
493143
634760
684879
448313
240781
989331
177261
56923
695902
164301
970408
510848
308163
187117
334556
564634
827506
216286
699813
241328
271293
10854
244194
893502
32085
996543
817003
806110
314012
217296
717474
444871
995035
548665
889608
6140
117587
382994
547045
36612
83419
454675
539493
20706
365223
752240
996136
732547
186389
845084
412479
978905
96981
894464
565634
155138
516944
468814
26391
620453
751336
588359
825366
873246
710846
732624
146040
263960
984041
93581
897932
462904
660202
102415
536244
935759
808090
443478
733152
654169
312212
419092
545949
37426
577702
671871
709189
636542
270065
467778
204531
221554
992112
522977
333054
265634
689743
368016
972947
344145
559858
74245
406952
416992
801132
357666
863994
654127
872798
35962
2815
230152
357123
435140
591476
271302
808743
392483
616382
357123
49090
980399
700550
685219
866417
333031
458850
254444
201285
787560
498214
359101
522292
294742
275184
244174
568186
677296
117694
275683
135741
186096
143580
125879
726134
588406
524460
380951
420119
15807
534601
838388
809576
461415
245944
150757
354447
765352
876592
673123
837448
448390
169688
651260
831485
225314
683189
662112
721115
774883
308
412196
860131
734327
861924
192377
978887
146523
742310
938819
92630
70273
586933
742023
928626
706832
348183
427326
247246
104435
394579
219294
418748
73542
559845
466411
18396
13739
286977
354599
25691
211300
995868
22251
661436
640826
831419
385775
516475
983636
935529
624761
370868
723094
465344
153348
447001
218931
841703
409640
495626
379523
745742
309246
517870
893269
77303
448772
990911
984142
317595
18569
711333
359859
739961
527681
994171
