849647
113727
184287
505638
738801
274128
345931
289206
319225
951718
161111
421340
812715
434868
981304
474550
990688
420793
148626
575073
578721
466732
838392
419569
828418
333812
525934
733809
160591
302154
930946
295654
969631
451681
64932
883024
207878
999119
438579
197360
292114
496698
527104
213970
692218
248701
760552
904207
837653
555233
519745
349724
831307
247795
788346
282202
216245
98157
652946
198808
384480
582044
104279
300412
934125
769005
543570
523147
350227
125501
878090
285281
158028
575644
290031
799335
733442
259387
478857
108833
209679
944825
683236
730597
854549
478617
122802
331425
571471
784767
1459
983202
123250
109406
872125
756421
35933
132809
930879
463622
165578
13014
610764
912777
654023
142044
882868
195151
513716
113322
164327
823194
288874
970746
298718
498220
566358
569862
155735
138307
485300
630037
597329
514718
215972
83562
237076
361759
410064
195747
306188
412842
673556
561035
955331
606853
766527
325703
716210
829556
941651
649197
309429
333744
872394
782407
895849
78630
322358
224191
756939
828513
3041
208082
14068
970297
503171
316776
695473
273670
157072
468447
736383
504163
218676
160994
4343
426658
262015
340036
688848
606803
47884
96928
302651
569862
506741
491048
761856
738365
881227
578478
410233
348860
894105
286184
296982
500391
732508
276746
183055
599095
97976
770837
792921
366107
201660
943480
450651
435831
142107
198151
678071
875309
577433
497886
392764
294534
513493
690398
170320
27389
370481
274183
724
158126
106682
774326
704896
484706
201254
922597
208267
284266
423533
94133
187605
856318
868895
749067
733242
973312
302789
131098
448339
222433
788692
869748
501382
922329
148337
871469
132860
585416
950263
674517
319179
954270
92861
494675
938806
955949
91852
941317
467847
242582
95915
251339
872080
31996
928215
773732
104775
942715
945562
406848
764631
523857
909813
319630
657187
647705
629736
196448
940050
976222
779197
307754
922513
176416
9769
140951
507428
500138
703702
205742
126779
228959
648126
46636
478290
385924
869860
520257
936449
744197
72823
816950
559968
141211
361231
610823
569459
259186
36132
811362
216757
767072
847438
646160
292773
296533
733250
92153
467847
570789
89418
472939
623040
306857
90327
820470
494675
525745
389539
921479
76990
191177
817575
3081
836388
770837
350219
793010
604874
467940
122149
442462
619278
161822
396912
772081
624285
147752
524723
303567
303573
15136
114495
4667
347389
41387
738141
150079
804275
117683
913900
119453
323098
487058
102675
19929
587796
875059
370980
553832
584122
843766
427764
449387
567017
522160
482237
957835
284757
306016
479604
724813
5354
232208
608963
762125
334911
141229
223652
972043
596029
584845
489159
577435
149620
485037
746983
637289
768454
643985
784204
588503
520664
320258
537471
500971
134694
927085
527529
161579
194873
389891
102017
697222
861387
870425
826379
471232
608892
936432
601470
648802
289967
701686
427864
453980
937821
377432
234155
619975
19565
496991
123972
888627
553726
802492
757550
868131
947992
129545
445808
451143
895138
909617
743174
15228
584583
248326
603582
131127
99351
466182
446675
336188
130116
797005
841778
266519
416486
96986
699034
273085
136279
540164
156229
656047
392007
314993
234026
262204
502649
479292
158231
3613
509512
154735
75006
306781
920325
952537
686465
5936
430951
878075
951337
656890
128903
955150
859306
376834
932602
206054
619155
363303
476659
15926
22994
735222
514782
765257
420400
345056
174958
470539
212670
192984
556955
338916
859628
528534
509999
289374
761809
320571
489357
607101
100209
998447
515158
432179
777995
427059
619532
88447
218281
819692
824615
135610
774004
281960
717356
690710
713511
233178
490045
505158
395894
659152
438745
140487
922597
149485
171946
8606
299227
309784
208425
625315
476698
263926
380557
203941
365220
833121
106056
818168
77797
51590
554987
155861
829675
945880
955348
298017
764801
588182
360082
816222
448329
249673
131881
520845
414014
340838
353495
261530
283380
590822
90181
123170
398637
681441
221237
109613
695145
214302
976612
363001
359104
578199
132247
403824
905137
264033
893831
774123
87721
289635
5709
731170
484765
166730
911742
919772
701926
879167
406959
719973
359796
296255
415417
27389
52629
308737
247741
439084
344970
969549
327835
2646
130133
886202
126120
861554
938551
460745
325606
494423
647895
665490
467494
413668
871319
208572
469002
910208
460515
559476
846910
453456
549735
87078
18399
256093
196442
821285
296717
377255
166550
447402
534611
632466
869500
662521
417971
545576
782937
940190
298225
316267
597558
417358
766835
141679
233780
840058
674237
533675
665320
147301
969203
996184
348629
974478
155770
758576
511197
188613
390926
20981
140704
677824
485956
478026
674188
216637
3457
805308
568358
766388
528811
688003
293764
824111
41853
964539
2338
366077
714631
589891
221747
617443
821577
171986
386531
971104
41898
889435
329694
128497
44429
743022
780586
193454
240602
727206
459987
771488
585859
719423
367550
665320
228448
602468
407143
229973
147752
20622
127627
917361
489489
270099
121555
818309
552903
857118
238096
25451
796508
491038
265338
927034
129873
47629
239991
404270
593620
683643
929527
540577
281543
518422
105356
270858
146393
133268
19210
646185
611315
249478
20775
680916
428299
482023
721046
385328
761658
430404
278981
623249
540485
277101
196448
176746
629376
986726
511782
157653
908985
936432
988882
662746
159968
84016
933855
768246
287522
661258
565930
283471
196745
790999
943724
924361
551107
211785
243771
432863
906079
13115
922688
348629
655183
147719
93362
150967
696303
635952
833032
238536
282229
162743
368940
955658
911950
673748
485037
272814
644988
804521
162209
394412
415914
84169
813359
117389
591768
63644
641959
321325
476576
755612
506032
30709
21595
553606
967585
339449
358958
405053
78517
853917
72681
788604
925932
255404
593026
695633
795960
186471
31495
23995
521302
641191
615194
845564
938756
302154
872125
37336
522029
86968
334276
887180
121910
459372
971093
720692
202433
738492
238073
712220
921837
78931
298248
69651
590427
201997
775455
865154
294187
92930
818134
269342
471625
134332
485993
742808
649446
147431
398847
870743
777217
151461
45398
785471
560136
537455
837211
505103
965011
887446
524312
98956
184828
782324
987398
205150
772947
97976
244650
529540
541147
46518
58752
64120
479723
325606
595893
293572
94133
453142
904359
686465
86136
134543
788003
107734
316947
471756
332436
327151
367445
733447
124439
657249
613893
412378
308035
367299
56000
37337
829435
713235
82340
252537
640067
949222
491938
546287
922839
205750
72128
409267
43460
696894
34144
282004
581459
640693
131368
679871
405669
588182
186522
735977
717409
260042
12913
487701
533481
60390
921135
737505
789304
768
155883
761021
176253
194600
628747
971974
940868
621880
709769
750128
470641
986237
406373
331459
345056
129259
40547
888603
839210
692860
435599
358168
820179
100565
947373
882868
212670
219666
