849647
261684
184287
505638
738801
644624
345931
824474
388595
951718
610791
608903
812715
959897
352000
242632
844915
535644
148626
385962
812895
484056
18146
196779
538591
665867
525934
733809
518186
238805
857696
947735
749623
451681
64932
642117
884999
378777
438579
347088
292114
496698
738449
213139
692218
248701
922173
904207
294438
789891
24901
349724
923318
550107
788346
284636
216245
98157
143183
398075
158638
202562
619694
198812
934125
269332
543570
523147
605345
53836
968194
285281
961997
575644
190071
574502
924796
234165
478857
485641
316562
93689
683236
124560
466763
478617
770265
499862
635209
784767
656042
48637
735200
109406
206074
756421
589174
132809
791642
208852
165578
564691
443970
912777
654023
732508
882868
682719
513716
113322
164327
364520
288874
970746
271610
941403
498550
569862
516361
138307
485300
630037
597329
855003
215972
71263
237076
392952
410064
478780
458931
412842
673556
561035
381172
920667
44539
325703
470113
829556
104805
490907
395142
965621
996980
803695
895849
947958
322358
516877
254766
343740
3041
208082
14068
930769
503171
861600
989512
977585
772336
468447
736383
249730
218676
602685
699763
426658
262015
340036
442179
606803
537119
476283
342755
569862
506741
491048
176848
359464
881227
578478
410233
905813
894105
958537
587204
465163
732508
400396
827244
119861
97976
34848
224195
366107
494076
943480
450651
288373
142107
641218
510359
875309
69074
325489
252743
755382
513493
561043
170320
27389
370481
73733
503021
23181
106682
738116
999183
121188
201254
922597
208267
284266
823510
76026
187605
672438
868895
749067
733242
973312
302789
287582
67880
222433
788692
869748
501382
315851
148337
608568
132860
585416
950263
700985
319179
954270
464703
632157
300221
955949
91852
941317
283183
671401
95915
542397
872080
31996
928215
900209
104775
888024
782683
691868
394035
791307
39368
319630
657187
647705
928995
437362
940050
84284
779197
81256
922513
546820
626073
140951
507428
786963
703702
842556
126779
409831
200888
240356
832577
900163
869860
269125
836943
290331
72823
816950
244200
605108
473863
410804
569459
321189
36132
811362
838620
732900
703471
34169
137802
43510
733250
92153
283183
570789
89418
472939
386269
419287
990842
825253
392155
525745
980422
969293
76990
605736
817575
665008
369353
444749
350219
575973
604874
467940
122149
442462
619278
512291
943759
772081
624285
147752
91927
303567
303573
15136
393671
628361
347389
43127
374675
110941
660488
117683
913900
833392
323098
487058
31791
126709
587796
112753
987279
502952
584122
843766
427764
449387
567017
522160
631832
96164
484959
600414
939856
573381
5354
171253
752818
762125
745246
974673
621070
845356
814752
584845
489159
53404
604144
274225
718180
637289
382710
37257
784204
446855
520664
320258
537471
500971
134694
927085
261310
161579
230837
622466
102017
762541
861387
830954
765115
471232
42787
835209
976176
44136
289967
990842
427864
453980
85703
377432
234155
619975
226993
496991
967110
641467
553726
802492
757550
868131
947992
129545
387412
357700
741850
909617
279723
283201
163418
901052
603582
131127
99351
745186
446675
122640
130116
387421
3073
266519
416486
153817
145622
349943
136279
540164
661896
776591
490812
314993
694880
482605
502649
729000
158231
44526
414862
154735
370559
306781
652232
952537
727414
3650
430951
563196
155657
630263
292358
955150
859306
231405
549140
953098
884969
363303
476659
55265
392827
735222
514782
238887
420400
127707
174958
163821
589623
192984
749375
265722
946926
528534
509999
289374
498883
320571
525722
320571
936398
935852
515158
762146
274536
427059
757315
656947
697711
495573
824615
235551
623331
281960
168276
198460
713511
233178
490045
622889
922616
374675
597330
140487
922597
149485
82615
983548
267085
434802
443793
338853
906047
472699
708369
292735
313684
347107
106056
818168
93645
155744
128154
191260
829675
163068
765576
842603
764801
863098
96366
204811
101065
351639
131881
520845
414014
340838
281113
298867
283380
884942
90181
601186
459278
681441
568927
559148
695145
214302
360441
363001
359104
578199
132247
403824
322126
60137
345655
774123
87721
289635
5709
762232
721473
422310
127982
620513
701926
839668
406959
457458
868096
530798
43460
27389
921543
308737
247741
704248
901052
936091
420827
2646
549180
886202
247851
861554
437451
798495
303987
494423
777148
72681
467494
454979
539
975541
634589
328634
880194
629153
755046
319055
549735
121671
18399
178463
615058
821285
296717
377255
166550
447402
113099
908141
869500
373633
417971
648610
782937
948855
526948
34290
597558
222377
766835
237585
233780
957290
674237
407601
736681
315211
189665
996184
348629
27518
994873
522937
511197
295066
482421
663930
41599
980017
512868
478026
190791
216637
483708
805308
10632
766388
799219
461727
775883
718797
268731
964539
2338
636491
390090
589891
54946
436074
821577
171986
386531
971104
41898
25552
329694
439420
204813
368844
601561
615544
876486
727206
459987
771488
597330
486265
367550
513652
133177
602468
407143
87815
147752
20622
534473
316562
987201
488463
121555
818309
91100
857118
238096
675339
576639
491038
265338
557220
608418
125746
239991
404270
416568
683643
929527
69532
595976
736932
105356
270858
146393
235454
19210
646185
843937
986147
20775
680916
428299
482023
691183
52674
761658
430404
718585
858725
45447
606107
437362
176746
629376
986726
127365
473398
557859
835209
69347
185328
159968
725254
933855
137112
878215
661258
565930
80372
196745
790999
687085
924361
551107
74220
243771
432863
906079
804870
922688
348629
418498
147719
190486
150967
696123
504230
833032
238536
763581
162743
412942
955658
669536
481935
115120
567227
168271
850577
162209
394412
504471
38462
574222
583055
530033
596416
641959
321325
286594
61422
174062
30709
75414
687584
967585
339449
649729
405053
724333
853917
72681
303234
839615
255404
593026
89916
139737
851886
635666
23995
521302
976722
876457
845564
938756
238805
38712
37336
815508
781799
762701
887180
675398
203835
69836
720692
202433
738492
637798
464157
921837
253205
576453
7451
590427
201997
775455
865154
786614
772990
554227
307868
471625
596692
423801
53784
359369
147431
398847
395409
777217
26115
456754
785471
560136
537455
837211
505103
679579
234048
354050
98956
515679
782324
987398
205150
148163
97976
564363
994771
541147
469566
58752
876214
448386
303987
21262
293572
94133
799091
915822
836820
86136
134543
655408
107734
316947
471756
332436
327151
876403
292309
124439
657249
613893
412378
308035
367299
510446
821369
829435
858151
82340
974597
640067
806600
491938
546287
922839
943600
72128
749467
43460
708554
709232
282004
581459
640693
131368
679871
853776
863098
186522
920228
480003
260042
12913
952190
533481
173009
921135
737505
89936
768
155883
761021
176253
194600
628747
812780
940868
621880
709769
750128
470641
986237
45874
441916
345056
827513
839906
888603
797181
843347
482757
936352
773671
100565
947373
882868
212670
219666
