849647
113727
184287
505638
738801
274128
345931
289206
388595
951718
161111
421340
812715
434868
981304
242632
990688
420793
148626
408444
176495
466732
838392
419569
828418
333812
525934
733809
160591
252946
930946
947735
969631
451681
64932
883024
207878
999119
438579
197360
292114
496698
527104
818338
692218
248701
760552
904207
837653
555233
519745
349724
831307
811839
788346
282202
216245
98157
652946
398075
384480
582044
104279
300412
934125
769005
543570
523147
615175
53836
878090
285281
158028
575644
290031
894819
733442
259387
478857
108833
209679
93689
683236
730597
452628
478617
173673
331425
571471
784767
1459
983202
123250
109406
872125
756421
35933
132809
930879
552324
165578
13014
262174
912777
654023
142044
882868
195151
513716
113322
164327
472474
288874
970746
298718
498220
338747
569862
790702
138307
485300
630037
597329
514718
215972
494351
237076
392952
410064
106245
306188
412842
673556
561035
955331
920667
766527
325703
475923
829556
941651
737632
309429
333744
872394
782407
895849
78630
322358
516877
756939
828513
3041
208082
14068
970297
503171
316776
695473
273670
157072
468447
736383
504163
218676
160994
4343
426658
262015
340036
606335
606803
209290
96928
390812
569862
506741
491048
761856
359464
881227
578478
410233
905813
894105
85031
296982
500391
732508
276746
361880
119861
97976
444749
224195
366107
494076
943480
450651
630852
142107
198151
510359
875309
577433
209725
252743
294534
513493
690398
170320
27389
370481
73733
724
158126
106682
774326
704896
484706
201254
922597
208267
284266
201389
715970
187605
856318
868895
749067
733242
973312
302789
131098
448339
222433
788692
869748
501382
677072
148337
871469
132860
585416
950263
674517
319179
954270
92861
494675
442282
955949
91852
941317
467847
242582
95915
251339
872080
31996
928215
900209
104775
942715
945562
406848
764631
523857
909813
319630
657187
647705
949848
196448
940050
976222
779197
307754
922513
129458
9769
140951
507428
500138
703702
434403
126779
228959
648126
46636
478290
275510
869860
520257
776376
744197
72823
816950
244200
141211
361231
610823
569459
321189
36132
811362
216757
767072
456930
646160
137802
296533
733250
92153
467847
570789
89418
472939
623040
306857
990842
820470
494675
525745
980422
40211
76990
191177
817575
3081
836388
444749
350219
793010
604874
467940
122149
442462
619278
773889
396912
772081
624285
147752
635070
303567
303573
15136
393671
926611
347389
43127
533693
150079
804694
117683
913900
119453
323098
487058
102675
19929
587796
875059
370980
553832
584122
843766
427764
449387
567017
522160
482237
957835
284757
306016
886542
724813
5354
767363
93689
762125
334911
141229
223652
972043
596029
584845
489159
577435
149620
485037
746983
637289
768454
643985
784204
446855
520664
320258
537471
500971
134694
927085
527529
161579
194873
622466
102017
697222
861387
870425
826379
471232
608892
936432
601470
648802
289967
990842
427864
453980
937821
377432
234155
619975
226993
496991
123972
255054
553726
802492
757550
868131
947992
129545
445808
451143
895138
909617
279723
283201
206076
248326
603582
131127
99351
466182
446675
904121
130116
797005
841778
266519
416486
96986
699034
273085
136279
540164
397490
776591
697778
314993
234026
262204
502649
883609
158231
3613
509512
154735
75006
306781
920325
952537
686465
3650
430951
878075
951337
283159
849091
955150
859306
690574
932602
953098
619155
363303
476659
15926
392827
735222
514782
765257
420400
345056
174958
470539
212670
192984
556955
338916
859628
528534
509999
289374
498883
320571
489357
607101
100209
935852
515158
432179
610273
427059
619532
30320
218281
634287
824615
135610
774004
281960
732380
690710
713511
233178
490045
505158
395894
374675
438745
140487
922597
149485
171946
8606
299227
434802
340971
625315
476698
263926
424925
285295
365220
347107
106056
818168
596557
666409
554987
155861
829675
945880
955348
298017
764801
588182
360082
816222
844294
351639
131881
520845
414014
340838
405439
261530
283380
884942
90181
123170
317321
681441
625363
109613
695145
214302
976612
363001
359104
578199
132247
403824
905137
260524
893831
774123
87721
289635
5709
762232
800820
475377
911742
620513
701926
188146
406959
457458
283574
296255
415417
27389
878740
308737
247741
439084
248326
969549
327835
2646
130133
886202
126120
861554
938551
798495
325606
494423
647895
598384
467494
121910
871319
498510
469002
328634
880194
559476
846910
453456
549735
87078
18399
256093
649636
821285
296717
377255
166550
447402
534611
908141
869500
31327
417971
648610
782937
940190
298225
316267
597558
417358
766835
141679
233780
840058
674237
533675
284071
509573
189665
996184
348629
974478
155770
758576
511197
188613
390926
429161
140704
240768
485956
478026
674188
216637
3457
805308
755029
766388
528811
672423
293764
824111
41853
964539
2338
200696
714631
589891
221747
617443
821577
171986
386531
971104
41898
44452
329694
381840
204813
368844
780586
193454
240602
727206
459987
771488
585859
719423
367550
413446
56939
602468
407143
229973
147752
20622
534473
917361
489489
270099
121555
818309
552903
857118
238096
25451
18858
491038
265338
927034
129873
47629
239991
404270
593620
683643
929527
540577
281543
405234
105356
270858
146393
841311
19210
646185
611315
249478
20775
680916
428299
482023
420194
385328
761658
430404
278981
623249
540485
606107
196448
176746
629376
986726
511782
157653
908985
936432
988882
662746
159968
84016
933855
768246
31397
661258
565930
80372
196745
790999
292501
924361
551107
211785
243771
432863
906079
13115
922688
348629
655183
147719
51921
150967
696303
635952
833032
238536
282229
162743
368940
955658
677460
673748
485037
497137
471232
804521
162209
394412
130721
38462
574222
583055
591768
63644
641959
321325
476576
689044
436567
30709
133088
687584
967585
339449
649729
405053
78517
853917
72681
788604
925932
255404
593026
695633
795960
186471
31495
23995
521302
976722
876457
845564
938756
176553
872125
37336
522029
86968
334276
887180
121910
459372
971093
720692
202433
738492
238073
712220
921837
78931
298248
69651
590427
201997
775455
865154
427392
92930
818134
269342
471625
752880
485993
742808
359369
147431
398847
870743
777217
372460
45398
785471
560136
537455
837211
505103
965011
234048
59363
98956
184828
782324
987398
205150
756064
97976
244650
529540
541147
336569
58752
64120
479723
932574
595893
293572
94133
453142
904359
686465
86136
134543
788003
107734
316947
471756
332436
327151
367445
733447
124439
657249
613893
412378
308035
367299
56000
821369
829435
713235
82340
252537
640067
949222
491938
546287
922839
205750
72128
749467
43460
278165
34144
282004
581459
640693
131368
679871
405669
588182
186522
735977
717409
260042
12913
952190
533481
248051
921135
737505
89936
768
155883
761021
176253
194600
628747
971974
940868
621880
709769
750128
470641
986237
406373
331459
345056
129259
839906
888603
839210
692860
435599
358168
773671
100565
947373
882868
212670
219666
