591158
588042
791211
317275
254398
222890
648261
236503
95245
173110
417011
289351
371569
555268
981304
609688
536183
218468
782793
431379
663862
120534
913955
235381
439222
333812
464138
30795
32451
585661
656578
204537
725481
636224
64932
121597
314664
742820
311266
704170
828834
24635
589406
998896
566714
248701
760552
622517
505313
861610
867347
752736
691666
400023
738652
384071
419198
243483
951841
118831
512933
140403
104279
222532
997125
234184
661669
510012
621332
470765
655216
173636
852435
97555
628924
424474
934592
599707
194846
374898
536349
48719
381474
454394
126395
481369
724705
164668
571471
659417
752612
306758
584306
633518
45549
60798
97673
500249
291457
92635
757263
875638
594515
797694
622073
571206
179806
32130
918246
109618
857402
530441
924210
328116
271610
120472
204061
391031
118021
969908
70182
154686
24444
278587
295842
111375
568322
793140
563068
195747
482692
227861
704587
661459
2304
675048
167057
241128
293315
829556
772449
60482
453720
632648
5995
827665
245617
877960
380865
806117
81663
278687
738652
585219
62690
313765
254580
595363
121855
557483
772336
542162
773332
674264
746813
585818
911760
571813
878088
420601
532903
596393
932368
247728
101692
391031
506741
136054
847472
341458
628115
746602
664614
439143
60969
24235
615116
784113
571206
717027
839907
479814
440019
869399
797580
163878
293866
285951
173714
155853
286139
185402
387219
987661
732832
183597
347475
400507
653155
131626
44999
371238
902467
545620
318549
370868
700006
436296
789866
27199
752772
183214
208267
621315
949271
637169
331489
662800
868895
339588
547690
589527
291492
857112
667569
669126
601217
195565
929103
85954
15296
387261
462362
550765
516501
286772
536151
52214
92861
909426
620909
319712
268015
752062
467847
739657
489494
38638
719280
383285
911884
778913
104775
675836
314116
572341
284769
643887
318943
514770
125975
698476
506600
540206
788045
420518
248148
188941
420796
696346
960945
104698
507428
12793
332831
34495
751688
491284
41224
952933
318032
914173
64732
222194
991939
984860
16738
668836
384427
727709
690344
93265
569459
189402
335091
844058
654288
680869
989019
531229
410742
594367
111349
507689
467847
666827
291200
666980
981678
821320
641879
38980
909426
987459
852980
206875
45347
899397
149099
319125
794274
869399
184504
431354
833974
933843
455917
924669
287962
389841
996876
44353
175182
968695
393856
721193
357863
517096
83023
4667
285329
194204
739191
634618
42223
125817
302001
771731
519538
550765
524900
740306
255178
984071
826141
257828
365062
61666
300776
245509
344957
129019
379793
575989
436379
456255
79288
835823
983018
379325
48719
261783
163579
677422
785573
518342
473807
567625
83839
433400
710274
117814
129427
98952
268050
699427
717772
701506
261788
208265
67885
500971
445785
927085
918465
175881
384724
974651
102017
796401
828834
870425
330355
755346
850010
470472
87326
286462
890714
641879
74651
550509
647434
859153
712287
670956
12694
67420
987650
822362
512049
970248
480697
700446
947992
198713
445808
868924
956199
224816
320951
525377
156791
488814
380020
8532
649300
197914
336541
773466
296512
93961
657937
252441
831994
563904
807775
617417
62355
24549
316013
234217
999356
866524
739530
568573
829766
841728
687079
841838
136190
174436
732840
57114
958643
109990
295227
5936
550509
335605
125262
853656
952369
454545
781708
213188
388772
296083
558466
717692
377957
390546
816753
331489
186148
557211
933144
564026
648956
900849
97682
806568
354348
531514
809225
861334
443782
610600
252114
226750
597635
226750
638652
114259
454480
811876
233168
345834
761536
352595
796401
853392
870820
796936
992409
281960
946306
517607
757465
142430
557837
307772
778913
739191
432001
837813
183214
362911
156770
377830
221660
507115
466307
504079
72825
65286
650629
883567
557380
624443
379281
671605
92861
698085
568862
543366
844058
441099
625312
772443
653492
863098
897097
33803
637977
471000
131881
401980
279686
566142
229781
107452
792841
924608
156100
744629
121797
862271
127496
250202
695145
214302
386758
600884
727007
695300
974696
403824
109839
440960
442847
865746
87721
403685
927613
208648
43667
392571
791060
286402
516982
999120
748687
286192
761345
390273
47916
371238
58830
271560
687830
353637
488814
839836
767171
466391
530817
996677
412566
774339
207519
48741
708273
142430
972784
765918
705618
130016
120427
689757
678569
588460
224363
251311
623081
803454
293126
12742
439508
365095
845585
758139
10818
366981
138794
606030
888758
632466
442993
363998
52892
342353
926190
506592
85742
695300
116117
289796
43497
502341
234354
407190
621565
533675
772277
355265
714304
138500
854577
384107
155770
522329
244065
104463
947570
72857
704932
510125
968249
8788
37830
533533
789866
844861
342904
692408
886092
695739
395745
427449
533948
430595
422480
124013
257412
484152
46316
271304
796936
693662
666980
971104
508848
870937
346162
388840
540714
773242
134822
193454
876486
802001
459987
771488
432001
822786
857500
772277
977476
754193
21456
740213
968695
20622
302881
536349
552969
207861
680045
292031
552903
829629
174901
771493
506006
411679
476657
557220
194877
125746
196637
748362
452763
443513
41787
830192
903760
320344
393989
270858
231883
407174
467144
714902
907558
958165
393644
647800
153134
208075
911557
259886
581444
410031
329028
939768
654645
63253
540206
392139
420601
34964
935110
484275
233168
470472
535433
115088
262827
70314
677415
124230
840016
352614
232976
481137
299942
478593
514069
763016
401362
757897
246556
823200
795413
836215
769734
854577
118204
928581
731395
806002
443738
390374
400834
970896
177999
162743
580273
522212
421997
816753
117814
540571
704160
767053
686202
699171
532385
218498
561155
314099
319645
56125
605261
797580
501230
233200
430724
449234
147730
829448
844477
580875
358958
21640
955969
488852
765918
795474
67191
898555
186897
632897
795960
464265
742091
743144
673825
322432
24662
929204
572971
585661
45549
929204
143340
439673
341540
95146
130016
505262
581444
164890
707326
738492
947102
712220
665354
487629
983458
962247
216480
949415
152829
525934
294855
656064
426328
75981
685073
134332
265667
922040
197248
553530
185236
947439
96536
124663
751891
551353
971858
690255
692997
119182
679579
344245
472190
742976
234981
71117
170500
460882
150503
440019
251287
700551
941451
99622
941358
618157
144102
708273
615620
364149
637169
447875
186111
295227
497259
84737
161407
953659
713727
874204
622904
485944
486924
846122
381218
763437
598739
530908
119708
905990
600505
914079
630919
578368
158384
283256
562187
625552
575119
608872
56070
626447
865969
354343
47916
139029
658552
13581
266063
625598
171574
62690
620372
863098
544046
479442
476657
260042
297935
716632
511101
191465
524050
103769
407933
768
426992
761021
538966
402850
737247
171853
800436
108901
709769
999225
488962
881824
271560
256678
564026
867048
788336
282805
250827
188941
32800
826599
837599
219898
394924
179806
97682
17772
