358055
927630
38319
351917
310573
644308
655657
523837
510209
795810
224313
689774
13968
205552
982979
283614
610029
605693
153253
604810
829672
182682
133115
337406
286861
855830
398311
59588
345242
306293
819854
806494
896067
890252
705178
322982
74648
2145
385213
150055
65093
972900
7565
539587
884639
269215
177033
552220
791088
274742
323617
358463
35275
672883
456635
385612
810219
705485
153488
843997
360205
469186
113959
337454
175405
31577
469461
40779
164305
772643
74289
637608
763003
435988
438988
959724
474599
651761
355989
269675
398610
455486
48893
884829
302263
585219
826292
689571
692201
459964
493888
769099
561196
890040
785146
127043
205116
293792
126692
170857
290361
151837
478178
438800
333718
148449
227655
732645
797603
928550
935160
804564
718365
683883
715782
457449
273894
262834
568035
255342
368655
963288
16662
363102
207745
777299
167652
999557
584736
580208
298348
535769
59928
172124
807868
539223
468014
402373
955472
875547
606790
105376
236677
716902
416045
728199
483775
561020
425460
395472
151522
799993
807660
180413
288986
719412
567499
141071
728514
829591
139831
847334
864275
729076
233254
967522
319710
119814
253716
403799
356079
650067
467626
916951
778459
184369
458491
698203
566224
12782
422977
918043
98519
216627
770541
996474
962533
629129
421871
207593
828696
534242
489459
96208
588801
552260
607933
214000
469461
596676
83584
89612
198164
876404
32337
323345
352493
671363
241201
905411
419509
459788
428292
78758
941365
782484
430833
312992
514041
22022
502189
419295
159532
730057
105704
406436
170717
603654
247155
684797
745894
901082
743690
301871
680981
115394
687927
745531
505804
949832
489596
780891
92794
424672
599668
354347
444538
740605
253523
910086
567181
33558
492061
739952
232728
798232
704278
369001
677324
936533
61010
700544
399631
827290
963258
278743
737548
409408
416529
256418
815682
861794
5116
734991
57676
949563
937003
376598
460889
334689
863498
991221
129930
699409
975130
75784
515071
517791
756913
33559
814860
118718
922230
338905
606267
851713
10180
722828
290578
158265
388068
401757
10994
687770
638188
612108
88318
924993
197418
792591
500202
644721
491342
325385
383415
651642
317009
699604
638661
143284
771602
730770
882789
530092
262733
989087
772464
841743
253226
753824
148545
741806
938727
258077
931955
689088
847334
482237
600034
420488
401932
132937
514470
956218
881477
758597
749122
388956
674189
66409
616331
677534
221570
182887
902294
713235
854007
411049
588880
137666
408598
963729
149853
67424
944096
854581
907555
384211
626807
741504
647181
168762
328705
189510
881420
646472
864003
614350
773816
526550
528970
681056
131027
693706
938983
255898
931847
341141
216321
11697
75495
487271
949971
96543
805916
115858
766629
992133
255448
809069
115943
553323
174444
563020
995611
110314
89828
935947
740815
237378
35270
394103
797837
671038
588005
758597
586789
382962
350325
658464
375493
297769
940465
667762
194995
617386
959001
342513
813355
632652
960324
610500
765754
535916
553528
164587
624175
773099
266975
764335
157533
359941
781652
787141
177116
636325
668428
161887
573661
259260
300786
413978
848852
282959
953741
212256
968842
424796
146970
9358
150570
147389
211397
483130
508367
887153
580175
833630
941183
840595
493915
328890
906302
977750
569370
438544
836497
896254
908782
341767
428346
464304
573560
756359
758389
330907
817933
324917
737740
538149
209045
163181
3890
195844
355811
480586
573196
248185
551003
543408
64376
351937
843073
297963
805778
704382
963710
803985
114134
613277
687755
688243
778498
81635
268638
219636
622893
180254
171660
760207
737285
835961
95857
321692
535886
374637
979945
1350
385761
429242
512774
158211
989996
860577
910693
330624
592694
896670
629562
962941
248988
67815
854512
904365
600432
729676
740878
671289
112192
615240
445754
638113
414988
722192
732709
325533
542351
259747
840367
165270
360077
823452
84892
470023
172112
386592
397417
745412
694009
843701
675304
511111
957794
655322
411336
397471
682694
736152
68410
57615
348490
302683
812191
551327
484646
942174
671493
71517
511824
918947
179469
193740
554438
875917
581332
177365
278877
904521
955525
373026
219900
739962
530031
98553
97140
52982
382589
449718
667140
499718
752515
85804
708422
654660
736863
418731
331234
722933
88170
942845
903540
750367
53221
372444
841069
383329
760329
973208
687666
867277
503379
792697
808878
82794
101893
580035
454297
540487
772643
995758
641966
5171
661586
460853
710245
447340
77138
247861
729211
539602
114874
429787
407936
648087
740886
722101
836612
227290
891547
9094
173188
809013
868992
721465
860450
601078
289804
597692
957147
382944
54653
382391
67205
509756
76568
147605
523795
886369
131643
387504
262337
485261
146928
528513
727228
722060
753886
185203
135326
702440
115577
761414
37045
803023
690492
778209
941351
768878
761976
1075
350963
207039
282110
447422
906456
202104
832668
121196
109822
286880
710392
917132
860445
240710
305905
69914
984155
313683
167781
571963
466137
701502
102957
444161
28911
277952
326317
186845
880371
56192
415259
380748
259126
186106
543582
286185
976636
736343
220652
917599
123744
330465
996032
955111
952619
502594
129613
604701
452550
255820
929838
408122
770031
130189
619867
938491
39722
31689
520789
326188
438423
463722
351674
183382
557454
528382
387975
971242
987167
249866
487477
633469
678966
868546
297925
589469
163630
342513
959422
917020
710015
574104
794159
333577
16765
483736
359664
663195
164764
12927
703194
638849
498929
367893
111886
74289
602594
946704
670790
132168
91826
259937
328985
25390
141763
571788
778316
402673
660503
74433
139261
662246
437985
458911
31238
685627
597277
277936
696903
457865
321637
557497
828257
946059
600620
176826
745084
597856
184785
87738
441790
572523
970602
669468
531021
960613
526175
623731
545781
324006
252239
359483
139884
747458
350207
609270
840161
717474
457805
113504
109179
265383
558828
984426
989051
690091
305835
945663
508156
640077
570526
56716
837849
695771
246193
578471
501862
56430
120937
547824
958579
627793
229026
866503
421397
188259
457381
87134
845731
102124
231821
503918
508302
416355
98580
701036
280511
124305
793340
59063
840488
163500
906425
296733
943034
587366
323898
531804
511675
798876
959600
147116
312889
912801
368794
80641
466680
56754
929149
473417
602842
169244
601675
110720
48036
426973
466638
8161
407933
868490
932923
507438
575409
356165
777215
172530
833105
277173
388696
841711
179048
941070
441105
293348
383484
404357
934767
679794
156654
629763
472955
876164
633870
881252
357780
212118
268966
453349
67579
901062
392899
600432
142080
69458
611646
186031
834244
135288
737548
570095
85934
603155
854549
180209
801084
136389
874312
402654
29667
262578
912001
437061
101859
831586
521779
987020
157910
961924
151036
241001
602581
285149
957672
159898
71587
587004
111108
509679
692802
531894
167210
661456
183965
657264
689710
92036
640285
583026
384759
334690
