344456
927630
38319
351917
310573
644308
655657
523837
510209
795810
150194
73175
13968
719082
982979
283614
610029
605693
153253
535348
829672
312669
133115
191535
286861
855830
398311
59588
31051
568238
567764
806494
896067
890252
705178
322982
74648
2145
385213
150055
65093
980739
451949
526810
884639
269215
396627
552220
791088
274742
323617
358463
35275
672883
456635
385612
931042
705485
153488
843997
360205
940232
373162
337454
983551
362535
469461
40779
109795
772643
74289
637608
763003
435988
438988
959724
782530
629365
355989
269675
398610
536068
48893
884829
758136
585219
826292
689571
358097
813412
423659
769099
321285
890040
785146
127043
205116
57976
126692
65653
290361
151837
478178
438800
710302
148449
227655
732645
943867
928550
660293
804564
125262
272842
807499
457449
683361
262834
568035
680441
985969
963288
16662
363102
14461
777299
167652
999557
584736
417640
298348
535769
59928
172124
807868
539223
468014
27862
955472
875547
606790
469156
586327
534337
416045
728199
451757
860891
928289
754048
151522
799993
361231
180413
288986
143887
567499
141071
587877
829591
139831
847334
354164
729076
233254
967522
213758
119814
253716
661804
356079
650067
467626
916951
911859
184369
980152
698203
40571
12782
422977
116050
487750
216627
779267
996474
962533
915250
421871
532031
828696
534242
489459
718620
628390
570802
607933
214000
469461
596676
83584
412532
198164
441416
32337
670194
285213
360744
241201
419488
419509
459788
428292
78758
941365
782484
430833
312992
658515
22022
502189
419295
159532
730057
302293
406436
170717
511571
247155
137829
354652
901082
743690
301871
680981
350363
146027
745531
505804
949832
489596
780891
92794
424672
599668
354347
444538
740605
272056
725194
567181
33558
495633
793502
232728
189140
704278
369001
568674
936533
61010
700544
684756
105904
963258
278743
737548
409408
416529
550052
178786
861794
5116
682838
57676
588262
471667
305089
460889
334689
35527
991221
129930
699409
975130
75784
317850
517791
756913
33559
814860
118718
853127
338905
606267
851713
40478
722828
290578
158265
561945
720896
10994
687770
638188
328088
88318
186457
662280
858685
500202
734347
491342
325385
383415
464827
317009
699604
638661
143284
10553
730770
882789
530092
262733
989087
772464
841743
855421
465728
148545
741806
938727
663201
931955
689088
458788
177211
194488
420488
401932
758947
514470
956218
881477
758597
749122
388956
409163
66409
327794
677534
198107
182887
867522
713235
854007
411049
848579
181079
408598
963729
426353
67424
206322
854581
907555
384211
805295
741504
647181
168762
699450
189510
881420
646472
864003
614350
773816
526550
146001
611829
131027
693706
471583
255898
931847
341141
216321
196826
75495
259483
949971
96543
805916
819522
428326
908037
255448
809069
14949
553323
174444
595097
995611
573084
178001
935947
740815
237378
35270
394103
797837
671038
588005
747262
586789
382962
350325
658464
375493
297769
940465
667762
956497
123442
959001
342513
985442
632652
478445
148243
765754
535916
692325
164587
624175
140318
778409
764335
578411
359941
642391
633554
343916
636325
854550
161887
68622
259260
300786
413978
848852
282959
953741
212256
968842
845952
146970
9358
150570
147389
851291
483130
588411
887153
580175
833630
397453
811397
493915
891007
516741
977750
569370
438544
836497
896254
926927
341767
617124
597870
573560
756359
758389
330907
817933
269441
737740
538149
209045
163181
3890
195844
355811
480586
573196
248185
551003
543408
64376
351937
843073
297963
959697
704382
963710
840806
735575
252855
86614
568536
212113
81635
268638
219636
122081
469788
69908
760207
737285
835961
95857
321692
535886
374637
588734
683128
385761
429242
351218
158211
989996
860577
910693
330624
592694
896670
25065
784165
248988
67815
854512
904365
600432
729676
740878
671289
793975
615240
215597
638113
414988
722192
803245
325533
542351
387298
840367
165270
65653
726325
84892
897335
172112
386592
397417
745412
814281
95155
675304
401622
957794
655322
411336
397471
949656
736152
68410
488052
348490
983523
812191
551327
922227
942174
671493
71517
501130
918947
179469
193740
554438
875917
954392
177365
278877
298924
955525
73815
219900
739962
530031
98553
97140
52982
681420
449718
667140
499718
752515
549935
708422
334374
736863
418731
802227
769460
88170
942845
903540
750367
53221
403134
224885
383329
760329
973208
687666
867277
503379
792697
808878
391213
252957
580035
966666
540487
772643
801101
816577
5171
661586
460853
710245
447340
77138
247861
595801
571455
114874
429787
407936
60445
740886
722101
836612
913542
609306
9094
719623
809013
711545
721465
860450
601078
289804
597692
957147
382944
54653
382391
67205
509756
76568
361186
601807
886369
131643
444396
155893
886519
146928
528513
727228
722060
103349
792538
135326
387637
115577
761414
42017
171852
525521
778209
207728
768878
777713
560521
350963
421879
282110
447422
906456
202104
832668
121196
109822
286880
710392
490310
860445
242950
305905
69914
338200
313683
358651
236045
466137
701502
102957
359226
28911
277952
326317
186845
880371
725125
415259
380748
259126
186106
543582
108129
976636
736343
220652
917599
123744
330465
996032
431964
968931
961122
129613
604701
452550
644688
929838
948088
269610
130189
619867
938491
39722
791131
520789
326188
216321
196856
351674
183382
557454
27251
387975
971242
987167
249866
622272
633469
678966
795971
297925
589469
163630
342513
959422
917020
438030
468847
338966
27883
315719
483736
522376
663195
396731
910923
567258
299630
657633
367893
111886
74289
602594
946704
670790
132168
545427
740667
328985
25390
141763
571788
145511
402673
660503
100132
139261
662246
437985
458911
31238
964748
597277
277936
243833
457865
321637
911604
828257
710401
357090
887023
632156
277317
184785
276773
635465
572523
970602
641788
531021
960613
239859
623731
545781
324006
252239
359483
139884
747458
808810
609270
840161
974440
457805
113504
151414
265383
558828
82568
767350
690091
305835
945663
815821
640077
154893
56716
837849
695771
237797
15909
501862
9526
120937
547824
958579
627793
229026
866503
421397
188259
694716
618123
845731
142723
231821
688907
508302
416355
98580
30538
280511
124305
793340
59063
136169
163500
310358
537660
768251
734329
627178
531804
511675
798876
959600
147116
312889
912801
368794
80641
466680
56754
285718
473417
602842
169244
739559
295681
48036
426973
466638
181243
407933
97891
932923
690443
575409
356165
777215
172530
833105
277173
388696
841711
105616
417724
441105
293348
350104
404357
934767
679794
156654
629763
472955
205711
633870
881252
357780
198369
851848
227202
67579
85602
875275
600432
142080
889380
611646
186031
834244
135288
737548
469156
85934
603155
350073
180209
801084
399351
874312
309077
178409
262578
912001
437061
884079
831586
581123
12419
753025
961924
924517
702425
22957
285149
607034
159898
71587
592099
111108
342827
692802
531894
167210
661456
183965
657264
689710
662893
104854
583026
422307
334690
