587408
927630
931935
443201
310573
644308
655657
363591
704377
795810
503441
689774
13968
191650
398535
283614
610029
605693
96179
604810
829672
182682
133115
539408
286861
855830
398311
406533
345242
603309
89924
735500
683860
890252
209008
249683
74648
2145
385213
150055
935891
972900
7565
539587
426412
269215
758470
179298
791088
274742
446655
358463
35275
672883
456635
99308
143973
705485
153488
843997
360205
469186
113959
337454
175405
31577
469461
685827
164305
772643
798436
637608
763003
237506
438988
959724
474599
932964
91602
395276
398610
455486
383616
884829
302263
585219
826292
689571
692201
450792
493888
989519
561196
934479
785146
127043
459194
293792
126692
170857
290361
659814
980071
438800
471161
874542
227655
732645
908241
928550
935160
804564
718365
470149
715782
457449
273894
565277
519365
255342
348292
963288
16662
149066
935482
777299
900346
999557
584736
580208
669099
535769
59928
172124
807868
539223
468014
402373
955472
883602
606790
105376
236677
716902
457623
728199
483775
561020
339431
395472
301600
799993
807660
593516
81628
719412
567499
14763
728514
529380
139831
807835
147696
729076
233254
928662
319710
748927
253716
420917
356079
500435
467626
916951
778459
184369
458491
494974
566224
12782
88832
918043
512024
216627
770541
996474
215716
629129
511680
798534
828696
321938
489459
474367
588801
552260
607933
214000
850600
596676
83584
89612
198164
115501
32337
323345
352493
671363
257129
905411
419509
494957
401623
402788
941365
782484
430833
312992
514041
22022
656870
783614
159532
730057
105704
406436
322698
603654
247155
256281
745894
949234
99392
286630
680981
11468
830866
97891
505804
858516
489596
109638
92794
424672
599668
354347
444538
571178
666816
910086
567181
33558
492061
739952
430394
798232
704278
452454
677324
936533
61010
700544
598876
827290
963258
298830
737548
409408
598828
721888
815682
861794
559392
875859
490090
949563
637980
376598
460889
706700
47855
960585
129930
699409
975130
75784
195538
517791
464722
37946
814860
118718
290891
338905
606267
851713
185164
722828
236178
355268
388068
923051
746985
687770
638188
132009
848796
924993
197418
955446
500202
491013
387888
952557
383415
427740
317009
24109
794518
143284
771602
730770
398726
530092
262733
989087
259290
738937
759064
753824
148545
25614
898569
258077
456506
103948
847334
482237
323602
276035
931315
649555
514470
956218
881477
758597
501133
135326
803282
687147
616331
589963
221570
895782
902294
713235
259712
518255
100260
189130
614586
963729
149853
67424
944096
854581
907555
743979
626807
741504
437412
168762
28391
189510
881420
646472
864003
614350
773816
526550
528970
681056
131027
802967
672617
255898
931847
768648
216321
639217
75495
213700
949971
229439
473546
406563
766629
992133
255448
809069
115943
553323
817408
563020
995611
97976
485317
935947
740815
118863
988505
429390
507581
671038
588005
758597
769715
382962
371864
658464
108815
297769
614399
667762
194995
617386
621654
342513
813355
783106
960324
618523
765754
899869
375916
628876
624175
773099
282699
764335
157533
319577
365213
329126
980759
845219
359458
161887
415963
534719
300786
413978
848852
131041
953741
63451
280064
521550
146970
9358
150570
147389
577010
483130
508367
589058
580175
833630
941183
322388
493915
328890
906302
687330
92351
617510
937763
896254
908782
341767
830757
464304
573560
756359
758389
330907
817933
962820
737740
538149
209045
163181
3890
789682
355811
447730
539507
248185
723840
543408
64376
351937
843073
875237
805778
166389
951075
154351
114134
564565
687755
197227
778498
906378
268638
219636
622893
180254
171660
593350
737285
835961
95857
321692
150884
600034
979945
275977
385761
429242
512774
327249
989996
182618
282218
637734
592694
896670
629562
962941
121632
67815
277702
48523
600432
729676
740878
826038
30459
104183
112225
638113
414988
722192
732709
325533
688544
259747
70218
37835
31244
586062
84892
297122
172112
289391
397417
745412
522256
843701
8937
739380
637359
655322
411336
397471
682694
736152
421371
57615
816473
302683
812191
551327
868580
664534
671493
71517
66964
918947
477244
425918
116020
875917
581332
874693
278877
399379
659202
373026
219900
418483
530031
98553
97140
416498
734316
676572
667140
546149
372884
662363
708422
654660
509134
418731
735069
722933
274724
942845
456599
308214
441920
372444
841069
993016
632092
973208
284374
421864
503379
792697
808878
418934
101893
524447
454297
540487
772643
240559
641966
5171
661586
460853
710245
882903
9989
475432
729211
439153
571708
429787
407936
648087
740886
722101
691775
227290
891547
402517
475481
809013
868992
338480
860450
601078
289804
597692
957147
285566
54653
382391
67205
509756
76568
147605
144207
581009
650410
387504
262337
485261
146928
528513
727228
42402
753886
185203
320539
702440
408697
761414
37045
803023
433311
778209
583500
768878
293017
434172
350963
207039
282110
447422
906456
202104
832668
121196
351901
650512
710392
917132
860445
374632
305905
69914
984155
313683
167781
571963
598667
701502
102957
444161
565029
277952
715883
186845
880371
710054
415259
380748
259126
336918
367464
755331
222509
361376
830574
645265
503699
559193
996032
955111
993046
502594
865031
604701
452550
751842
272379
408122
770031
187256
925992
37979
39722
558805
520789
707668
438423
353095
351674
183382
548830
528382
387975
971242
828298
84556
487477
633469
96521
413329
297925
65413
525946
332564
959422
917020
710015
574104
794159
333577
16765
763345
391858
825486
164764
907045
703194
638849
280821
8431
111886
981643
930998
946704
373852
132168
91826
259937
238524
187542
141763
455018
266168
161990
60201
847839
139261
662246
437985
458911
449674
216325
597277
277936
339279
457865
321637
557497
828257
946059
845387
176826
745084
597856
184785
227288
441790
572523
970602
1389
531021
960613
526175
623731
545781
81770
252239
359483
936342
747458
350207
609270
631763
717474
457805
113504
26552
265383
558828
984426
178413
831189
305835
945663
479295
640077
570526
56716
837849
695771
832931
578471
501862
56430
821872
547824
51197
627793
229026
866503
421397
188259
735942
686902
528692
102124
231821
503918
508302
285811
251023
928879
280511
124305
788012
636661
840488
163500
598754
646968
943034
587366
323898
180333
511675
171002
514041
147116
312889
912801
368794
427067
466680
130565
487354
128543
828136
687786
601675
110720
48036
426973
94756
8161
407933
868490
932923
805051
575409
541914
702026
172530
833105
184036
388696
841711
179048
404873
441105
293348
383484
404357
934767
679794
156654
629763
796451
876164
122578
881252
357780
640980
380110
453349
609351
466144
459095
600432
142080
69458
817964
186031
834244
448196
737548
271214
85934
603155
854549
773438
801084
588507
874312
402654
29667
262578
912001
782181
973923
237955
487749
987020
105158
961924
821155
826307
776226
905484
673592
159898
602541
587004
111108
630677
946822
531894
328201
221340
183965
657264
689710
92036
640285
583026
384759
464738
