605731
747589
54799
969368
510332
580104
564348
10589
730955
410600
203879
408539
580992
801982
424381
843340
50220
654539
746620
285506
46876
443081
97546
440067
263382
611142
331195
795368
228180
971628
742779
394825
217868
40418
209008
653571
506343
670167
886455
51416
410958
785186
443723
750431
277082
470087
528945
215736
441194
220678
824844
499903
243095
453347
344743
454440
525122
164381
942020
697797
737412
318240
632889
209582
929508
784405
572031
896242
704357
220419
99002
637608
171570
811993
786471
304817
909699
21783
287044
444579
194341
846454
980400
611183
740618
508486
141872
989157
897043
719127
194185
600975
746453
614602
593239
575984
400694
29802
646350
321710
977207
203927
463565
88767
51877
482277
114572
608304
909460
347372
169607
536159
785598
407394
156697
675565
503250
35866
33316
336346
738584
617333
970917
453605
701263
813755
188151
785598
220346
684894
226980
781233
59928
603537
144807
51120
553049
993677
500164
194785
669768
832584
744148
716902
653852
522835
756274
107039
980235
344037
9441
712496
468924
285279
697589
517669
333407
116935
132897
195110
757815
228261
522054
499038
170692
928662
830307
771518
528808
149518
26476
238194
112352
272319
960261
411166
474732
252630
223991
239492
799476
253354
614414
241466
753632
484596
962533
164318
628504
299237
346170
742821
829380
820440
917090
219944
402887
608848
180023
931368
540076
870175
475782
679549
181550
540824
633743
648454
746855
229
959312
393030
688809
402788
203593
906792
548611
12871
116272
236533
688150
482515
540250
371180
59631
856546
189938
806056
247155
93815
69412
240602
868287
371603
347372
903178
146027
744218
15378
258041
472395
758495
616762
643500
289107
568621
339764
571178
559313
321704
113444
85785
410029
610095
187853
420743
899702
563577
504758
920667
777468
135141
644310
32977
822492
261235
265764
789985
785053
781305
661812
911568
693845
947899
503766
149782
411426
301485
460889
783227
368798
732433
406580
711809
45288
733549
524614
22582
830060
938028
863087
14929
258104
241127
132649
693327
40478
845068
991146
208401
999461
922266
374848
783047
378243
134989
848796
468547
780629
496705
423277
27886
657579
603254
317322
76021
4737
753338
728174
258128
206481
732170
409874
645393
237581
189390
164501
107141
189736
258283
118847
201576
920046
671197
506198
403673
938082
369182
752979
322142
793510
486272
655756
318781
755617
924136
76901
388956
621061
998152
616331
820769
265785
315916
658106
200003
675541
963987
462394
554035
847316
757743
794104
12972
523074
899333
172976
574670
917855
395103
142773
338846
185973
323280
525588
341725
195443
603484
423043
390877
153824
635484
6264
942512
489304
43906
868342
24232
470306
315394
332437
88960
294730
782876
219115
253664
732636
112966
422730
498907
413856
58926
264699
314520
780306
118563
463892
453780
731738
569474
313024
345241
73498
387946
884688
876009
229026
733557
499440
470306
657605
708423
484310
36796
821235
51120
557395
790132
123925
328668
19101
656883
781425
117931
7612
368385
241763
486555
989667
219464
610271
170995
497080
537836
951471
129802
430831
488863
629649
580463
534953
668503
45288
277210
744180
800835
564450
465873
416489
109527
654272
952074
830490
800267
317537
561471
171415
434728
749064
652795
75659
700976
718001
35056
902898
478942
197632
739421
582975
119074
195486
962086
42548
578568
350810
505892
929927
254842
193872
624397
143283
626158
894557
948991
330648
208766
619675
295409
370917
670778
433662
81937
984533
407394
602538
998298
184212
154351
85311
937151
952340
232903
455311
176103
435170
152227
494228
898696
386107
928915
785034
234429
329326
384352
393027
367164
419731
520808
680844
958032
39437
625133
81255
174582
58437
70362
127351
107141
563442
77439
46599
499836
459069
469860
86269
107461
422730
261768
272364
33701
690302
334845
128174
533171
402887
122967
276471
94725
840367
767504
321710
757310
42742
715143
161908
524712
92135
85892
502190
533160
688838
418945
637359
349600
51120
84288
772957
703743
539444
490018
839551
436295
851640
146574
195254
412952
219588
272517
814328
725242
260920
630711
633633
195708
377750
275363
974422
74411
998930
609130
485114
16101
802533
877256
803811
760843
448499
709277
539825
913183
752515
170425
636751
600890
191177
530136
995561
851384
494685
870935
385338
141821
798863
939841
224885
289107
363863
940002
863949
679419
894517
15377
754059
143208
200003
258128
312083
164405
220419
418040
962150
11232
228647
985326
695871
204765
856979
642472
489904
736688
986127
191080
567404
89523
659328
33552
902300
676333
732155
920970
204492
491295
195925
138084
121662
627565
550511
614608
393032
455180
669645
526783
989782
654389
754852
425404
755912
218269
918042
637608
220724
219177
681161
789202
57442
301309
70809
133651
388956
501492
115577
762397
454831
459075
46970
79336
56882
225048
810397
828725
719855
651876
193908
766735
630109
259094
819896
449256
110509
251830
559455
587840
705056
840218
861594
893827
728079
445352
953592
452279
402926
749846
584803
444161
204472
165765
557143
729259
241763
725125
123277
32121
902739
825272
619771
422108
709700
220724
74492
454639
717991
460889
619105
580992
905084
388190
862786
346035
553080
794178
129873
824233
337282
845916
754077
864093
374848
127466
187625
1160
470306
47086
218771
683154
455262
187265
872523
596130
990957
899635
667365
633469
674449
107463
983565
822686
913601
790132
959422
389373
419731
172664
563307
97897
747845
579016
874381
796404
786866
983809
425071
70850
520449
371843
396587
99002
332247
157846
329242
470469
461846
746535
35717
233328
5240
284637
898037
655756
220263
294905
785013
919669
552776
506172
503822
357044
764969
261701
449263
821290
566130
372908
951434
946059
824497
925748
234417
539479
361972
276773
477181
374365
762794
766151
225916
193866
634655
871386
169036
150734
59188
280286
876401
303995
864531
219083
776551
117284
216448
493239
85020
631466
722060
492613
307903
780102
731002
277644
725581
630109
979001
637202
837849
21558
324220
378466
947399
563832
108479
224310
51197
447693
700976
438761
734789
413713
97587
600605
986210
127671
774656
38433
588175
893978
787993
232758
252703
268398
349819
797131
42345
313662
501091
644400
328829
471318
137458
765646
143598
223801
142605
63559
342653
777468
981204
263716
732409
625969
482759
772115
676541
722060
739559
755217
137348
856449
234417
705989
918595
744218
189437
384086
386120
469067
702026
678580
246257
449263
975550
381730
420126
180325
706618
810580
894355
484310
390274
575759
971448
629763
499265
214250
269019
782585
603154
212118
465823
850376
350810
640323
779644
86269
592982
36275
73010
543350
936540
906627
265764
832584
693635
603155
703242
713471
537148
217447
815997
79698
595036
424865
58175
280015
900652
668048
137475
78064
824844
407255
813610
851384
239187
893359
793555
301309
893981
310247
867856
234793
226205
482515
714551
110699
528808
657264
122086
991446
856249
680996
753327
55914
