488295
808045
806306
689620
934266
966531
436229
740623
359704
203022
113143
805873
729696
420048
149520
756188
838811
241405
794812
516397
418090
902133
981880
851132
147065
921062
114699
840004
83250
17888
66351
906766
441948
789529
964546
932790
945359
53814
358918
522432
447900
825581
797080
822187
503809
471640
957891
271565
327821
237630
650357
80318
121425
537027
69668
57591
88800
823475
596411
167069
359809
270822
666499
370253
33488
179664
486848
35321
983799
179999
182210
225896
887294
790536
720384
809748
80933
144288
795333
356201
222524
378661
541043
420650
776324
684588
418794
726752
356552
323351
388941
257272
578509
339790
300716
882865
475617
215245
715785
916808
287371
571206
353065
773784
386832
729913
579134
906165
334134
66351
493593
704252
962726
627453
176230
972634
176394
360135
750904
293405
280696
651005
860293
742949
77979
420034
653524
21469
876042
368954
580551
56179
719800
728575
733818
25754
773615
59188
225468
581939
788591
913867
980575
290824
836960
604386
60302
489555
251223
255241
18032
161260
801677
200253
608657
527816
429609
155708
58896
447210
877823
871660
204151
172050
618016
99455
516342
642314
993663
66987
680619
397699
669797
610367
599226
188783
204885
993909
443403
808710
747044
75342
255040
269824
443606
929065
226330
565604
203636
337438
538891
522700
185892
754733
74066
858935
751722
782365
846365
96139
388130
81966
635443
912327
556536
891816
94082
707454
672687
26686
338251
151046
258093
674315
825596
688271
787639
176082
359609
561104
554251
516980
3679
556860
985142
493972
401173
237213
777203
231701
259589
957919
454628
8836
474258
27399
666707
315334
985363
408326
321781
727044
67134
226128
400555
57591
7978
961146
287371
237597
804835
318482
858271
325466
715190
929098
747361
686654
131668
306768
534154
754775
899485
18426
692954
973726
870855
536912
270889
768623
694919
288638
805325
923017
324434
272001
94906
136490
222691
725461
289950
989271
83137
640802
236103
753942
329874
510228
375033
308741
338387
561660
944349
15663
233480
669873
172719
115312
402355
935923
538257
291820
305378
528161
173446
16563
289062
805861
117189
200314
873155
21787
6445
938774
770073
377004
522430
979102
441750
245737
8152
101551
754366
90469
852625
420752
314250
984096
565784
134091
869365
919022
330687
590857
143424
542844
287740
316817
160927
612635
822799
198815
398035
614192
377123
818448
996843
351635
865602
243698
91942
444889
873387
710399
624033
903432
29487
549362
769917
93421
351719
638055
128110
163590
170146
402328
367240
589910
306600
405177
509396
133539
745304
717114
998187
272001
340778
363350
391135
230088
696183
424780
892650
602572
21469
21341
385675
39561
537166
59824
620439
419387
58896
389285
233247
635443
430030
38481
923765
56548
927779
957978
790577
776968
459458
798498
738422
505139
562277
774309
991757
155837
565001
118358
605315
447315
524583
384164
843975
97618
140626
772319
812258
248188
247211
672380
289062
691688
845871
752210
155550
26228
355710
993488
713179
121997
654758
241056
33010
383628
731536
340419
30742
726890
13223
846283
487073
760112
512924
786026
862849
553984
978987
475165
469034
151711
83562
872312
516531
274828
344002
874636
159680
884943
151394
490734
818317
692494
386821
859872
406669
346063
809637
195564
895295
768687
262733
654842
167529
275700
689364
441444
556610
51176
420532
477278
85091
767250
235280
276508
985109
452268
505829
398035
741382
496183
961613
726140
35615
169002
881207
752161
85785
213427
85816
689169
354143
102519
462824
965123
601303
558092
812502
480134
313836
829125
485044
447507
264234
932902
375899
15295
446202
142355
229743
534288
696614
345480
552830
754846
369999
136686
51683
614469
374577
503657
707745
478399
421001
712015
110752
309359
641108
419793
676273
530577
214201
951420
757620
797902
842852
119975
828031
548211
421167
307575
939682
199251
436612
461368
74460
720368
732982
596411
982
131177
905591
679470
376673
969098
780867
374131
531950
460064
150869
132401
339790
136171
664396
454194
195900
856382
155328
307951
957941
191790
441481
947973
484614
620250
704605
798540
426426
788492
460318
863313
854977
90804
771761
139663
541824
18206
725906
410697
822189
691688
963179
83115
55824
562071
84112
936271
529190
808139
410663
819929
656013
138051
654842
417670
879962
884542
811549
344145
967562
697035
771442
870310
203992
460174
565800
234753
867522
838269
816766
36105
286417
170253
818448
258827
911484
362239
662754
286340
255241
382298
600346
552837
729019
288058
388246
742438
466822
823475
111587
147073
66351
731734
917673
369329
66987
345338
675269
596257
205760
142165
711212
41382
290168
809389
848992
320844
456263
262181
45599
235764
524203
484681
165692
105177
643838
772309
276556
610790
564542
221653
637411
561493
284245
801020
200390
779233
153753
417373
906165
154543
21728
902272
455985
374553
597967
23116
727734
920929
805713
220739
63655
990683
811318
671523
272802
90439
669579
711642
346063
477029
336640
945436
665508
502169
739524
82392
420686
533262
328020
790802
889486
727045
447507
651509
861649
142751
664496
565981
953201
880690
195435
969771
394898
835435
37412
500760
156966
826610
860868
677382
840117
443611
212922
234316
913912
936297
668385
599641
272718
321334
421697
502388
415747
299030
38139
842528
911835
551459
271998
779917
147720
959975
809369
249698
121997
901668
594693
93421
319640
277727
73289
764319
200554
227513
387124
543188
830903
602742
111587
356702
53581
109510
175153
50219
308486
889567
570650
2006
921465
725906
817693
350046
756443
364632
415028
563662
598014
867275
118970
111712
327974
620693
496628
307521
793570
616471
15726
443606
679470
604299
499681
247845
702045
288638
292269
635886
471807
460318
773528
831506
892380
207129
117784
783845
452268
607873
678625
332482
350221
504377
577661
39277
294989
852852
890792
785687
781764
335270
26685
692720
84293
267042
634350
246862
612710
991757
124927
719381
416299
470595
469131
822337
942673
482127
798715
435931
195435
337647
10481
957891
763816
295692
20908
123247
600177
550704
786700
990460
893980
217892
667761
407251
751066
767887
373610
147090
39821
477672
303349
704938
484119
600974
705880
728331
441948
3535
200052
842529
25754
568998
235702
949464
290268
994811
155477
974534
782839
758760
793990
642815
393476
615437
85105
368429
851498
67844
697551
525238
859032
136323
414593
883332
578768
101283
182407
380104
905024
449425
598033
778471
155380
316621
565784
469432
882334
719870
980447
495408
242636
662794
808805
991969
999276
823595
489292
125220
699991
282815
292269
434949
322968
798715
447637
54488
117839
570650
743912
125267
377004
668565
759439
662794
489131
970546
752837
946488
457028
115606
486479
483769
410687
614469
69357
406339
360522
677835
809748
118349
711241
18586
715369
508578
122164
987984
563317
893786
55651
6445
389867
416720
602726
538103
956620
55103
768474
970006
824211
549086
979246
416401
729696
531281
226512
381050
