488295
808045
401712
748402
934266
966531
436229
161554
866652
982022
113143
484824
497067
420048
149520
756188
130318
241405
794812
160759
498086
902133
981880
504999
147065
921062
114699
840004
83250
17888
66351
906766
11938
464830
703383
932790
945359
803617
358918
558381
389686
825581
351191
822187
503809
50713
957891
271565
429435
237630
54314
428780
786451
537027
69668
57591
88800
823475
596411
167069
733528
270822
286108
370253
212885
303287
486848
645279
716324
179999
182210
903243
201710
864631
729526
809748
703714
144288
795333
450214
222524
201319
541043
102979
776324
87572
418794
726752
171792
956158
388941
257272
7721
339790
300716
882865
509952
960080
739346
916808
287371
546277
353065
773784
386832
729913
579134
28062
721226
66351
229261
180591
262101
745195
176230
211507
965082
360135
750904
293405
497621
651005
669675
742949
77979
420034
680595
401378
876042
788294
580551
56179
719800
728575
733818
25754
133213
59188
225468
581939
788591
877805
862744
290824
29723
100086
60302
489555
998083
999364
140689
874148
801677
798418
608657
527816
429609
155708
58896
447210
877823
817960
822447
172050
618016
99455
516342
642314
993663
66987
723371
960323
251038
610367
599226
188783
204885
556593
588192
808710
747044
75342
255040
952347
195188
929065
226330
565604
127517
624460
538891
154943
965587
754733
687241
858935
751722
723184
385130
96139
388130
81966
635443
540101
556536
891816
94082
707454
672687
708290
338251
151046
258093
674315
332468
945884
787639
176082
359609
263444
1615
45435
3679
556860
777882
528153
902478
237213
777203
683288
259589
957919
381327
8836
474258
26287
871868
315334
985363
145826
388309
493811
135906
226128
709578
57591
7978
775934
287371
237597
228477
796170
858271
325466
715190
929098
599303
686654
103443
304132
970584
754775
658405
18426
692954
973726
870855
536912
34099
381733
694919
288638
805325
812914
764229
969038
94906
365193
60582
520410
805595
715123
83137
640802
37110
753942
121704
694387
375033
308741
338387
463963
944349
15663
619453
669873
172719
214406
402355
935923
538257
291820
241539
528161
173446
16563
289062
805861
117189
200314
873155
21787
6445
761797
543739
787143
522430
366870
672236
788342
250697
382597
181991
90469
852625
725925
812871
440821
261713
134091
869365
33237
330687
590857
143424
135053
248635
316817
160927
612635
822799
779372
208234
614192
115145
818448
996843
848842
865602
243698
91942
444889
667017
710399
624033
903432
504207
549362
996226
93421
99748
638055
562636
163590
316466
664132
826451
589910
306600
405177
509396
557963
745304
174943
998187
969038
340778
363350
611478
871490
696183
314069
892650
602572
401378
21341
334371
167441
537166
59824
620439
419387
58896
389285
233247
635443
95538
38481
923765
212566
32536
957978
790577
573337
600814
798498
738422
505139
109223
623200
991757
851690
5340
949880
385656
447315
524583
384164
843975
226888
986538
427051
812258
11335
378687
115010
289062
691688
455208
121358
407876
21214
355710
993488
932852
121997
749992
191782
213851
334369
731536
340419
30742
847642
13223
846283
487073
560727
827038
786026
465724
708315
60291
904602
469034
151711
83562
858870
40751
274828
625510
874636
841071
884943
151394
490734
818317
879405
398783
859872
406669
348616
207737
870228
436442
768687
262733
52564
167529
134670
279107
441444
693443
183364
420532
591436
85091
767250
235280
336434
185679
452268
186104
208234
741382
457863
137503
737608
35615
169002
881207
124525
467657
772008
874816
306583
354143
450955
462824
355204
774124
558092
714264
480134
313836
757600
485044
626596
264234
932902
375899
513073
130312
142355
229743
590342
468593
578585
552830
334946
369999
136686
867359
614469
368187
596711
707745
881056
327250
712015
110752
309359
641108
419793
676273
786703
214201
951420
757620
797902
902187
480272
620362
272364
421167
625029
939682
199251
227189
461368
74460
720368
732982
596411
982
131177
538377
883471
581880
734249
780867
122377
785795
580088
787613
338635
339790
362791
16141
454194
195900
856382
590703
307951
957941
191790
441481
947973
484614
809583
704605
798540
426426
644286
50446
565820
854977
509460
991185
139663
541824
950833
725906
410697
485941
691688
963179
83115
55824
983129
280004
936271
529190
808139
296821
819929
656013
138051
52564
417670
836852
884542
951201
344145
967562
697035
771442
981298
811225
460174
565800
234753
867522
838269
717999
44000
286417
170253
818448
258827
980511
362239
662754
286340
999364
4061
600346
552837
729019
288058
559612
200249
750718
823475
111587
147073
66351
731734
917673
369329
66987
802976
675269
596257
205760
122654
711212
41382
561449
809389
848992
84695
456263
937978
45599
235764
524203
237495
924673
841153
392036
57803
276556
47253
564542
802490
49863
795003
284245
801020
200390
779233
153753
160629
28062
154543
21728
39017
185367
996956
597967
23116
775375
920929
805713
460503
63655
162140
763140
671523
489845
90439
783679
738179
348616
576565
336640
945436
665508
502169
1015
561702
420686
863022
328020
790802
889486
68623
626596
651509
861649
356198
664496
565981
577074
880690
195435
590219
394898
835435
37412
29898
156966
730216
567181
677382
999532
443611
212922
5218
821675
936297
668385
599641
272718
399617
787789
412099
415747
299030
38139
842528
436456
551459
271998
779917
147720
959975
809369
433333
121997
413100
16293
93421
817341
277727
73289
800053
200554
625218
387124
884231
830903
563899
111587
356702
53581
109510
94200
50219
308486
889567
570650
2006
280018
725906
962531
350046
251572
979582
415028
773723
561318
867275
118970
956061
376291
620693
496628
738263
793570
616471
15726
195188
883471
787995
499681
494386
702045
288638
292269
635886
471807
50446
773528
342375
297700
207129
836700
783845
452268
327744
630271
332482
928323
504377
836497
876312
279604
852852
597097
785687
169046
335270
26685
382512
84293
15788
634350
99896
612710
991757
124927
64692
789934
470595
117625
826320
942673
482127
842338
435931
195435
968938
10481
957891
708301
295692
811869
123247
487700
801394
786700
990460
893980
217892
667761
407251
751066
767887
373610
147090
387093
407073
761169
704938
484119
600974
705880
427089
11938
3535
262435
842529
25754
568998
235702
949464
290268
994811
155477
974534
848959
758760
793990
642815
127633
615437
387159
671174
333659
67844
697551
249129
859032
136323
49010
118227
578768
375568
324997
411026
905024
449425
598033
986514
237982
316621
261713
469432
882334
382673
980447
495408
242636
662794
808805
935384
80592
823595
489292
125220
699991
667614
292269
434949
322968
842338
194452
54488
117839
570650
743912
125267
787143
668565
759439
662794
489131
608632
752837
916948
439077
115606
219827
297733
410687
614469
69357
31427
360522
677835
809748
118349
711241
18586
715369
508578
716321
987984
744794
893786
390419
6445
389867
416720
602726
831154
956620
55103
796809
207926
824211
232581
979246
416401
497067
531281
226512
381050
