623160
808045
17588
201059
533567
669858
520638
111944
340557
223112
78829
484824
953678
443745
744023
628064
268735
241405
628165
697014
490438
902133
6712
504999
147065
921062
913580
343662
564970
762186
613550
354802
463181
70571
311301
163068
371031
121001
28314
379521
59866
84218
982082
708527
430053
368257
957891
847820
87224
282313
498645
912739
852348
183699
75303
551409
213310
808522
485626
108483
796555
46539
735857
723043
125318
203300
471072
865831
165303
826946
534417
822655
318652
756969
56269
809748
916761
599957
657592
680707
399679
929775
525380
575362
525770
746688
859083
658764
686624
71254
240123
176928
116330
654424
158603
769773
206069
638692
46452
776284
287371
260718
120803
297909
591348
219799
539141
906165
203013
613550
821433
7887
233791
481144
106384
635594
910690
424452
446689
76911
802660
477697
406909
190015
618503
750090
361545
327883
387085
699219
350605
378092
531162
672051
873704
188848
405880
458067
518726
705480
860064
331317
980575
392965
93154
151588
377797
489555
210705
930786
780413
349775
913943
470047
792102
527816
429609
327200
117973
447210
230981
871660
226881
172050
515832
251801
516342
216417
248814
748970
680619
631903
19143
509441
248228
188783
706351
332430
945897
860112
747044
873652
3688
269824
645893
335766
50366
456244
825600
337438
351718
464272
965587
754733
761759
858935
219467
782365
666619
179608
274122
893507
654232
524160
434718
251633
10182
689684
869911
897349
958899
100377
755120
35792
514547
187531
61830
826975
197277
24271
415775
138223
745809
549399
622242
600044
453719
476825
867019
456240
827947
19013
444663
271221
995630
283080
587687
792547
409903
601324
466889
870424
881968
283209
312795
551409
340999
627655
287371
457282
657507
318482
857788
325466
715190
240480
903520
932399
794496
78993
371578
754775
567061
274328
812252
963633
870855
520282
455576
768623
384488
104812
679453
1690
864299
647754
94906
136490
834518
884116
949005
557926
502789
614755
662234
100431
66779
694387
692306
301896
85418
450854
821267
355657
852235
832985
312868
299113
523062
935923
18935
340907
598237
925832
921456
156303
443252
418293
141447
651860
358062
575528
6445
173489
501354
971555
27933
366870
324026
701125
324598
390459
41233
329203
135528
420752
903481
511562
665160
249570
657695
638498
535542
18804
879512
69877
660611
476982
445322
690926
239335
75890
751014
748865
533845
11072
276480
510158
865602
860805
326724
209636
778533
718053
768540
895448
941037
459315
922595
851748
553239
21516
325304
148501
527806
920172
308270
919395
939731
981728
290232
556128
170962
172845
381884
647754
811877
719035
863219
398784
819165
325566
892650
435962
327883
783692
782777
149448
992021
559731
620439
419387
117973
531558
631459
654232
430030
344886
275551
291153
357702
624718
790577
403547
505691
279605
721029
823753
339790
87887
934363
821042
734198
446253
918131
270748
937828
125178
818699
268421
755351
80401
351537
20643
664371
259369
443252
442601
91795
965446
677724
273634
355710
612250
213752
939667
255679
989405
223130
332368
779510
530966
30742
717337
272693
839885
317529
117343
276160
254215
96279
189332
960404
239433
469034
845563
385424
858870
588996
993524
626005
752163
378708
360416
268048
118180
953155
269075
812453
166889
559704
28769
221729
138458
442370
768687
731105
326713
314304
793200
67053
589289
948482
335264
449590
915154
618882
621508
702978
276508
448706
30970
186104
751014
741382
501949
833300
737608
183033
322996
655145
838873
352617
717496
692020
101811
201447
351677
137006
642878
927610
489593
203216
137095
238739
295198
980058
716877
939259
932902
234527
807939
86893
707752
815296
687258
909669
263614
654716
18940
596459
833393
638675
142390
333194
638433
169715
861491
695494
306465
655296
960088
923864
906346
230842
599146
575618
79655
755968
797902
902187
425597
1228
298819
501224
668929
18481
65715
655609
93649
421592
875674
275319
485626
733777
131177
668225
622670
842531
983130
218375
957485
639811
460064
175146
494802
654424
362791
242964
242202
470295
887439
549412
83802
397713
475049
20958
119446
522520
901383
691027
313866
123391
148965
302987
779539
290773
905259
294319
630831
528668
36581
365010
557085
986844
442601
464190
911672
944724
124334
384468
385452
352008
209435
575022
498652
404214
129907
326713
417670
137126
660704
487567
344145
79426
342329
430131
142983
771410
803790
413277
332155
668552
791881
43319
435681
872943
375871
11072
790612
571947
196449
543191
695515
930786
673099
180434
326101
205458
17338
388246
742438
242876
808522
168453
867298
613550
96391
179567
209503
748970
927065
171694
386334
205760
774742
656121
801640
226426
29885
753036
258162
446476
262181
397183
235764
186967
865914
292719
459858
155787
137920
174510
651764
756986
59443
332076
561493
609330
367506
279165
574594
460163
249797
906165
842514
371409
386608
495316
374553
926773
194107
176559
920929
106505
127688
949860
971157
896615
94208
283239
470744
687593
711642
28769
791713
22595
132233
556675
140178
251450
13311
222160
358371
582969
956415
70891
174444
716877
132591
226209
356198
916163
189871
877097
548319
213705
972981
290785
835435
275117
663492
156966
194006
424789
479766
840117
935715
835962
906183
499526
756456
118018
280679
788269
554953
954696
844008
904646
506576
802789
390459
296163
938148
320174
14784
713321
312620
200356
620576
939667
998152
509301
851748
724327
300685
948698
310739
200554
206307
767971
891953
830903
422282
168453
837750
53581
44114
946439
728505
893943
23052
664625
796593
298076
365010
303057
493789
507790
242726
297879
846690
454433
867275
894563
771083
50778
742379
960474
612443
53313
921754
459539
645893
622670
733967
955302
727013
728441
104812
466710
803457
839238
302987
372602
206191
509353
260923
513159
793671
30970
108904
678625
627529
331679
117377
769891
590627
283501
775259
598331
306515
795331
423766
535961
212280
807452
239635
102009
893430
161077
934363
509022
168026
863491
670609
802248
986529
407897
276072
333902
438368
213705
54189
256517
957891
135628
904877
144777
369110
618768
714406
476888
573644
711034
530004
304760
407251
574166
350762
373610
950035
765788
562656
393734
704938
648768
653727
193269
839702
463181
947724
429411
379411
188848
755707
940401
760877
822009
862781
108680
321632
639004
429557
51938
642815
127633
579801
771695
738011
67727
601368
705528
479560
859032
260217
414593
295121
38004
319520
324997
821019
548001
204585
598033
458691
527363
47858
665160
469432
882334
340059
217815
289685
531750
64649
806240
73303
690366
99908
134554
777142
699991
722087
466710
929896
511047
333902
170704
526151
437567
664625
314393
789791
971555
157155
915873
64649
568933
644021
860735
43255
90104
778867
957288
938973
662892
142390
69357
625359
381670
372038
809748
269534
959550
774202
785540
533689
429814
158
865368
332197
636908
6445
738735
416134
602726
86918
516304
680017
53994
370293
361611
759661
673910
625935
953678
141728
509472
308093
